0.000000
0.000000
0.000000
0.000000
0.000000
0.000000
4.705270
10.648168
17.000892
22.935640
27.624610
30.240000
30.204237
27.940672
24.122885
19.424457
14.518969
10.080000
6.637781
4.149143
2.427566
1.286530
0.539514
0.000000
0.000000
0.000000
0.000000
0.000000
0.000000
0.000000
1.132560
2.550951
4.085033
5.564663
6.819699
7.680000
8.020680
7.897886
7.413018
6.667479
5.762673
4.800000
3.864719
2.977507
2.142896
1.365420
0.649610
0.000000
0.000000
0.000000
0.000000
0.000000
0.000000
0.000000
1.224615
2.743031
4.375512
5.942324
7.263732
8.160000
8.501096
8.355790
7.842554
7.079863
6.186187
5.280000
4.451003
3.673811
2.894270
2.058225
1.111520
0.000000
0.000000
0.000000
0.000000
0.000000
0.000000
0.000000
3.796089
8.583660
13.704274
18.499495
22.310882
24.480000
24.547416
22.849728
19.922538
16.301452
12.522071
9.120000
6.507579
4.604095
3.205572
2.108032
1.107501
0.000000
0.000000
0.000000
0.000000
0.000000
0.000000
0.000000
4.194463
9.509229
15.213731
20.577404
24.869682
27.360000
27.535435
25.753637
22.589901
18.619520
14.417788
10.560000
7.497131
5.182890
3.446666
2.117850
1.025831
0.000000
0.000000
0.000000
0.000000
0.000000
0.000000
0.000000
2.958710
6.677898
10.659593
14.405823
17.418616
19.200000
19.400233
18.262493
16.178191
13.538735
10.735535
8.160000
6.113693
4.538795
3.287642
2.212568
1.165909
0.000000
0.000000
0.000000
0.000000
0.000000
0.000000
0.000000
4.132994
9.345237
14.907395
20.090132
24.164112
26.400000
26.291920
24.227837
20.819178
16.677368
12.413834
8.640000
5.825994
3.876748
2.555893
1.627061
0.853886
0.000000
0.000000
0.000000
0.000000
0.000000
0.000000
0.000000
3.597593
8.182564
13.135101
17.835394
21.663631
24.000000
24.403303
23.146796
20.682344
17.461816
13.937078
10.560000
7.695860
5.363587
3.495524
2.024010
0.881389
0.000000
0.000000
0.000000
0.000000
0.000000
0.000000
0.000000
1.135558
2.516550
4.002233
5.451864
6.724700
7.680000
8.211178
8.348279
8.155508
7.697069
7.037165
6.240000
5.359732
4.410334
3.395734
2.319860
1.186639
0.000000
0.000000
0.000000
0.000000
0.000000
0.000000
0.000000
3.136240
7.032565
11.138039
14.901727
17.772693
19.200000
18.807368
16.917133
14.026287
10.631822
7.230729
4.320000
2.280956
1.032237
0.376813
0.117652
0.057725
0.000000
0.000000
0.000000
0.000000
0.000000
0.000000
0.000000
1.057148
2.458759
4.037343
5.625405
7.055455
8.160000
8.809269
9.024379
8.864169
8.387476
7.653141
6.720000
5.645776
4.483725
3.285983
2.104690
0.991983
0.000000
0.000000
0.000000
0.000000
0.000000
0.000000
0.000000
1.561500
3.495609
5.606420
7.698027
9.574522
11.040000
11.941929
12.301286
12.182419
11.649682
10.767426
9.600000
8.210782
6.659249
5.003902
3.303243
1.615775
0.000000
0.000000
0.000000
0.000000
0.000000
0.000000
0.000000
3.298337
7.404982
11.828203
16.076267
19.657444
22.080000
22.985041
22.545017
21.065214
18.850919
16.207419
13.440000
10.801498
8.334950
6.030940
3.880055
1.872880
0.000000
0.000000
0.000000
0.000000
0.000000
0.000000
0.000000
3.918194
8.768760
13.924960
18.760057
22.647316
24.960000
25.258257
23.849777
21.229137
17.890910
14.329673
11.040000
8.402111
6.338797
4.658494
3.169637
1.680660
0.000000
0.000000
0.000000
0.000000
0.000000
0.000000
0.000000
5.953581
13.432179
21.353957
28.637078
34.199705
36.960000
36.179044
32.489584
26.867286
20.287812
13.726829
8.160000
4.330243
2.049484
0.896901
0.451674
0.292981
0.000000
0.000000
0.000000
0.000000
0.000000
0.000000
0.000000
3.367597
7.722816
12.442660
16.904135
20.484247
22.560000
22.694070
21.191813
18.544252
15.242413
11.777321
8.640000
6.209454
4.416600
3.080333
2.019547
1.053138
0.000000
0.000000
0.000000
0.000000
0.000000
0.000000
0.000000
3.853653
8.740701
14.002002
18.978414
23.010794
25.440000
25.799498
24.393187
21.717575
18.269168
14.544474
11.040000
8.148355
5.846550
4.007699
2.504915
1.211311
0.000000
0.000000
0.000000
0.000000
0.000000
0.000000
0.000000
3.123312
7.030997
11.205783
15.130394
18.287558
20.160000
20.384113
19.210953
17.045240
14.291696
11.355042
8.640000
6.460235
4.765192
3.413258
2.262823
1.172274
0.000000
0.000000
0.000000
0.000000
0.000000
0.000000
0.000000
3.933316
8.908356
14.259834
19.322459
23.430944
25.920000
26.318458
24.931628
22.258938
18.799817
15.053695
11.520000
8.592852
6.245132
4.344415
2.758271
1.354276
0.000000
0.000000
0.000000
0.000000
0.000000
0.000000
0.000000
3.664386
8.265718
13.201971
17.871119
21.671138
24.000000
24.430100
23.231508
20.848713
17.726203
14.308470
11.040000
8.275214
6.008251
4.143178
2.584067
1.234984
0.000000
0.000000
0.000000
0.000000
0.000000
0.000000
0.000000
2.877499
6.480901
10.362528
14.074704
17.169754
19.200000
19.843180
19.278685
17.811316
15.745877
13.387170
11.040000
8.943112
7.071027
5.332210
3.635123
1.888232
0.000000
0.000000
0.000000
0.000000
0.000000
0.000000
0.000000
5.746071
12.993482
20.788407
28.177020
34.205493
37.920000
38.642458
36.797756
33.086526
28.209402
22.867016
17.760000
13.444098
9.895496
6.945489
4.425373
2.166445
0.000000
0.000000
0.000000
0.000000
0.000000
0.000000
0.000000
5.595751
12.619019
20.168441
27.342653
33.240294
36.960000
37.855847
36.303664
32.934720
28.380282
23.271620
18.240000
13.800862
10.006325
6.792681
4.096218
1.853228
0.000000
0.000000
0.000000
0.000000
0.000000
0.000000
0.000000
2.825206
6.260649
9.889089
13.293288
16.056005
17.760000
18.111805
17.313037
15.689085
13.565336
11.267178
9.120000
7.367573
5.927201
4.634571
3.325370
1.835284
0.000000
0.000000
0.000000
0.000000
0.000000
0.000000
0.000000
6.994154
15.866839
25.414910
34.435224
41.724635
46.080000
46.649927
43.990043
39.007729
32.610363
25.705327
19.200000
13.819470
9.559654
6.234175
3.656657
1.640724
0.000000
0.000000
0.000000
0.000000
0.000000
0.000000
0.000000
2.958428
6.608315
10.503537
14.197973
17.245501
19.200000
19.742983
19.066512
17.490281
15.333988
12.917329
10.560000
8.509638
6.725639
5.095340
3.506076
1.845184
0.000000
0.000000
0.000000
0.000000
0.000000
0.000000
0.000000
5.954282
13.452855
21.471217
28.984864
34.969293
38.400000
38.559964
35.962092
31.426771
25.774390
19.825337
14.400000
10.139194
6.965443
4.621698
2.850908
1.396025
0.000000
0.000000
0.000000
0.000000
0.000000
0.000000
0.000000
4.312214
9.805571
15.812550
21.665628
26.697285
30.240000
31.796772
31.552690
29.863363
27.084399
23.571408
19.680000
15.727363
11.877001
8.254000
4.983443
2.190415
0.000000
0.000000
0.000000
0.000000
0.000000
0.000000
0.000000
1.688640
3.654667
5.783448
7.960353
10.070747
12.000000
13.640552
14.913139
15.745568
16.065649
15.801190
14.880000
13.269152
11.092778
8.514278
5.697050
2.804491
0.000000
0.000000
0.000000
0.000000
0.000000
0.000000
0.000000
5.612815
12.550896
19.936448
26.891679
32.538794
36.000000
36.654787
34.911780
31.436889
26.896023
21.955090
17.280000
13.388037
10.201983
7.495995
5.044231
2.620847
0.000000
0.000000
0.000000
0.000000
0.000000
0.000000
0.000000
8.446368
19.130199
30.647485
41.594219
50.566393
56.160000
57.372573
54.807805
49.470930
42.367182
34.501794
26.880000
20.310007
14.811915
10.208795
6.323721
2.979765
0.000000
0.000000
0.000000
0.000000
0.000000
0.000000
0.000000
6.235955
14.014385
22.395648
30.440101
37.208099
41.760000
43.408783
42.477924
39.543518
35.181664
29.968458
24.480000
19.208912
14.313921
9.870281
5.953245
2.638067
0.000000
0.000000
0.000000
0.000000
0.000000
0.000000
0.000000
2.648809
5.900506
9.588284
13.545331
17.604840
21.600000
25.346973
28.593804
31.071507
32.511097
32.643590
31.200000
28.029965
23.457611
17.925689
11.876947
5.754134
0.000000
0.000000
0.000000
0.000000
0.000000
0.000000
0.000000
10.057366
22.399388
35.511362
47.878590
57.986369
64.320000
65.799589
63.084477
57.268814
49.446747
40.712426
32.160000
24.670944
18.276036
12.793383
8.041089
3.837260
0.000000
0.000000
0.000000
0.000000
0.000000
0.000000
0.000000
8.331400
18.709564
29.835998
40.412211
49.139709
54.720000
56.222208
54.185923
49.518352
43.126704
35.918184
28.800000
22.499769
17.026745
12.210592
7.880974
3.867555
0.000000
0.000000
0.000000
0.000000
0.000000
0.000000
0.000000
9.463141
21.247085
33.772288
45.459204
54.728290
60.000000
60.173165
56.060118
48.951569
40.138227
30.910801
22.560000
16.084200
11.312443
7.781437
5.027889
2.588507
0.000000
0.000000
0.000000
0.000000
0.000000
0.000000
0.000000
9.240109
21.002677
33.767827
46.015682
56.226365
62.880000
64.876197
62.792516
57.626008
50.373720
42.032701
33.600000
25.901771
19.080591
13.108142
7.956106
3.596165
0.000000
0.000000
0.000000
0.000000
0.000000
0.000000
0.000000
5.011357
11.138937
17.746166
24.196469
29.853272
34.080000
36.391187
36.905800
35.893913
33.625601
30.370939
26.400000
21.970560
17.291195
12.558181
7.967793
3.716307
0.000000
0.000000
0.000000
0.000000
0.000000
0.000000
0.000000
5.405376
11.968906
18.928363
25.521516
30.986138
34.560000
35.696371
34.710512
32.133186
28.495151
24.327169
20.160000
16.409142
13.029045
9.858895
6.737880
3.505186
0.000000
0.000000
0.000000
0.000000
0.000000
0.000000
0.000000
10.667062
24.073282
38.396173
51.813248
62.502019
68.640000
68.951360
64.346899
56.284075
46.220345
35.613168
25.920000
18.280833
12.565790
8.327528
5.118704
2.491976
0.000000
0.000000
0.000000
0.000000
0.000000
0.000000
0.000000
7.489040
17.003328
27.369216
37.413056
45.961200
51.840000
54.187418
53.387855
50.137322
45.131828
39.067384
32.640000
26.427953
20.538584
14.961497
9.686300
4.702599
0.000000
0.000000
0.000000
0.000000
0.000000
0.000000
0.000000
10.077861
22.661288
36.231747
49.270706
60.259635
67.680000
70.421119
69.003706
64.356325
57.407538
49.085908
40.320000
31.897662
24.043887
16.842954
10.379142
4.736731
0.000000
0.000000
0.000000
0.000000
0.000000
0.000000
0.000000
6.551624
14.610902
23.409606
32.179509
40.152382
46.560000
50.787492
52.833423
52.849716
50.988295
47.401082
42.240000
35.718408
28.295406
20.491528
12.827311
5.823290
0.000000
0.000000
0.000000
0.000000
0.000000
0.000000
0.000000
5.734976
12.475888
19.571791
26.371741
32.224792
36.480000
38.647885
38.884825
37.508664
34.837244
31.188408
26.880000
22.206817
17.371477
12.553552
7.932616
3.688241
0.000000
0.000000
0.000000
0.000000
0.000000
0.000000
0.000000
5.307127
11.738121
18.537943
24.951556
30.223921
33.600000
34.542198
33.382692
30.671100
26.957041
22.790135
18.720000
15.170746
12.064444
9.197656
6.366945
3.368872
0.000000
0.000000
0.000000
0.000000
0.000000
0.000000
0.000000
11.032200
24.915200
39.729239
53.554559
64.471399
70.560000
70.485269
65.250778
56.444766
45.655473
34.471138
24.480000
16.906725
11.521689
7.731695
4.943547
2.564048
0.000000
0.000000
0.000000
0.000000
0.000000
0.000000
0.000000
9.959727
22.610669
36.234497
49.112881
59.527492
65.760000
66.593259
62.814856
55.713559
46.578138
36.697362
27.360000
19.600568
13.436573
8.631265
4.947899
2.149726
0.000000
0.000000
0.000000
0.000000
0.000000
0.000000
0.000000
3.054896
6.834679
10.983215
15.144370
18.962010
22.080000
24.211504
25.346874
25.545759
24.867809
23.372673
21.120000
18.192422
14.764492
11.033749
7.197728
3.453967
0.000000
0.000000
0.000000
0.000000
0.000000
0.000000
0.000000
6.025672
13.521548
21.689275
29.730495
36.846855
42.240000
45.294058
46.123094
45.023658
42.292297
38.225562
33.120000
27.284763
21.079408
14.876094
9.046982
3.964231
0.000000
0.000000
0.000000
0.000000
0.000000
0.000000
0.000000
2.238783
4.772379
7.596044
10.705032
14.094599
17.760000
21.626865
25.342319
28.483860
30.628988
31.355202
30.240000
27.040423
22.231679
16.468516
10.405683
4.697928
0.000000
0.000000
0.000000
0.000000
0.000000
0.000000
0.000000
3.269367
7.128907
11.523180
16.396746
21.694166
27.360000
33.246646
38.837853
43.525206
46.700291
47.754693
46.080000
41.324048
34.159682
25.515998
16.322092
7.507061
0.000000
0.000000
0.000000
0.000000
0.000000
0.000000
0.000000
7.265083
15.728862
24.520790
32.770320
39.606906
44.160000
45.802507
44.881133
41.986037
37.707378
32.635313
27.360000
22.358224
17.653273
13.155061
8.773502
4.418510
0.000000
0.000000
0.000000
0.000000
0.000000
0.000000
0.000000
11.496722
25.870295
41.210065
55.605377
67.145573
73.920000
74.588517
70.093044
61.946020
51.659880
40.747061
30.720000
22.749212
16.637527
11.845855
7.835104
4.066182
0.000000
0.000000
0.000000
0.000000
0.000000
0.000000
0.000000
13.925580
31.481755
50.231904
67.739408
81.567647
89.280000
89.180822
82.538357
71.361823
57.660441
43.443427
30.720000
21.044467
14.151485
9.320802
5.832163
2.965313
0.000000
0.000000
0.000000
0.000000
0.000000
0.000000
0.000000
11.123622
25.412375
41.139324
56.577534
70.000071
79.680000
84.324200
84.374798
80.707736
74.198955
65.724396
56.160000
46.266246
36.341766
26.569731
17.133311
8.215678
0.000000
0.000000
0.000000
0.000000
0.000000
0.000000
0.000000
15.579375
34.856793
55.496910
75.164380
91.523859
102.240000
105.625017
102.581356
94.659020
83.408012
70.378338
57.120000
44.907223
33.911117
24.027012
15.150237
7.176123
0.000000
0.000000
0.000000
0.000000
0.000000
0.000000
0.000000
13.906197
31.134403
49.581252
67.143378
81.717416
91.200000
94.069122
91.128212
83.762058
73.355446
61.293164
48.960000
37.523980
27.286080
18.330517
10.741506
4.603262
0.000000
0.000000
0.000000
0.000000
0.000000
0.000000
0.000000
3.025074
6.515166
10.365990
14.473261
18.732692
23.040000
27.246966
31.029647
34.020166
35.850649
36.153219
34.560000
30.867061
25.526247
19.153345
12.364144
5.774433
0.000000
0.000000
0.000000
0.000000
0.000000
0.000000
0.000000
7.029338
15.456731
24.380837
32.900312
40.113814
45.120000
47.255637
46.809931
44.310198
40.283755
35.257917
29.760000
24.241448
18.850211
13.658370
8.738001
4.161185
0.000000
0.000000
0.000000
0.000000
0.000000
0.000000
0.000000
7.677596
17.139560
27.216339
36.738375
44.536114
49.440000
50.619934
48.603646
44.258322
38.451149
32.049313
25.920000
20.729335
16.339189
12.410373
8.603697
4.579969
0.000000
0.000000
0.000000
0.000000
0.000000
0.000000
0.000000
15.564201
35.217977
56.288886
76.104487
91.992339
101.280000
102.089357
95.719606
84.264271
69.816876
54.470944
40.320000
29.005038
20.356932
13.754030
8.574677
4.197218
0.000000
0.000000
0.000000
0.000000
0.000000
0.000000
0.000000
12.241880
27.823518
44.887533
61.576541
76.033158
86.400000
91.290878
91.204372
87.110257
79.978308
70.778297
60.480000
49.914609
39.358993
28.951437
18.830229
9.133654
0.000000
0.000000
0.000000
0.000000
0.000000
0.000000
0.000000
18.724873
41.940159
66.732586
90.188883
109.395778
121.440000
124.243157
119.066376
108.005663
93.157025
76.616469
60.480000
46.429166
34.487671
24.264762
15.369683
7.411681
0.000000
0.000000
0.000000
0.000000
0.000000
0.000000
0.000000
17.090111
38.380568
61.114077
82.533347
99.881085
110.400000
112.141596
106.392567
95.248403
80.804593
65.156629
50.400000
38.176837
28.315831
20.192313
13.181614
6.659066
0.000000
0.000000
0.000000
0.000000
0.000000
0.000000
0.000000
19.852272
44.974396
72.178301
98.275916
120.079173
134.400000
138.922077
134.816084
124.124451
108.889606
91.153979
72.960000
56.032752
40.827934
27.483897
16.138994
6.931578
0.000000
0.000000
0.000000
0.000000
0.000000
0.000000
0.000000
4.695145
10.207786
16.436256
23.278892
30.634028
38.400000
46.361393
53.847787
60.075015
64.258905
65.615290
63.360000
57.032617
47.467732
35.823686
23.258821
10.931478
0.000000
0.000000
0.000000
0.000000
0.000000
0.000000
0.000000
14.065942
30.856019
48.355347
64.549043
77.422222
84.960000
85.759207
80.863530
71.928369
60.609127
48.561203
37.440000
28.517231
21.529863
15.831176
10.774450
5.712965
0.000000
0.000000
0.000000
0.000000
0.000000
0.000000
0.000000
20.279737
46.117621
74.221120
101.297703
124.054840
139.200000
144.333626
140.628054
130.148595
114.960559
97.129258
78.720000
61.465760
45.770164
31.704501
19.340059
8.748129
0.000000
0.000000
0.000000
0.000000
0.000000
0.000000
0.480000
12.358681
26.806895
42.341887
57.480905
70.741194
80.640000
86.048609
87.254464
84.899048
79.623843
72.070333
62.880000
52.651328
41.810805
30.741921
19.828166
9.453029
0.000000
0.000000
0.000000
0.000000
0.000000
0.000000
0.000000
16.535465
36.908822
58.705013
79.508979
96.905661
108.480000
112.478727
109.795729
101.986681
90.607259
77.213140
63.360000
50.336294
38.361597
27.388264
17.368651
8.255111
0.000000
0.000000
0.000000
0.000000
0.000000
0.000000
0.000000
15.965982
35.780201
57.070685
77.465462
94.592558
106.080000
110.202198
107.819090
100.436996
89.562236
76.701131
63.360000
50.778559
39.130105
28.321330
18.258926
8.849585
0.000000
0.000000
0.000000
0.000000
0.000000
0.000000
0.000000
19.153845
43.081267
68.887930
93.679498
114.561634
128.640000
133.803278
131.072220
122.250594
109.142169
93.550715
77.280000
61.826375
47.456519
34.129693
21.805157
10.442173
0.000000
0.000000
0.000000
0.000000
0.000000
0.000000
0.480000
21.710963
48.154448
76.707775
104.268262
127.733231
144.000000
150.771592
148.973837
140.338268
126.596417
109.479817
90.720000
71.860446
53.692424
36.819152
21.843846
9.369723
0.000000
0.000000
0.000000
0.000000
0.000000
0.000000
0.480000
4.970836
9.743938
14.800357
20.141140
25.767338
31.680000
37.772256
43.505560
48.233451
51.309463
52.087134
49.920000
44.444586
36.429376
26.925840
16.985451
7.659681
0.000000
0.000000
0.000000
0.000000
0.000000
0.000000
0.000000
5.326707
11.733991
19.261407
27.948510
37.834856
48.960000
61.123772
73.167099
83.691184
91.297227
94.586432
92.160000
83.178205
69.037613
51.693859
33.102581
15.219416
0.000000
0.000000
0.000000
0.000000
0.000000
0.000000
0.480000
15.108168
32.232586
50.272617
67.647621
82.776962
94.080000
100.348366
101.862760
99.276152
93.241510
84.411803
73.440000
60.982813
47.711927
34.302774
21.430782
9.771381
0.000000
0.000000
0.000000
0.000000
0.000000
0.000000
0.960000
12.555654
26.489954
41.466219
56.187769
69.357923
79.680000
86.134780
88.812878
88.082373
84.311341
77.867857
69.120000
58.487450
46.596311
34.124289
21.749091
10.148426
0.000000
0.000000
0.000000
0.000000
0.000000
0.000000
0.960000
15.657541
33.449509
52.333821
70.308396
85.371150
95.520000
99.289973
97.364531
90.964242
81.309678
69.621407
57.120000
44.871455
33.323479
22.769210
13.501783
5.814334
0.000000
0.000000
0.000000
0.000000
0.000000
0.000000
0.480000
4.073935
8.368090
13.535118
19.747676
27.178418
36.000000
46.146717
56.599422
66.100610
73.392773
77.218405
76.320000
69.896975
58.976444
45.042444
29.579011
14.070184
0.000000
0.000000
0.000000
0.000000
0.000000
0.000000
0.960000
21.514830
46.511017
73.219094
98.909595
120.853053
136.320000
143.286410
142.550020
135.614007
123.981548
109.155820
92.640000
75.741751
58.986680
42.704877
27.226435
12.881445
0.000000
0.000000
0.000000
0.000000
0.000000
0.000000
1.440000
24.629688
53.062497
83.289182
111.860492
135.327181
150.240000
154.130221
148.451194
135.636788
118.120874
98.337321
78.720000
61.236096
45.986062
32.603666
20.722678
9.976867
0.000000
0.000000
0.000000
0.000000
0.000000
0.000000
1.440000
24.402323
53.195701
84.502146
115.003669
141.382283
160.320000
169.323090
169.194858
161.562869
148.054687
130.297876
109.920000
88.438651
66.931532
46.366376
27.710914
11.932878
0.000000
0.000000
0.000000
0.000000
0.000000
0.000000
0.960000
6.487677
12.236862
18.207122
24.398022
30.809126
37.440000
44.175875
50.444649
55.559885
58.835146
59.583997
57.120000
51.051044
42.162319
31.533338
20.243615
9.372664
0.000000
0.000000
0.000000
0.000000
0.000000
0.000000
1.920000
13.195834
26.746716
41.419608
56.061477
69.519286
80.640000
88.478938
92.924840
94.074803
92.025920
86.875287
78.720000
67.786191
54.816145
40.681181
26.252622
12.401788
0.000000
0.000000
0.000000
0.000000
0.000000
0.000000
1.920000
21.759734
45.870421
71.456926
95.724115
115.876851
129.120000
133.431435
129.881069
120.311821
106.566613
90.488366
73.920000
58.392303
44.187526
31.275790
19.627210
9.211908
0.000000
0.000000
0.000000
0.000000
0.000000
0.000000
1.440000
18.703617
39.883839
62.384127
83.607942
100.958746
111.840000
114.397290
109.744709
99.738472
86.234797
71.089901
56.160000
42.953888
31.590659
21.841986
13.479537
6.274985
0.000000
0.000000
0.000000
0.000000
0.000000
0.000000
1.440000
13.897481
29.318727
45.943671
62.012244
75.764377
85.440000
89.736253
89.179104
84.751728
77.437302
68.219001
58.080000
47.850840
37.751523
27.849415
18.211880
8.906287
0.000000
0.000000
0.000000
0.000000
0.000000
0.000000
2.400000
23.140953
49.015932
77.008133
104.100748
127.276972
143.520000
150.591359
149.365913
141.496857
128.637388
112.440704
94.560000
76.442499
58.711529
41.784441
26.078588
12.011323
0.000000
0.000000
0.000000
0.000000
0.000000
0.000000
3.360000
22.102927
44.696579
68.534035
91.008372
109.512667
121.440000
124.918539
121.016822
111.538480
98.287143
83.066439
67.680000
53.594028
40.925020
29.452044
18.954169
9.210465
0.000000
0.000000
0.000000
0.000000
0.000000
0.000000
4.320000
27.589027
56.698147
88.374583
119.345556
146.338288
166.080000
176.098546
177.124314
170.688324
158.321594
141.555147
121.920000
100.810121
79.071262
57.412122
36.541399
17.167792
0.000000
0.000000
0.000000
0.000000
0.000000
0.000000
4.320000
34.077114
70.495079
109.515124
147.078474
179.126357
201.600000
211.488354
209.971268
199.276316
181.631071
159.263108
134.400000
109.002805
83.966517
59.919614
37.490575
17.307877
0.000000
0.000000
0.000000
0.000000
0.000000
0.000000
5.280000
32.826598
65.871709
100.379470
132.314014
157.639479
172.320000
173.537625
163.346052
145.016893
121.821757
97.032256
73.920000
55.045124
40.121859
28.152959
18.141180
9.089275
0.000000
0.000000
0.000000
0.000000
0.000000
0.000000
2.880000
31.565139
67.834316
107.281959
145.502501
178.090371
200.640000
209.899787
207.234004
195.160892
176.198694
152.865649
127.680000
102.795714
78.909670
56.354472
35.462724
16.567032
0.000000
0.000000
0.000000
0.000000
0.000000
0.000000
3.360000
32.208196
67.407733
104.780645
140.148969
169.334742
188.160000
193.618748
187.392865
172.336200
151.302602
127.145919
102.720000
80.367924
60.389696
42.574554
26.711733
12.590469
0.000000
0.000000
0.000000
0.000000
0.000000
0.000000
5.280000
32.129406
64.981350
99.703108
132.161953
158.225159
173.760000
175.850599
166.448472
148.721984
125.839500
100.969383
77.280000
57.303753
41.029205
27.808955
16.995604
7.941752
0.000000
0.000000
0.000000
0.000000
0.000000
0.000000
5.760000
25.809809
50.760851
77.882259
104.443165
127.712701
144.960000
154.108600
155.699665
150.928767
140.991476
127.083364
110.400000
92.049125
72.787155
53.282673
34.204263
16.220511
0.000000
0.000000
0.000000
0.000000
0.000000
0.000000
6.240000
37.231279
75.245983
116.015159
155.269856
188.741121
212.160000
222.357764
220.566576
209.118820
190.346882
166.583147
140.160000
113.148775
86.576602
61.209560
37.813726
17.155180
0.000000
0.000000
0.000000
0.000000
0.000000
0.000000
1.920000
23.438242
49.519784
77.798679
105.908979
131.484735
152.160000
166.024343
172.989406
173.422344
167.690318
156.160484
139.200000
117.435496
92.531483
66.411944
41.000862
18.222220
0.000000
0.000000
0.000000
0.000000
0.000000
0.000000
7.680000
24.240920
42.898751
62.128533
80.405308
96.204117
108.000000
114.622646
116.320333
113.695986
107.352531
97.892894
85.920000
72.059608
57.028807
41.567523
26.415678
12.313196
0.000000
0.000000
0.000000
0.000000
0.000000
0.000000
6.240000
27.209142
52.428998
78.996789
104.009739
124.565068
137.760000
141.513397
137.030682
126.338921
111.465177
94.436515
77.280000
61.628383
47.537163
34.667528
22.680665
11.237760
0.000000
0.000000
0.000000
0.000000
0.000000
0.000000
5.280000
36.210438
74.709064
115.948606
155.101791
187.341346
207.840000
213.131842
205.196412
187.374611
163.007341
135.435503
108.000000
83.424416
61.963066
43.252951
26.931069
12.634419
0.000000
0.000000
0.000000
0.000000
0.000000
0.000000
7.200000
35.353604
70.071643
107.392710
143.355396
173.998296
195.360000
204.501757
202.575440
191.755577
174.216697
152.133329
127.680000
102.786034
78.399931
55.224982
33.964482
15.321723
0.000000
0.000000
0.000000
0.000000
0.000000
0.000000
7.680000
29.177543
54.620718
81.297038
106.494016
127.499165
141.600000
146.811278
144.056735
134.987354
121.254117
104.508005
86.400000
68.388458
51.161231
35.213545
21.040627
9.137703
0.000000
0.000000
0.000000
0.000000
0.000000
0.000000
2.880000
10.405310
18.952066
27.992590
36.999206
45.444235
52.800000
58.606092
62.671173
64.871173
65.082024
63.179656
59.040000
52.630323
44.283244
34.422717
23.472697
11.857140
0.000000
0.000000
0.000000
0.000000
0.000000
0.000000
7.200000
39.410328
79.182238
121.405446
160.969666
192.764612
211.680000
214.112740
202.488529
180.740257
152.800817
122.603101
94.080000
70.338711
51.183647
35.593526
22.547066
11.022984
0.000000
0.000000
0.000000
0.000000
0.000000
0.000000
6.720000
39.644956
80.695482
124.723913
166.582586
201.123836
223.200000
229.103316
220.885634
202.038708
176.054291
146.424138
116.640000
89.590671
65.753095
45.001256
27.209138
12.250725
0.000000
0.000000
0.000000
0.000000
0.000000
0.000000
12.960000
36.951098
65.341175
94.593667
121.172010
141.539642
152.160000
150.614937
138.959978
120.369064
98.016135
75.075133
54.720000
39.362486
28.365579
20.330079
13.856783
7.546491
0.000000
0.000000
0.000000
0.000000
0.000000
0.000000
9.600000
46.330366
92.630264
142.567436
190.209621
229.624562
254.880000
261.698970
252.425681
231.059636
201.600339
168.047293
134.400000
103.942644
77.098124
53.574020
33.077912
15.317379
0.000000
0.000000
0.000000
0.000000
0.000000
0.000000
13.920000
48.144424
89.925692
134.608846
177.538922
214.060961
239.520000
250.458517
248.208740
235.300334
214.262965
187.626298
157.920000
127.410397
97.310459
68.569819
42.138107
18.964957
0.000000
0.000000
0.000000
0.000000
0.000000
0.000000
12.000000
39.145573
71.016287
104.108614
134.919026
159.943998
175.680000
179.622256
173.260984
159.085154
139.583734
117.245693
94.560000
73.596515
54.748666
37.990772
23.297150
10.642120
0.000000
0.000000
0.000000
0.000000
0.000000
0.000000
6.720000
26.325643
49.865043
74.482188
97.321070
115.525677
126.240000
127.461300
120.599923
107.919486
91.683609
74.155907
57.600000
43.791380
32.553045
23.219866
15.126718
7.608471
0.000000
0.000000
0.000000
0.000000
0.000000
0.000000
6.720000
32.680346
65.130918
100.055941
133.439645
161.266255
179.520000
185.287657
180.066209
166.455186
147.054122
124.462550
101.280000
79.664580
60.008692
42.263314
26.379421
12.307991
0.000000
0.000000
0.000000
0.000000
0.000000
0.000000
8.160000
34.092662
65.941885
100.250449
133.561136
162.416726
183.360000
193.779773
194.448994
186.986645
173.011708
154.143165
132.000000
108.103801
83.586584
59.482973
36.827590
16.655058
0.000000
0.000000
0.000000
0.000000
0.000000
0.000000
12.000000
36.687217
65.923627
96.811169
126.451785
151.947415
170.400000
179.628331
180.318602
173.873859
161.697148
145.191513
125.760000
104.683905
82.757521
60.653394
39.044069
18.602089
0.000000
0.000000
0.000000
0.000000
0.000000
0.000000
14.400000
55.451891
105.677225
159.416352
211.009624
254.797389
285.120000
297.783051
294.453120
278.262027
252.341595
219.823646
183.840000
147.195904
111.390296
77.595539
46.983995
20.728028
0.000000
0.000000
0.000000
0.000000
0.000000
0.000000
19.200000
46.948537
78.569135
110.561187
139.424086
161.657226
173.760000
173.323630
162.306652
143.759434
120.732342
96.275742
73.440000
54.621390
39.599812
27.501076
17.450989
8.575361
0.000000
0.000000
0.000000
0.000000
0.000000
0.000000
12.960000
43.910916
82.708233
125.173874
167.129766
204.397833
232.800000
249.096633
253.801857
248.368240
234.248347
212.894745
185.760000
154.375886
120.591004
86.333165
53.530179
24.109854
0.000000
0.000000
0.000000
0.000000
0.000000
0.000000
10.560000
39.235927
72.641382
107.410442
140.177182
167.575676
186.240000
193.700912
191.075900
180.379133
163.624781
142.827013
120.000000
96.911535
74.343906
52.833026
32.914807
15.125161
0.000000
0.000000
0.000000
0.000000
0.000000
0.000000
14.400000
43.354450
77.844415
113.791924
147.119005
173.747688
189.600000
191.798139
182.264974
164.123541
140.496876
114.508017
89.280000
67.341881
48.846799
33.353912
20.422378
9.611354
0.480000
0.000000
0.000000
0.000000
0.000000
2.946566
22.560000
50.943000
85.139665
121.322845
155.665393
184.340161
203.520000
210.402553
206.284625
193.487810
174.333704
151.143902
126.240000
101.617899
77.970726
55.665916
35.070902
16.553119
0.480000
0.000000
0.000000
0.000000
0.000000
0.000000
17.280000
51.876470
93.721610
138.159975
180.536124
216.194613
240.480000
249.959378
246.089979
231.551573
209.023929
181.186815
150.720000
120.014908
90.309585
62.553732
37.697049
16.689238
0.480000
0.000000
0.000000
0.000000
0.000000
0.000000
5.280000
18.681133
34.043694
50.532272
67.311455
83.545835
98.400000
111.067810
120.860210
127.117414
129.179638
126.387094
118.080000
103.989847
85.413243
64.038071
41.552217
19.643565
0.000000
0.000000
0.000000
0.000000
0.000000
0.000000
11.520000
46.481172
88.497257
132.660719
174.064021
207.799627
228.960000
234.038066
225.128596
205.726821
179.327976
149.427291
119.520000
92.473230
68.641693
47.751995
29.530743
13.704542
0.000000
0.000000
0.000000
0.000000
0.000000
0.000000
23.040000
60.037387
104.593116
151.387214
195.099709
230.410628
252.000000
256.072549
244.931793
222.405945
192.323221
158.511834
124.800000
94.372415
67.839712
45.169004
26.327407
11.282034
0.000000
0.000000
0.000000
0.000000
0.000000
3.671142
17.760000
36.454207
58.425075
82.038846
105.661762
127.660066
146.400000
160.476494
169.399231
172.906579
170.736911
162.628594
148.320000
127.930927
103.106891
75.874836
48.261707
22.294446
0.000000
0.000000
0.000000
0.000000
0.000000
0.000000
14.880000
49.549886
91.080292
135.468862
178.713240
216.811071
245.760000
262.451769
267.354516
261.830477
247.241887
224.950983
196.320000
162.863037
126.701643
90.109230
55.359211
24.724997
0.480000
0.000000
0.000000
0.000000
0.000000
0.000000
5.760000
24.694852
46.120486
68.680361
91.017933
111.776660
129.600000
143.304509
152.399143
156.565955
155.486999
148.844329
136.320000
117.969333
95.340720
70.355821
44.936294
21.003801
0.480000
0.000000
0.000000
0.000000
0.000000
0.000000
20.160000
54.993587
95.991815
138.521127
177.947966
209.638776
228.960000
232.620827
222.701431
202.624730
175.813645
145.691095
115.680000
88.605327
64.900241
44.399952
26.939675
12.354620
0.480000
0.000000
0.000000
0.000000
0.000000
0.183758
18.720000
45.052106
76.540443
109.818207
141.518591
168.274791
186.720000
194.360379
192.193953
182.091712
165.924645
145.563745
122.880000
99.548599
76.461523
54.314947
33.805050
15.628008
0.480000
0.000000
0.000000
0.000000
0.000000
0.000000
20.640000
50.408287
85.920874
123.611050
159.912103
191.257324
214.080000
225.670519
226.747660
218.887301
203.665319
182.657593
157.440000
129.562971
100.475153
71.599747
44.359952
20.178970
0.480000
0.000000
0.000000
0.000000
0.000000
0.000000
23.040000
54.431088
91.113497
129.445409
165.785008
196.490478
217.920000
227.360274
225.812065
215.204653
197.467317
174.529340
148.320000
120.630037
92.696021
65.615980
40.487944
18.409941
0.480000
0.000000
0.000000
0.000000
0.000000
1.077562
23.520000
54.100538
89.919680
127.378313
162.877320
192.817588
213.600000
222.549382
220.686315
209.955321
192.300923
169.667642
144.000000
117.084158
90.072838
63.960401
39.741208
18.409621
0.960000
0.000000
0.000000
0.000000
0.000000
1.820541
24.960000
56.762122
94.175611
133.387304
170.584042
201.952661
223.680000
232.930860
230.781892
219.287709
200.502924
176.482150
149.280000
120.794437
92.296821
64.901860
39.724263
17.878741
0.480000
0.000000
0.000000
0.000000
0.000000
3.060666
24.000000
51.964442
84.415436
118.238734
150.320091
177.545262
196.800000
205.750839
205.187433
196.680213
181.799613
162.116064
139.200000
114.525533
89.181499
64.160414
40.454791
19.057148
0.960000
0.000000
0.000000
0.000000
0.000000
0.000000
13.440000
43.304137
79.574446
119.047057
158.518100
194.783704
224.640000
245.449758
256.842312
259.013639
252.159712
236.476507
212.160000
179.892387
142.300749
102.498388
63.598608
28.714711
0.960000
0.000000
0.000000
0.000000
0.000000
0.000000
12.960000
36.571499
63.053812
90.610379
117.444639
141.760033
161.760000
175.939977
183.963394
185.785678
181.362255
170.648553
153.600000
130.566371
103.474835
74.646911
46.404119
21.067976
0.960000
0.000000
0.000000
0.000000
0.000000
1.699545
19.200000
41.173244
66.198320
92.666381
118.968580
143.496069
164.640000
180.968039
191.753896
196.447798
194.499966
185.360625
168.480000
143.896824
114.003871
81.782428
50.213778
22.279207
0.960000
0.000000
0.000000
0.000000
0.000000
0.786989
11.040000
21.164511
31.313658
42.007612
53.766540
67.110613
82.560000
100.157290
118.034749
133.847063
145.248919
149.895003
145.440000
130.488553
107.445125
79.664136
50.500006
23.307154
1.440000
0.000000
0.000000
0.000000
0.000000
5.503048
24.960000
48.841893
75.371422
102.550291
128.380207
150.862875
168.000000
178.223928
181.689561
178.982442
170.688114
157.392119
139.680000
118.266840
94.385890
69.399940
44.671781
21.564204
1.440000
0.000000
0.000000
0.000000
0.000000
0.000000
27.840000
70.373872
121.231037
174.848864
225.664721
268.115977
296.640000
307.151358
301.473418
282.906746
254.751908
220.309471
182.880000
145.396251
109.319736
75.744153
45.763203
20.470585
0.960000
0.000000
0.000000
0.000000
0.000000
0.000000
12.000000
31.271425
53.067485
75.569275
96.957893
115.414436
129.120000
136.675107
138.357977
134.866256
126.897590
115.149622
100.320000
83.179258
64.789495
46.285699
28.802859
13.475963
1.440000
0.000000
0.000000
0.000000
0.000000
0.000000
9.120000
20.927079
35.176559
51.870515
71.011023
92.600160
116.640000
142.630490
168.063056
189.926994
205.211600
210.906170
204.000000
182.744293
150.437882
111.641508
70.915909
32.821826
1.920000
0.000000
0.000000
0.000000
0.000000
7.010969
36.480000
73.441914
114.544905
155.890591
193.580590
223.716521
242.400000
246.851119
238.763855
220.950661
196.223986
167.396282
137.280000
108.295834
81.297452
56.746766
35.105688
16.836129
2.400000
0.000000
0.000000
0.000000
0.000000
13.845870
39.360000
74.019761
114.819425
157.964137
199.659040
236.109279
263.520000
278.935409
282.755962
276.221179
260.570579
237.043679
206.880000
171.531937
133.303392
94.711146
58.271979
26.502670
1.920000
0.000000
0.000000
0.000000
0.000000
14.127862
41.280000
75.271794
113.383617
152.431909
189.233109
220.603659
243.360000
255.064866
256.266173
248.258130
232.334947
209.790833
181.920000
150.142074
116.378359
82.675573
51.080438
23.639673
2.400000
0.000000
0.000000
0.000000
0.000000
16.523806
43.200000
77.112803
115.557849
155.306114
193.128576
225.796213
250.080000
263.468617
266.321544
259.715964
244.729059
222.438010
193.920000
160.481618
124.347085
87.970028
53.804077
24.302858
1.920000
0.000000
0.000000
0.000000
0.000000
13.519447
35.040000
60.849850
89.621340
119.934284
150.368499
179.503799
205.920000
228.206799
244.993413
254.918942
256.622483
248.743136
229.920000
199.678510
161.089452
118.109950
74.697125
34.808100
2.400000
0.000000
0.000000
0.000000
0.000000
8.891129
44.640000
91.080403
144.119882
198.845009
250.342356
293.698496
324.000000
337.568117
335.662807
320.778704
295.410444
262.052665
223.200000
181.291573
138.544448
97.120177
59.180311
26.886401
2.400000
0.000000
0.000000
0.000000
0.000000
10.323952
32.640000
59.626058
88.977941
118.097463
144.386437
165.246679
178.080000
181.036844
175.262168
162.649559
145.092604
124.484889
102.720000
81.448789
61.351165
42.864300
26.425369
12.471545
1.440000
0.000000
0.000000
0.000000
0.000000
14.040044
36.000000
65.736989
100.658365
137.482741
172.928730
203.714945
226.560000
238.924043
241.233367
234.655797
220.359161
199.511286
173.280000
142.993504
110.621502
78.294072
48.141293
22.293242
2.880000
0.000000
0.000000
0.000000
0.000000
11.786855
28.320000
47.514290
68.700438
91.274264
114.631588
138.168226
161.280000
183.134235
201.984289
215.855026
222.771314
220.758017
207.840000
183.026549
149.264630
110.485630
70.620934
33.601928
3.360000
0.000000
0.000000
0.000000
0.000000
5.534270
36.000000
75.395175
120.346607
166.844550
210.879260
248.440992
275.520000
289.070841
289.905269
279.799343
260.529119
233.870652
201.600000
165.557018
127.836759
90.598076
55.999820
26.200844
3.360000
0.000000
0.000000
0.000000
0.000000
18.872638
46.560000
81.300856
120.070246
159.288513
195.376000
224.753048
243.840000
250.026602
244.580212
229.737595
207.735512
180.810726
151.200000
120.954960
91.386683
63.621108
38.784176
18.001827
2.400000
0.000000
0.000000
0.000000
0.000000
6.510856
20.160000
36.646361
54.685534
72.847000
89.700244
103.814750
113.760000
118.460996
118.264809
113.874027
105.991239
95.319034
82.560000
68.414099
53.570787
38.716893
24.539244
11.724670
0.960000
0.000000
0.000000
0.000000
0.000000
0.000000
8.640000
25.628807
46.007711
67.849497
89.226950
108.212856
122.880000
131.722164
134.917114
133.063611
126.760416
116.606292
103.200000
87.206980
69.559388
51.256060
33.295829
16.677531
2.400000
0.000000
0.000000
0.000000
0.000000
14.008029
44.160000
86.140025
135.432617
186.295342
232.985769
269.761466
290.880000
292.303316
276.810867
248.886482
213.013989
173.677219
135.360000
101.737820
73.252803
49.538730
30.229384
14.958547
3.360000
0.000000
0.000000
0.000000
0.000000
11.813038
32.160000
59.858347
92.097738
125.346884
156.074501
180.749302
195.840000
198.821208
191.191130
175.453867
154.113523
129.674200
104.640000
81.145710
59.848856
41.037647
25.000295
12.025009
2.400000
0.000000
0.000000
0.000000
0.000000
7.981319
19.680000
34.588258
51.439573
68.720175
84.916293
98.514158
108.000000
112.239903
111.619370
106.903757
98.858420
88.248715
75.840000
62.378795
48.536280
34.964799
22.316696
11.244315
2.400000
0.000000
0.000000
0.000000
0.000000
8.034026
21.600000
39.670429
60.352791
81.307008
100.193001
114.670691
122.400000
121.771147
114.095549
101.414920
85.770975
69.205430
53.760000
41.029428
30.820571
22.493314
15.407543
8.923143
2.400000
0.000000
0.000000
0.000000
0.000000
0.000000
9.600000
32.814893
61.801864
93.019385
122.925932
147.979979
164.640000
170.327062
166.312598
154.830635
138.115197
118.400310
97.920000
78.536859
60.627743
44.198076
29.253281
15.798782
3.840000
0.000000
0.000000
0.000000
0.000000
14.009008
45.600000
90.998907
145.688762
203.793682
259.437784
306.745185
339.840000
354.321092
351.686300
334.908210
306.959407
270.812475
229.440000
185.656726
141.646037
99.433477
61.044588
28.504915
3.840000
0.000000
0.000000
0.000000
0.000000
0.000000
9.120000
22.659703
36.911315
51.454992
65.870893
79.739177
92.640000
104.084739
113.309635
119.482150
121.769742
119.339872
111.360000
97.474676
79.236811
58.676409
37.823472
18.708001
3.360000
0.000000
0.000000
0.000000
0.000000
2.290345
14.400000
29.412423
46.217377
63.574736
80.244376
94.986173
106.560000
113.978194
117.262929
116.688842
112.530568
105.062742
94.560000
81.385913
66.259795
49.989895
33.384463
17.251748
2.400000
0.000000
0.000000
0.000000
0.000000
2.952488
32.640000
75.859248
128.370862
184.663793
239.226993
286.549412
321.120000
338.738189
340.445329
328.593250
305.533782
273.618755
235.200000
192.654663
148.461157
105.123209
65.144548
31.028902
5.280000
0.000000
0.000000
0.000000
1.425806
22.087860
49.920000
83.872704
121.658664
160.681127
198.343340
232.048548
259.200000
277.634915
286.926410
287.081576
278.107502
260.011280
232.800000
197.065413
155.737917
112.332569
70.364429
33.348553
4.800000
0.000000
0.000000
0.000000
0.000000
20.794509
50.400000
86.385304
125.889952
165.654845
202.420883
232.928967
253.920000
262.959796
260.913825
249.472475
230.326131
205.165177
175.680000
143.571069
110.579191
78.455254
48.950150
23.814769
4.800000
0.000000
0.000000
0.000000
0.024379
14.104636
33.120000
56.218554
81.489828
106.758716
129.850112
148.588909
160.800000
164.900969
161.680165
152.518627
138.797394
121.897505
103.200000
83.950903
64.856178
46.486776
29.413646
14.207737
1.440000
0.000000
0.000000
0.000000
0.000000
0.000000
14.880000
38.680753
67.670000
99.456146
131.647593
161.852743
187.680000
207.083792
219.402654
224.321146
221.523827
210.695259
191.520000
164.244078
131.359382
95.919270
60.977098
29.586223
4.800000
0.000000
0.000000
0.000000
0.000000
8.375406
30.240000
57.223003
87.254687
117.993640
147.098450
172.227708
191.040000
201.719201
204.550325
200.343668
189.909530
174.058208
153.600000
129.464636
103.059570
75.911688
49.547875
25.495017
5.280000
0.000000
0.000000
0.000000
0.000000
0.000000
21.120000
52.750788
90.370402
130.269986
168.740684
202.073641
226.560000
239.372370
241.209218
233.650475
218.276070
196.665935
170.400000
141.066397
110.286058
79.688116
50.901704
25.555954
5.280000
0.000000
0.000000
0.000000
0.000000
4.905804
25.920000
53.685436
85.847744
119.563638
151.989835
180.283051
201.600000
213.731769
217.006919
212.388385
200.839099
183.321993
160.800000
134.369712
105.662356
76.442820
48.475991
23.526755
3.360000
0.000000
0.000000
0.000000
0.000000
15.186543
45.600000
86.210527
133.105240
181.435842
226.354034
263.011519
286.560000
293.479618
285.564271
265.936298
237.718037
204.031825
168.000000
132.393224
98.575452
67.558964
40.356040
17.978959
1.440000
0.000000
0.000000
0.000000
0.000000
6.530117
20.640000
37.463495
55.982200
75.109660
93.759417
110.845016
125.280000
136.105201
142.870613
145.253517
142.931195
135.580928
122.880000
104.902366
83.308681
60.156273
37.502471
17.404604
1.920000
0.000000
0.000000
0.000000
0.000000
2.009545
11.040000
20.962965
31.886000
44.138163
58.048512
73.946105
92.160000
112.531694
132.952447
150.825955
163.555918
168.546034
163.200000
146.014701
119.859768
88.698015
56.492259
27.205315
4.800000
0.000000
0.000000
0.000000
5.461714
21.826039
41.760000
63.907300
87.306304
111.094045
134.407554
156.383861
176.160000
192.821301
205.246301
212.261835
212.694739
205.371848
189.120000
163.534161
131.281825
95.798616
60.520159
28.882079
4.320000
0.000000
0.000000
0.000000
0.000000
5.015392
20.160000
36.930955
54.479243
72.086577
89.034671
104.605241
118.080000
128.783013
136.207740
139.889992
139.365579
134.170312
123.840000
108.254771
88.672020
66.693456
43.920791
21.955735
2.400000
0.000000
0.000000
0.000000
0.000000
0.000000
14.400000
49.231399
91.853477
138.261805
184.451955
226.419496
260.160000
282.454282
293.224134
293.176595
283.018701
263.457490
235.200000
199.340363
158.521097
115.771815
74.122130
36.601654
6.240000
0.000000
0.000000
0.000000
0.000000
13.369229
49.920000
98.173688
153.681888
211.023608
264.777860
309.523654
339.840000
351.725426
346.856529
328.329423
299.240224
262.685045
221.760000
179.320163
137.256441
97.218698
60.856800
29.820612
5.760000
0.000000
0.000000
0.000000
0.000000
16.194728
45.600000
83.724151
127.232727
172.098163
214.292897
249.789364
274.560000
285.587252
283.893607
271.511562
250.473615
222.812262
190.560000
155.704618
120.055067
85.375587
53.430422
25.983812
4.800000
0.000000
0.000000
0.000000
0.000000
17.619156
44.160000
78.078279
116.400427
155.560059
191.990789
222.126231
242.400000
250.183720
246.601054
233.713676
213.583259
188.271476
159.840000
130.193508
100.608689
72.205236
46.102841
23.421198
5.280000
0.000000
0.000000
0.000000
0.000000
18.394841
48.480000
89.057496
136.654547
186.913239
235.475655
277.983881
310.080000
328.367768
333.297621
326.281664
308.732004
282.060747
247.680000
207.222543
163.203859
118.360105
75.427439
37.142018
6.240000
0.000000
0.000000
0.000000
0.000000
9.088957
44.160000
90.689220
144.448370
200.288237
253.059607
297.613266
328.800000
342.754395
340.746244
325.329136
299.056665
264.482423
224.160000
180.635421
136.424433
94.035217
55.975953
24.754821
2.880000
0.000000
0.000000
0.000000
10.355077
26.462739
44.160000
61.684446
78.435915
94.104804
108.381515
120.956447
131.520000
139.720514
145.038095
146.910788
144.776640
138.073695
126.240000
109.129051
88.256149
65.552042
42.947482
22.373218
5.760000
0.000000
0.000000
0.000000
0.000000
14.440101
36.480000
65.308941
98.483503
133.023787
165.949896
194.281933
215.040000
225.936511
227.453125
220.763811
207.042539
187.463279
163.200000
135.518347
106.050664
76.520969
48.653281
24.171619
4.800000
0.000000
0.000000
0.000000
0.000000
3.945802
21.600000
44.201253
69.372463
94.309785
116.209378
132.267397
139.680000
136.564887
124.725931
106.888548
85.778155
64.120166
44.640000
29.485865
18.497146
10.936022
6.064671
3.145271
1.440000
0.462764
0.734373
3.027364
8.114274
16.767640
29.760000
47.487524
68.840918
92.334523
116.482679
139.799724
160.800000
178.089362
190.639731
197.514543
197.777234
190.491241
174.720000
150.237249
119.657935
86.307304
53.510607
24.593089
2.880000
0.000000
0.000000
0.000000
0.000000
10.785291
23.520000
35.965075
47.899054
59.427738
70.656924
81.692412
92.640000
103.389171
112.964141
120.172810
123.823076
122.722840
115.680000
102.062685
83.479936
62.101022
40.095216
19.631785
2.880000
0.000000
0.000000
0.000000
0.000000
11.812244
34.560000
64.443623
98.988932
135.166577
169.947205
200.301463
223.200000
236.280976
239.852599
234.890592
222.370675
203.268571
178.560000
149.394697
117.618449
85.251056
54.312317
26.822031
4.800000
0.000000
0.000000
0.000000
0.000000
0.000000
14.880000
37.139917
63.491580
92.708204
123.563005
154.829199
185.280000
213.520098
237.480078
254.921999
263.607920
261.299901
245.760000
215.937469
175.530331
129.423799
82.503091
39.653419
5.760000
0.000000
0.000000
0.000000
0.000000
7.144200
31.680000
60.489095
91.248603
121.484988
148.724708
170.494225
184.320000
188.429152
183.851431
172.317246
155.557007
135.301122
113.280000
91.043188
69.416785
49.046028
30.576153
14.652398
1.920000
0.000000
0.000000
0.000000
0.000000
5.449285
23.040000
46.888872
74.933054
104.599402
133.314772
158.506019
177.600000
188.595305
191.777467
188.003750
178.131422
163.017750
143.520000
120.598796
95.628191
70.085598
45.448427
23.194091
4.800000
0.000000
0.000000
0.000000
0.000000
13.463663
42.720000
82.498712
128.377179
174.838971
216.367658
247.446811
262.560000
257.946750
236.870405
204.350260
165.405613
125.055760
88.320000
59.189841
37.545647
22.239990
12.125447
6.054592
2.880000
1.602773
1.818120
3.269779
5.701487
8.856982
12.480000
16.403513
20.817430
26.000893
32.233047
39.793035
48.960000
59.718732
70.876606
80.946648
88.441878
91.875321
89.760000
81.186005
67.551701
50.832517
33.003884
16.041235
1.920000
0.000000
0.000000
0.000000
0.000000
6.613071
24.480000
48.127229
75.839711
105.514338
135.048000
162.337590
185.280000
202.091613
212.266785
215.619362
211.963193
201.112123
182.880000
157.526317
127.093148
94.068212
60.939229
30.193919
4.320000
0.000000
0.000000
0.000000
0.000000
0.000000
24.960000
63.341210
108.584361
156.220635
201.781212
240.797274
268.800000
282.425376
282.728599
271.869671
252.008594
225.305370
193.920000
159.903954
124.874577
90.340680
57.811077
28.794579
4.800000
0.000000
0.000000
0.000000
0.000000
0.000000
28.320000
67.578593
113.935268
162.648886
208.978306
248.182391
275.520000
287.457931
285.294722
271.536849
248.690788
219.263013
185.760000
150.525240
115.250289
81.463718
50.694098
24.470002
4.320000
0.000000
0.000000
0.000000
0.000000
5.070313
22.080000
43.203659
66.679889
90.503166
112.667961
131.168748
144.000000
149.664257
148.696320
142.139058
131.035339
116.428030
99.360000
80.870425
61.983719
43.720602
27.101795
13.148021
2.880000
0.000000
0.000000
0.000000
0.166369
5.610997
12.000000
18.806743
26.407732
35.405260
46.401619
59.999102
76.800000
96.838989
117.880269
137.120427
151.756045
158.983708
156.000000
141.103970
117.004524
87.513034
56.440869
27.599401
4.800000
0.000000
0.000000
0.000000
1.324924
19.274245
43.200000
71.977727
103.086721
133.657212
160.819434
181.703620
193.440000
194.028403
184.947039
168.543712
147.166227
123.162388
98.880000
76.317547
56.076233
38.407939
23.564547
11.797940
3.360000
0.000000
0.000000
0.000000
0.000000
2.821408
7.200000
11.867937
16.860540
22.333929
28.444222
35.347539
43.200000
51.951290
60.725366
68.439752
74.011970
76.359545
74.400000
67.469124
56.575772
43.147063
28.610118
14.392057
1.920000
0.000000
0.000000
0.000000
0.000000
3.481115
22.560000
49.179803
80.800268
114.204958
146.177436
173.501262
192.960000
202.128577
201.747383
193.348172
178.462702
158.622726
135.360000
110.174779
84.441313
59.502352
36.700646
17.378946
2.880000
0.000000
0.000000
0.000000
3.979158
18.497047
38.400000
63.262654
91.582553
121.587967
151.507166
179.568420
204.000000
223.192632
236.186866
242.185713
240.392179
230.009272
210.240000
181.002376
145.074426
105.949182
67.119676
32.078938
4.320000
0.000000
0.000000
0.000000
0.000000
2.810533
23.520000
48.677271
76.472743
104.940583
132.114960
156.030043
174.720000
186.599715
191.606932
190.060110
182.277708
168.578185
149.280000
125.021646
97.721750
69.618976
42.951985
19.959439
2.880000
0.000000
0.000000
0.000000
1.576576
12.481838
25.440000
39.374655
53.782869
68.305077
82.581712
96.253208
108.960000
120.245455
129.264677
135.075704
136.736575
133.305328
123.840000
107.930192
87.291756
64.172105
40.818653
19.478813
2.400000
0.000000
0.000000
0.000000
0.000000
1.210530
14.400000
30.639149
48.710605
67.264393
84.950538
100.419065
112.320000
119.585184
122.273727
120.726554
115.284591
106.288764
94.080000
79.135670
62.478933
45.269392
28.666654
13.830322
1.920000
0.000000
0.000000
0.000000
0.000000
7.283283
23.040000
43.824676
67.950008
93.347101
117.947061
139.680992
156.480000
166.713604
170.504981
168.415719
161.007408
148.841639
132.480000
112.600906
90.350069
66.990024
43.783307
21.992453
2.880000
0.000000
0.000000
0.000000
0.000000
1.246325
31.680000
75.199122
127.599844
183.493230
237.490342
284.202245
318.240000
335.502963
337.043657
325.202893
302.321487
270.740252
232.800000
190.846802
147.247751
104.375196
64.601487
30.298971
3.840000
0.000000
0.000000
0.000000
0.000000
10.232751
35.520000
67.022774
102.242005
138.299517
172.317137
201.416690
222.720000
234.010186
235.715530
228.925609
214.729996
194.218268
168.480000
138.776483
107.055874
75.438048
46.042878
20.990237
2.400000
0.000000
0.000000
0.000000
0.000000
11.783005
26.400000
42.592432
59.615793
76.813158
93.527599
109.102188
122.880000
134.199724
142.382522
146.745170
146.604447
141.277131
130.080000
112.797560
91.085231
67.066163
42.863502
20.600398
2.400000
0.000000
0.000000
0.000000
0.000000
4.721275
24.960000
51.495632
81.675225
112.293119
140.143653
162.021167
174.720000
175.996326
167.453658
151.657343
131.172731
108.565167
86.400000
66.754620
49.754588
35.037507
22.240980
11.002610
0.960000
0.000000
0.000000
0.000000
0.000000
0.000000
5.760000
28.740163
58.017898
91.191979
125.861175
159.624258
190.080000
215.069712
233.404861
244.139457
246.327507
239.023018
221.280000
192.892102
156.611545
115.930193
74.339910
35.332557
2.400000
0.000000
0.000000
0.000000
0.000000
0.000000
25.440000
71.511488
125.441514
181.650728
234.559781
278.589321
308.160000
319.187724
313.569431
294.697317
265.963577
230.760406
192.480000
154.117616
117.080760
82.380002
51.025910
24.029053
2.400000
0.000000
0.000000
0.000000
0.000000
0.000000
20.640000
51.724022
88.320240
127.049301
164.531850
197.388534
222.240000
236.466544
240.487068
235.480123
222.624262
203.098037
178.080000
148.854246
117.127045
84.710207
53.415546
25.054873
1.440000
0.000000
0.000000
0.000000
0.000000
0.000000
24.960000
63.146537
107.387273
152.293598
192.476902
222.548573
237.120000
232.530716
212.032820
180.606558
143.232171
104.889904
70.560000
44.172823
25.459223
13.100170
5.776635
2.169588
0.960000
1.106881
2.681398
6.032761
11.510177
19.462854
30.240000
43.999655
60.135184
77.848786
96.342657
114.818996
132.480000
148.443390
161.488977
170.312096
173.608084
170.072273
158.400000
138.013454
111.242242
81.142829
50.771675
23.185245
1.440000
0.000000
0.000000
0.000000
0.000000
0.000000
9.120000
22.364253
35.940653
48.890814
60.256350
69.078874
74.400000
75.557972
73.077557
67.780154
60.487162
52.019977
43.200000
34.723860
26.789119
19.468569
12.835004
6.961216
1.920000
0.000000
0.000000
0.000000
2.501713
13.166268
30.240000
54.103124
82.253678
111.469151
138.527035
160.204821
173.280000
175.454249
168.125989
153.617826
134.252370
112.352225
90.240000
69.855436
51.606812
35.519543
21.619042
9.930723
0.480000
0.000000
0.000000
0.000000
0.000000
0.000000
12.480000
30.797424
52.277252
74.284454
94.184000
109.340858
117.120000
115.721852
106.688674
92.398183
75.228095
57.556129
41.760000
29.668501
20.914718
14.582815
9.756953
5.521294
0.960000
0.000000
0.000000
0.000000
0.000000
1.523140
19.680000
47.503807
82.146582
119.794957
156.635564
188.855034
212.640000
225.073960
226.827886
219.469615
204.566985
183.687834
158.400000
130.269240
100.852985
71.706584
44.385386
20.444742
1.440000
0.000000
0.000000
0.000000
0.000000
4.657643
25.920000
53.836665
86.204095
120.357215
153.630955
183.360241
206.880000
222.048704
228.819003
227.667088
219.069154
203.501394
181.440000
153.648517
122.039894
88.814431
56.172428
26.314184
1.440000
0.000000
0.000000
0.000000
0.000000
0.000000
20.640000
56.467020
98.229981
141.384821
181.387478
213.693891
233.760000
238.350248
229.463101
210.405531
184.484509
155.007009
125.280000
98.027545
73.642061
51.933057
32.710041
15.782519
0.960000
0.000000
0.000000
0.000000
0.000000
0.000000
7.680000
37.849718
75.087767
115.337983
154.544202
188.650263
213.600000
226.314888
227.626946
219.345830
203.281196
181.242701
155.040000
126.432953
96.982229
68.198699
41.593236
18.676713
0.960000
0.000000
0.000000
0.000000
0.000000
3.170448
19.200000
39.278288
62.076766
86.083804
109.787775
131.677050
150.240000
164.160212
172.902129
176.125409
173.489709
164.654687
149.280000
127.489752
101.265827
73.054559
45.302277
20.455314
0.960000
0.000000
0.000000
0.000000
0.000000
3.866281
20.160000
40.020455
62.542594
86.780017
111.786325
136.615119
160.320000
181.828509
199.563953
211.823577
216.904629
213.104354
198.720000
173.001063
139.006039
100.745674
62.230715
27.471908
0.480000
0.000000
0.000000
0.000000
0.000000
5.365790
24.000000
44.807756
66.368613
87.299419
106.217021
121.738266
132.480000
137.415070
136.940321
131.808596
122.772738
110.585592
96.000000
79.769740
62.652324
45.406196
28.789803
13.561589
0.480000
0.000000
0.000000
0.000000
0.000000
0.000000
11.520000
35.313049
64.399474
96.287327
128.484663
158.499536
183.840000
202.406278
213.667277
217.484073
213.717741
202.229358
182.880000
156.024059
123.989195
89.596382
55.666595
25.020809
0.480000
0.000000
0.000000
0.000000
0.000000
0.000000
12.960000
35.614895
61.298146
88.262019
114.758776
139.040682
159.360000
174.234048
183.240361
186.221524
183.020127
173.478757
157.440000
135.137800
108.371522
79.331883
50.209604
23.195403
0.480000
0.000000
0.000000
0.000000
0.000000
0.000000
12.000000
41.800979
77.076493
114.524348
150.842348
182.728297
206.880000
220.741336
224.740476
220.051666
207.849153
189.307183
165.600000
137.993679
108.121604
77.708987
48.481039
22.162973
0.480000
0.000000
0.000000
0.000000
0.000000
0.000000
21.600000
54.830528
93.905963
135.081466
174.612199
208.753323
233.760000
246.780606
248.536374
240.641750
224.711182
202.359116
175.200000
144.844826
112.890765
80.931535
50.560853
23.372436
0.960000
0.000000
0.000000
0.000000
0.000000
0.000000
22.560000
57.705921
98.955860
142.060027
182.768633
216.831887
240.000000
249.145114
245.627105
231.927781
210.528950
183.912420
154.560000
124.678066
95.371274
67.468848
41.800010
19.193987
0.480000
0.000000
0.000000
0.000000
0.000000
0.000000
14.400000
44.215898
79.513092
116.403841
151.000402
179.415036
197.760000
203.231566
197.362057
182.767810
162.065160
137.870445
112.800000
89.053394
67.163124
47.244920
29.414512
13.787629
0.480000
0.000000
0.000000
0.000000
0.000000
0.000000
14.400000
42.456062
76.486204
112.905046
148.127211
178.567322
200.640000
211.636447
212.354184
204.467308
189.649920
169.576117
145.920000
120.251481
93.723727
67.385721
42.286444
19.474876
0.000000
0.000000
0.000000
0.000000
0.000000
0.000000
14.400000
48.204669
88.925981
132.395052
174.443000
210.900944
237.600000
251.372582
253.056282
244.489987
227.512583
203.962959
175.680000
144.458336
111.915558
79.625002
49.160001
22.093889
0.000000
0.000000
0.000000
0.000000
0.000000
0.000000
10.560000
37.712029
69.411834
102.454976
133.637011
159.753500
177.600000
184.824476
182.484511
172.490092
156.751209
137.177849
115.680000
93.921179
72.579012
52.084656
32.869265
15.363995
0.000000
0.000000
0.000000
0.000000
0.000000
0.000000
12.960000
44.895585
83.743228
125.250209
165.163811
199.231314
223.200000
233.904628
232.529871
221.347879
202.630802
178.650793
151.680000
123.741458
95.861733
68.818276
43.388535
20.349959
0.480000
0.000000
0.000000
0.000000
0.000000
0.000000
14.400000
50.969273
94.996596
141.485651
185.440116
221.863673
245.760000
253.508925
246.994863
229.478378
204.220030
174.480383
143.520000
114.068360
86.730616
61.580838
38.693096
18.141460
0.000000
0.000000
0.000000
0.000000
0.000000
0.000000
5.760000
40.676659
83.783143
130.366084
175.712118
215.107878
243.840000
258.342395
259.638092
249.897395
231.290610
205.988043
176.160000
143.867093
110.731157
78.264338
47.978776
21.386616
0.000000
0.000000
0.000000
0.000000
0.000000
0.000000
10.560000
35.084858
63.430839
92.814643
120.452970
143.562523
159.360000
165.793555
163.737143
154.796174
140.576055
122.682194
102.720000
82.158701
61.922811
42.800662
25.580588
11.050923
0.000000
0.000000
0.000000
0.000000
0.000000
0.620781
9.600000
20.572515
32.572954
44.514620
55.310815
63.874841
69.120000
70.278300
67.856569
62.680340
55.575146
47.366522
38.880000
30.809841
23.325215
16.464021
10.264155
4.763516
0.000000
0.000000
0.000000
0.000000
0.000000
0.000000
6.240000
17.494149
31.171174
45.821673
59.996245
72.245488
81.120000
85.532180
85.841624
82.769731
77.037898
69.367522
60.480000
50.994910
41.124551
30.979401
20.669940
10.306647
0.000000
0.000000
0.000000
0.000000
0.000000
0.000000
15.360000
48.401259
88.785872
131.389946
171.089587
202.760903
221.280000
223.031227
210.431894
187.407553
157.883756
125.786054
95.040000
68.836056
47.424331
30.319843
17.037612
7.092658
0.000000
0.000000
0.000000
0.000000
0.000000
0.000000
5.760000
14.139081
24.079199
35.087852
46.672539
58.340755
69.600000
79.912461
88.559086
94.775514
97.797383
96.860333
91.200000
80.444409
65.791124
48.830092
31.151261
14.344581
0.000000
0.000000
0.000000
0.000000
0.000000
0.000000
7.200000
26.207093
48.232087
70.613429
90.689565
105.798940
113.280000
111.326170
101.550786
86.422163
68.408615
49.978455
33.600000
21.201560
12.551434
6.877918
3.409310
1.373905
0.000000
0.000000
0.000000
0.000000
0.371922
4.728146
12.000000
22.552520
35.790206
50.877429
66.978556
83.257957
98.880000
112.973441
124.524585
132.484122
135.802742
133.431138
124.320000
108.024826
86.520343
62.386085
38.201585
16.546379
0.000000
0.000000
0.000000
0.000000
0.000000
0.000000
5.760000
11.288376
16.081259
20.687755
25.656972
31.538018
38.880000
47.923684
57.676476
66.837440
74.105639
78.180137
77.760000
71.970219
61.639502
48.022486
32.373806
15.948098
0.000000
0.000000
0.000000
0.000000
0.000000
0.000000
9.600000
45.581358
89.485107
135.807047
179.042976
213.688694
234.240000
236.812462
224.000724
200.019196
169.082292
135.404423
103.200000
75.864348
53.516442
35.456167
20.983411
9.398060
0.000000
0.000000
0.000000
0.000000
0.000000
0.000000
8.160000
27.848408
51.656192
76.779297
100.413669
119.755255
132.000000
135.136223
130.321725
119.506680
104.641262
87.675644
70.560000
54.902257
40.941354
28.573984
17.696840
8.206615
0.000000
0.000000
0.000000
0.000000
0.000000
0.000000
3.840000
20.007633
39.958322
61.596485
82.826540
101.552906
115.680000
123.601384
125.667186
122.716678
115.589130
105.123813
92.160000
77.495720
61.764045
45.556805
29.465830
14.082952
0.000000
0.000000
0.000000
0.000000
0.000000
0.000000
10.080000
40.745785
78.124977
117.798785
155.348419
186.355087
206.400000
212.290013
205.734569
189.668757
167.027665
140.746383
113.760000
88.534162
65.656747
45.246188
27.420921
12.299380
0.000000
0.000000
0.000000
0.000000
0.000000
0.000000
6.720000
25.621374
48.340586
72.607847
96.153364
116.707345
132.000000
140.296723
142.003655
138.062121
129.413450
116.998967
101.760000
84.620623
66.435906
48.043667
30.281725
13.987896
0.000000
0.000000
0.000000
0.000000
0.000000
0.000000
5.760000
27.482905
53.726545
81.783496
108.946338
132.507646
149.760000
158.652039
159.756656
154.302806
143.519443
128.635523
110.880000
91.422271
71.193497
51.065280
31.909224
14.596929
0.000000
0.000000
0.000000
0.000000
0.000000
0.000000
8.160000
30.457777
56.973523
84.790427
110.991681
132.660475
146.880000
151.541125
147.765441
137.482217
122.620723
105.110227
86.880000
69.533277
53.369156
38.360704
24.480984
11.703061
0.000000
0.000000
0.000000
0.000000
0.000000
0.000000
5.760000
32.228098
64.914667
99.999425
133.662088
162.082374
181.440000
188.935174
185.850065
174.487334
157.149639
136.139641
113.760000
91.944539
71.151739
51.471241
32.992690
15.805728
0.000000
0.000000
0.000000
0.000000
0.000000
0.000000
6.240000
40.833231
83.351896
128.537951
171.133349
205.880047
227.520000
232.295962
222.453879
201.740496
173.902558
142.686811
111.840000
84.440700
60.894812
40.940066
24.314195
10.754929
0.000000
0.000000
0.000000
0.000000
0.000000
0.000000
6.720000
23.725458
44.126579
65.842979
86.794272
104.900074
118.080000
124.759153
125.384588
120.908847
112.284474
100.464010
86.400000
71.006819
55.046182
39.241634
24.316723
10.994996
0.000000
0.000000
0.000000
0.000000
0.000000
0.000000
7.200000
22.843347
41.186629
60.239891
78.013178
92.516533
101.760000
104.315265
101.000574
93.195815
82.280875
69.635641
56.640000
44.448926
33.317740
23.276847
14.356655
6.587571
0.000000
0.000000
0.000000
0.000000
0.000000
0.000000
3.360000
15.152732
29.350617
44.235970
58.091108
69.198346
75.840000
76.815597
72.993510
65.759323
56.498620
46.596984
37.440000
30.062657
24.097564
18.826737
13.532190
7.495940
0.000000
0.000000
0.000000
0.000000
0.000000
0.000000
6.240000
38.873349
80.086386
124.598342
167.128444
202.395920
225.120000
231.488384
223.562664
204.872902
178.949162
149.321507
119.520000
92.450892
68.525180
47.530050
29.252687
13.480275
0.000000
0.000000
0.000000
0.000000
0.000000
0.000000
3.840000
28.188026
57.897250
89.442364
119.298064
143.939045
159.840000
164.453180
159.141053
146.243647
128.100986
107.053095
85.440000
65.254811
47.102981
31.243047
17.933547
7.433019
0.000000
0.000000
0.000000
0.000000
0.000000
0.000000
3.360000
6.650440
10.273371
14.840293
20.962705
29.252107
40.320000
54.337330
69.712826
84.414665
96.411023
103.670076
104.160000
96.538019
82.217548
63.301049
41.890983
20.089813
0.000000
0.000000
0.000000
0.000000
0.000000
0.000000
6.240000
40.161832
81.252306
124.734392
165.831057
199.765270
221.760000
228.366524
221.449349
204.201293
179.815172
151.483802
122.400000
95.243185
70.639186
48.700436
29.539367
13.268411
0.000000
0.000000
0.000000
0.000000
0.000000
0.000000
5.280000
24.798313
48.140748
72.751719
96.075641
115.556930
128.640000
133.466011
130.963104
122.756163
110.470076
95.729726
80.160000
65.106532
50.797949
37.183628
24.212945
11.835277
0.000000
0.000000
0.000000
0.000000
0.000000
0.000000
4.320000
33.059797
68.523870
106.119072
141.252259
169.330283
185.760000
187.315172
176.237198
156.134385
130.615043
103.287479
77.760000
56.879516
40.447340
27.503386
17.087569
8.239802
0.000000
0.000000
0.000000
0.000000
0.000000
0.000000
4.320000
28.262316
58.130001
90.168333
120.622591
145.738053
161.760000
165.988415
159.942110
146.194599
127.319400
105.890028
84.480000
65.197355
48.288227
33.533271
20.713144
9.608501
0.000000
0.000000
0.000000
0.000000
0.000000
0.000000
2.880000
21.345103
44.020732
68.257462
91.405866
110.816521
123.840000
128.546312
125.883199
117.517836
105.117398
90.349061
74.880000
60.096315
46.259805
33.351195
21.351208
10.240568
0.000000
0.000000
0.000000
0.000000
0.000000
0.000000
4.320000
27.401085
55.918765
86.479268
115.688823
140.153658
156.480000
162.198344
158.536250
147.645543
131.678049
112.785593
93.120000
74.465537
57.136234
41.078559
26.238981
12.563972
0.000000
0.000000
0.000000
0.000000
0.000000
0.000000
3.840000
31.183106
64.681841
99.940552
132.563584
158.155285
172.320000
171.999182
159.482710
138.397570
112.370748
85.029230
60.000000
40.162388
25.405096
14.869167
7.695645
3.025574
0.000000
0.000000
0.000000
0.000000
0.000000
0.000000
3.360000
8.381443
14.758390
22.367781
31.086553
40.791647
51.360000
62.498519
73.233977
82.423114
88.922670
91.589385
89.280000
81.282259
68.607925
52.699765
35.000546
16.953035
0.000000
0.000000
0.000000
0.000000
0.000000
0.000000
2.400000
32.714628
69.788115
109.128927
146.245533
176.646401
195.840000
200.611264
192.850996
175.726466
152.404943
126.053698
99.840000
76.362538
55.945680
38.345211
23.316917
10.616585
0.000000
0.000000
0.000000
0.000000
0.000000
0.000000
2.400000
20.160909
41.771404
64.704022
86.431302
104.425782
116.160000
119.815559
116.410322
107.671219
95.325178
81.099129
66.720000
53.572412
41.671753
30.691102
20.303540
10.182146
0.000000
0.000000
0.000000
0.000000
0.000000
0.000000
3.360000
31.879524
67.286466
104.811406
139.684922
167.137594
182.400000
182.153778
168.884802
146.530003
119.026315
90.310670
64.320000
44.129809
29.369883
18.808581
11.214261
5.355281
0.000000
0.000000
0.000000
0.000000
0.000000
0.000000
2.400000
20.033352
42.256339
66.288729
89.350290
108.660791
121.440000
125.668494
122.370089
113.329412
100.331088
85.159742
69.600000
55.121561
41.934415
29.933623
19.014248
9.071353
0.000000
0.000000
0.000000
0.000000
0.000000
0.000000
2.400000
21.915172
45.998801
71.681994
95.995855
115.971488
128.640000
131.876275
126.930321
115.895928
100.866885
83.936979
67.200000
52.341951
39.417691
28.074292
17.958829
8.718374
0.000000
0.000000
0.000000
0.000000
0.000000
0.000000
2.880000
24.756586
51.964424
81.118099
108.832197
131.721302
146.400000
150.433290
145.187833
132.980701
116.128969
96.949710
77.760000
60.450252
45.204245
31.779098
19.931929
9.419856
0.000000
0.000000
0.000000
0.000000
0.000000
0.000000
2.400000
22.282502
46.779455
72.849269
97.450358
117.541131
130.080000
132.897626
127.313662
115.520014
99.708585
82.071279
64.800000
49.662552
36.730341
25.650673
16.070856
7.638196
0.000000
0.000000
0.000000
0.000000
0.000000
0.000000
1.920000
19.219888
40.618646
63.420155
84.928296
102.446951
113.280000
115.506057
110.302661
99.622086
85.416602
69.638483
54.240000
40.806996
29.459597
19.951501
12.036405
5.468006
0.000000
0.000000
0.000000
0.000000
0.000000
0.000000
2.400000
12.658056
25.255718
38.840864
52.061375
63.565127
72.000000
76.339595
76.860402
74.164634
68.854502
61.532220
52.800000
43.239120
33.347119
23.600601
14.476173
6.450437
0.000000
0.000000
0.000000
0.000000
0.000000
0.000000
1.440000
7.736287
15.097276
22.947555
30.711710
37.814329
43.680000
47.835370
50.215327
50.856820
49.796797
47.072208
42.720000
36.848901
29.854750
22.205166
14.367768
6.810173
0.000000
0.000000
0.000000
0.000000
0.000000
0.000000
0.960000
12.081657
25.535892
39.644774
52.730373
63.114759
69.120000
69.577679
65.357427
57.838389
48.399709
38.420531
29.280000
22.036517
16.465511
12.021670
8.159680
4.334228
0.000000
0.000000
0.000000
0.000000
0.000000
0.000000
1.440000
17.942911
38.687931
60.798605
81.398478
97.611095
106.560000
106.252100
98.227746
84.910648
68.724516
52.093064
37.440000
26.602020
19.067751
13.738804
9.516790
5.303318
0.000000
0.000000
0.000000
0.000000
0.000000
0.000000
1.440000
25.867593
56.918365
90.384654
122.058798
147.733134
163.200000
165.480921
156.514180
139.467247
117.507592
93.802687
71.520000
53.155388
38.518247
26.746357
16.977499
8.349453
0.000000
0.000000
0.000000
0.000000
0.000000
0.000000
1.440000
25.178954
54.745982
86.064342
115.057293
137.648092
149.760000
148.573324
136.296573
116.395307
92.335083
67.581461
45.600000
29.087750
17.667725
10.194431
5.522376
2.506063
0.000000
0.000000
0.000000
0.000000
0.000000
0.000000
0.480000
9.629540
21.242165
33.797698
45.775965
55.656790
61.920000
63.479495
60.985481
55.522242
48.174060
40.025218
32.160000
25.423592
19.704801
14.653336
9.918907
5.151225
0.000000
0.000000
0.000000
0.000000
0.000000
0.000000
0.960000
17.634085
38.571714
60.949003
81.942069
98.727029
108.480000
109.224189
102.371161
90.179573
74.908079
58.815336
44.160000
32.678049
24.014753
17.292707
11.634503
6.162737
0.000000
0.000000
0.000000
0.000000
0.000000
0.000000
0.960000
24.143040
53.510383
85.148890
115.145422
139.586838
154.560000
157.284223
149.508639
134.114837
113.984405
91.998930
71.040000
53.395625
38.979505
27.111760
17.112514
8.301886
0.000000
0.000000
0.000000
0.000000
0.000000
0.000000
0.960000
22.297933
48.860459
77.095752
103.451990
124.377347
136.320000
136.799435
127.620379
111.658870
91.790945
70.892643
51.840000
36.873217
25.689137
17.348769
10.913119
5.443194
0.000000
0.000000
0.000000
0.000000
0.000000
0.000000
0.960000
19.007098
41.667465
65.827019
88.371681
106.187368
116.160000
116.121686
107.689291
93.425870
75.894478
57.658170
41.280000
28.741714
19.699816
13.229501
8.405963
4.304398
0.000000
0.000000
0.000000
0.000000
0.000000
0.000000
0.480000
16.585785
36.921069
58.665993
79.000696
95.105319
104.160000
104.200958
96.688723
83.939902
68.271102
51.998933
37.440000
26.374827
18.439595
12.734400
8.359339
4.414507
0.000000
0.000000
0.000000
0.000000
0.000000
0.000000
0.480000
18.106238
40.468817
64.535610
87.274490
105.653329
116.640000
118.093092
111.434056
98.975061
83.028275
65.905865
49.920000
36.885840
26.630514
18.484145
11.776855
5.838766
0.000000
0.000000
0.000000
0.000000
0.000000
0.000000
0.480000
17.588850
39.025043
61.882417
83.254810
100.236058
109.920000
110.276606
102.780383
89.781971
73.632010
56.681140
41.280000
29.255836
20.342312
13.749698
8.688261
4.368272
0.000000
0.000000
0.000000
0.000000
0.000000
0.000000
0.480000
15.323967
34.016218
53.993349
72.691958
87.548643
96.000000
96.250749
89.578095
78.027366
63.643889
48.472991
34.560000
23.524148
15.280291
9.317187
5.123598
2.188282
0.000000
0.000000
0.000000
0.000000
0.000000
0.000000
0.480000
4.674110
9.827853
15.307271
20.478407
24.707302
27.360000
27.990901
26.907845
24.607029
21.584651
18.336909
15.360000
13.006728
11.056321
9.144612
6.907433
3.980618
0.000000
0.000000
0.000000
0.000000
0.000000
0.000000
0.000000
16.733420
37.867310
60.337292
81.078986
97.028015
105.120000
103.255244
93.192777
77.656309
59.369549
41.056210
25.440000
14.592268
7.974914
4.397473
2.669483
1.600479
0.000000
0.000000
0.000000
0.000000
0.000000
0.000000
0.000000
12.187226
27.932594
45.087331
61.502660
75.029808
83.520000
85.439860
81.717612
73.896879
63.521284
52.134450
41.280000
32.160001
24.610292
18.125154
12.198872
6.325726
0.000000
0.000000
0.000000
0.000000
0.000000
0.000000
0.000000
20.043898
45.180376
71.864830
96.552656
115.699247
125.760000
124.293161
113.268384
95.758175
74.835037
53.571477
35.040000
21.603457
12.786086
7.402471
4.267196
2.194844
0.000000
0.000000
0.000000
0.000000
0.000000
0.000000
0.480000
12.293391
27.495942
44.129764
60.236973
73.859680
83.040000
86.348980
84.473407
78.629002
70.031485
59.896577
49.440000
39.655132
30.645985
22.294229
14.481533
7.089567
0.000000
0.000000
0.000000
0.000000
0.000000
0.000000
0.000000
16.249570
36.356740
57.569439
77.135597
92.303141
100.320000
99.291230
90.750388
77.088160
60.695229
43.962281
29.280000
18.492178
11.255041
6.677921
3.870153
1.941068
0.000000
0.000000
0.000000
0.000000
0.000000
0.000000
0.000000
8.963148
20.431611
32.861460
44.708762
54.429586
60.480000
61.758464
58.932996
53.114006
45.411904
36.937099
28.800000
21.882998
16.156406
11.362516
7.243623
3.542020
0.000000
0.000000
0.000000
0.000000
0.000000
0.000000
0.000000
8.996604
20.140291
31.833768
42.479741
50.480916
54.240000
52.681818
46.819677
38.188999
28.325211
18.763736
11.040000
6.276122
3.941003
3.090236
2.779416
2.064140
0.000000
0.000000
0.000000
0.000000
0.000000
0.000000
0.000000
16.315774
37.327078
60.089532
81.658756
99.090372
109.440000
110.625433
104.013152
91.831814
76.310073
59.676583
44.160000
31.529162
21.713646
14.183211
8.407619
3.856628
0.000000
0.000000
0.000000
0.000000
0.000000
0.000000
0.000000
8.330275
18.646188
29.575428
39.745683
47.784644
52.320000
52.400981
48.762985
42.562949
34.957814
27.104518
20.160000
14.992468
11.315207
8.552775
6.129726
3.470615
0.000000
0.000000
0.000000
0.000000
0.000000
0.000000
0.000000
15.264271
34.646715
55.423419
74.870476
90.263973
98.880000
98.820433
91.490289
79.120371
63.941481
48.184423
34.080000
23.353997
15.712129
10.355097
6.483599
3.298334
0.000000
0.000000
0.000000
0.000000
0.000000
0.000000
0.000000
12.318347
27.776428
44.067940
58.886575
69.926031
74.880000
72.196366
63.339760
50.529001
35.982909
21.920302
10.560000
3.549523
0.251199
0.000000
0.000000
0.539428
0.000000
0.000000
0.000000
0.000000
0.000000
0.000000
0.000000
12.679426
29.055919
46.656851
63.009594
75.641519
82.080000
80.625643
72.671991
60.385823
45.933916
31.483049
19.200000
10.731336
5.642784
2.979858
1.788075
1.112951
0.000000
0.000000
0.000000
0.000000
0.000000
0.000000
0.000000
9.408168
21.534162
34.661163
47.072349
57.050901
62.880000
63.351648
59.293143
52.040605
42.930155
33.297913
24.480000
17.518573
12.279932
8.336417
5.260365
2.624113
0.000000
0.000000
0.000000
0.000000
0.000000
0.000000
0.000000
8.336293
18.900448
30.328680
41.257205
50.322240
56.160000
57.789656
55.762194
51.011556
44.471684
37.076518
29.760000
23.271751
17.624110
12.645096
8.162728
4.005023
0.000000
0.000000
0.000000
0.000000
0.000000
0.000000
0.000000
9.781558
22.023766
35.162670
47.634314
57.874742
64.320000
65.854875
63.159127
57.361261
49.589782
40.973194
32.640000
25.478944
19.419726
14.152284
9.366557
4.752482
0.000000
0.000000
0.000000
0.000000
0.000000
0.000000
0.000000
13.703663
30.812400
48.909308
65.577480
78.400012
84.960000
83.602668
75.721765
63.473168
49.012756
34.496407
22.080000
13.398998
8.007208
4.938022
3.224830
1.901026
0.000000
0.000000
0.000000
0.000000
0.000000
0.000000
0.000000
12.084536
27.546294
44.162996
59.712365
71.972126
78.720000
78.407183
72.178756
61.853272
49.249283
36.185341
24.480000
15.560064
9.285347
5.123916
2.543837
1.013176
0.000000
0.000000
0.000000
0.000000
0.000000
0.000000
0.000000
2.343025
5.381898
8.851826
12.488015
16.025671
19.200000
21.779784
23.668107
24.801630
25.117013
24.550916
23.040000
20.564507
17.279007
13.381654
9.070600
4.543998
0.000000
0.000000
0.000000
0.000000
0.000000
0.000000
0.000000
10.213404
22.870869
36.291329
48.793716
58.696962
64.320000
64.490863
60.073992
52.442928
42.971214
33.032391
24.000000
16.943144
11.713162
7.856957
4.921428
2.453475
0.000000
0.000000
0.000000
0.000000
0.000000
0.000000
0.000000
8.019497
18.144517
29.006068
39.235160
47.462801
52.320000
52.843228
49.690797
43.926485
36.614064
28.817311
21.600000
15.794259
11.305627
7.807994
4.975251
2.481289
0.000000
0.000000
0.000000
0.000000
0.000000
0.000000
0.000000
7.500131
16.934257
27.025842
36.498351
44.075249
48.480000
48.817516
45.718498
40.195090
33.259440
25.923695
19.200000
13.876470
9.845086
6.773798
4.330555
2.183306
0.000000
0.000000
0.000000
0.000000
0.000000
0.000000
0.000000
7.054889
15.972501
25.567327
34.653859
42.046586
46.560000
47.352729
44.959949
40.260972
34.135114
27.461685
21.120000
15.807529
11.494371
7.968783
5.019021
2.433341
0.000000
0.000000
0.000000
0.000000
0.000000
0.000000
0.000000
6.132739
13.766473
21.855633
29.354653
35.217964
38.400000
38.178555
35.124876
30.133572
24.099252
17.916525
12.480000
8.473040
5.734022
3.890078
2.568339
1.395936
0.000000
0.000000
0.000000
0.000000
0.000000
0.000000
0.000000
6.267598
14.172063
22.525464
30.139874
35.827362
38.400000
37.055878
32.537159
25.972029
18.488670
11.215266
5.280000
1.528892
0.000000
0.000000
0.000000
0.000000
0.000000
0.000000
0.000000
0.000000
0.000000
0.000000
0.000000
4.203551
9.711473
15.724422
21.443055
26.068029
28.800000
29.077238
27.288467
24.060021
20.018238
15.789452
12.000000
9.120828
7.001326
5.335492
3.817327
2.140830
0.000000
0.000000
0.000000
0.000000
0.000000
0.000000
0.000000
8.990266
20.324864
32.332465
43.341741
51.681362
55.680000
54.203933
48.269870
39.432129
29.245026
19.262877
11.040000
5.734002
2.915654
1.759019
1.438156
1.127130
0.000000
0.000000
0.000000
0.000000
0.000000
0.000000
0.000000
10.750209
24.529855
39.273796
52.916894
63.394009
68.640000
67.241327
60.390848
49.933018
37.712296
25.573138
15.360000
8.464482
4.466755
2.494130
1.673921
1.133440
0.000000
0.000000
0.000000
0.000000
0.000000
0.000000
0.000000
9.854764
22.502486
36.084020
48.740215
58.611925
63.840000
63.137979
57.510143
48.533459
37.784896
26.841420
17.280000
10.319988
5.750276
3.002144
1.506868
0.695728
0.000000
0.000000
0.000000
0.000000
0.000000
0.000000
0.000000
3.765065
8.561384
13.685997
18.435944
22.108265
24.000000
23.628780
21.394601
17.918047
13.819705
9.720161
6.240000
3.846480
2.393546
1.581814
1.111901
0.684424
0.000000
0.000000
0.000000
0.000000
0.000000
0.000000
0.000000
4.376765
9.997145
16.079398
21.841785
26.502566
29.280000
29.623195
27.904650
24.727711
20.695725
16.412039
12.480000
9.363788
6.970923
5.069758
3.428647
1.815943
0.000000
0.000000
0.000000
0.000000
0.000000
0.000000
0.000000
6.527380
14.724665
23.397213
31.350380
37.389524
40.320000
39.328829
35.129681
28.817890
21.488790
14.237716
8.160000
4.083972
1.769945
0.711227
0.401124
0.332946
0.000000
0.000000
0.000000
0.000000
0.000000
0.000000
0.000000
4.532679
10.410126
16.799961
22.869804
27.787277
30.720000
31.080670
29.262293
25.902954
21.640737
17.113724
12.960000
9.671309
7.154035
5.168222
3.473916
1.831160
0.000000
0.000000
0.000000
0.000000
0.000000
0.000000
0.000000
6.530090
14.741917
23.455153
31.489465
37.664524
40.800000
40.087769
36.208541
30.215234
23.160763
16.098046
10.080000
5.905500
3.357250
1.963913
1.254151
0.756626
0.000000
0.000000
0.000000
0.000000
0.000000
0.000000
0.000000
5.362466
12.224032
19.579634
26.424206
31.752683
34.560000
34.153239
31.088080
26.232350
20.453875
14.620482
9.600000
6.051243
3.796980
2.450967
1.626962
0.938720
0.000000
0.000000
0.000000
0.000000
0.000000
0.000000
0.000000
5.366046
12.222571
19.593902
26.504366
31.978290
35.040000
35.009582
32.390158
27.980608
22.579811
16.986649
12.000000
8.235624
5.576796
3.723666
2.376389
1.235116
0.000000
0.000000
0.000000
0.000000
0.000000
0.000000
0.000000
4.886029
11.079235
17.717426
23.938411
28.879999
31.680000
31.736852
29.491513
25.645570
20.900612
15.958226
11.520000
8.126563
5.674714
3.900293
2.539140
1.327095
0.000000
0.000000
0.000000
0.000000
0.000000
0.000000
0.000000
5.048077
11.424538
18.226672
24.551768
29.497115
32.160000
31.915241
29.247772
24.920051
19.694542
14.333705
9.600000
6.084290
3.691042
2.153122
1.203397
0.574734
0.000000
0.000000
0.000000
0.000000
0.000000
0.000000
0.000000
2.378657
5.423384
8.737032
11.922451
14.582490
16.320000
16.848888
16.327292
15.024409
13.209435
11.151567
9.120000
7.325792
5.747448
4.305331
2.919808
1.511242
0.000000
0.000000
0.000000
0.000000
0.000000
0.000000
0.000000
4.566883
10.276442
16.317606
21.879302
26.150457
28.320000
27.833416
25.162427
21.035311
16.180349
11.325819
7.200000
4.352785
2.620516
1.661149
1.132637
0.692936
0.000000
0.000000
0.000000
0.000000
0.000000
0.000000
0.000000
4.572110
10.410789
16.658475
22.457612
26.950640
29.280000
28.856116
26.161339
21.946005
16.960447
11.955001
7.680000
4.703427
2.863856
1.817507
1.220600
0.729358
0.000000
0.000000
0.000000
0.000000
0.000000
0.000000
0.000000
4.591429
10.447639
16.706616
22.506346
26.984812
29.280000
28.799666
26.030651
21.729565
16.653021
11.557629
7.200000
4.156573
2.283090
1.255122
0.748237
0.438007
0.000000
0.000000
0.000000
0.000000
0.000000
0.000000
0.000000
3.236145
7.400066
11.905088
16.164534
19.591730
21.600000
21.776934
20.407193
17.949702
14.863389
11.607179
8.640000
6.316118
4.571163
3.236104
2.141911
1.119553
0.000000
0.000000
0.000000
0.000000
0.000000
0.000000
0.000000
4.009512
9.076220
14.500372
19.582220
23.622012
25.920000
25.987803
24.182523
21.072631
17.226599
13.212898
9.600000
6.825942
4.807022
3.329104
2.178051
1.139729
0.000000
0.000000
0.000000
0.000000
0.000000
0.000000
0.000000
4.289227
9.706528
15.487078
20.866056
25.078638
27.360000
27.181327
24.957832
21.340732
16.981247
12.530597
8.640000
5.805463
3.902146
2.649994
1.768955
0.978974
0.000000
0.000000
0.000000
0.000000
0.000000
0.000000
0.000000
4.651704
10.559069
16.872838
22.743754
27.322560
29.760000
29.469698
26.916806
22.829357
17.935385
12.962921
8.640000
5.522836
3.480372
2.209733
1.408041
0.772422
0.000000
0.000000
0.000000
0.000000
0.000000
0.000000
0.000000
3.992448
9.081700
14.543418
19.653265
23.686905
25.920000
25.849028
23.853718
20.534616
16.492266
12.327213
8.640000
5.891441
3.983427
2.678117
1.737669
0.924244
0.000000
0.000000
0.000000
0.000000
0.000000
0.000000
0.000000
3.925509
8.908504
14.250217
19.251882
23.214732
25.440000
25.439422
23.566744
20.386215
16.462082
12.358594
8.640000
5.750135
3.651185
2.184923
1.193123
0.517558
0.000000
0.000000
0.000000
0.000000
0.000000
0.000000
0.000000
1.200825
2.723642
4.398709
6.056286
7.526630
8.640000
9.267774
9.445806
9.251071
8.760542
8.051194
7.200000
6.268080
5.253134
4.137008
2.901546
1.528595
0.000000
0.000000
0.000000
0.000000
0.000000
0.000000
0.000000
4.590073
10.322458
16.379397
21.943138
26.195924
28.320000
27.757578
24.990734
20.761512
15.811953
10.884102
6.720000
3.879614
2.194605
1.314555
0.889048
0.567669
0.000000
0.000000
0.000000
0.000000
0.000000
0.000000
0.000000
4.273414
9.753118
15.644370
21.152429
25.482553
27.840000
27.673488
25.405568
21.702250
17.229543
12.653456
8.640000
5.699299
3.717941
2.426629
1.556066
0.836956
0.000000
0.000000
0.000000
0.000000
0.000000
0.000000
0.000000
3.894551
8.840280
14.128439
19.050278
22.897048
24.960000
24.750258
22.658434
19.295011
15.270476
11.195310
7.680000
5.184417
3.565985
2.531515
1.787820
1.041711
0.000000
0.000000
0.000000
0.000000
0.000000
0.000000
0.000000
5.405063
12.265728
19.572774
26.316982
31.489131
34.080000
33.398786
30.028351
24.869975
18.824939
12.794520
7.680000
4.166461
2.074202
1.007324
0.569930
0.366121
0.000000
0.000000
0.000000
0.000000
0.000000
0.000000
0.000000
3.569838
8.168656
13.129767
17.786485
21.472125
23.520000
23.465277
21.650535
18.620205
14.918718
11.090506
7.680000
5.109053
3.309204
2.089413
1.258642
0.625851
0.000000
0.000000
0.000000
0.000000
0.000000
0.000000
0.000000
2.381345
5.395750
8.622015
11.638944
14.025339
15.360000
15.349441
14.211017
12.289795
9.930841
7.479220
5.280000
3.600890
2.400181
1.558803
0.957692
0.477780
0.000000
0.000000
0.000000
0.000000
0.000000
0.000000
0.000000
1.711122
3.886778
6.241231
8.488744
10.343579
11.520000
11.812961
11.340184
10.300085
8.891078
7.311578
5.760000
4.397036
3.232487
2.238430
1.386945
0.650109
0.000000
0.000000
0.000000
0.000000
0.000000
0.000000
0.000000
1.271826
2.843591
4.516793
6.092930
7.373500
8.160000
8.313802
7.935768
7.186635
6.227138
5.218015
4.320000
3.646301
3.120004
2.616668
2.011850
1.181108
0.000000
0.000000
0.000000
0.000000
0.000000
0.000000
0.000000
5.234159
11.858685
18.916554
25.450744
30.504234
33.120000
32.640145
29.603267
24.847090
19.209338
13.527733
8.640000
5.185262
3.008247
1.755085
1.071903
0.604832
0.000000
0.000000
0.000000
0.000000
0.000000
0.000000
0.000000
3.826174
8.710109
13.934632
18.782570
22.536750
24.480000
24.118719
21.853598
18.308901
14.108894
9.877838
6.240000
3.672284
2.062166
1.149762
0.675189
0.378563
0.000000
0.000000
0.000000
0.000000
0.000000
0.000000
0.000000
2.550253
5.795777
9.242041
12.394518
14.758681
15.840000
15.304621
13.461380
10.779787
7.729353
4.779587
2.400000
0.937931
0.252038
0.078811
0.154736
0.216303
0.000000
0.000000
0.000000
0.000000
0.000000
0.000000
0.000000
3.174112
7.279427
11.721310
15.905124
19.236233
21.120000
21.139897
19.591823
16.949789
13.687801
10.279869
7.200000
4.819635
3.099945
1.899534
1.077004
0.490958
0.000000
0.000000
0.000000
0.000000
0.000000
0.000000
0.000000
1.374115
3.106476
4.972163
6.746259
8.203844
9.120000
9.335311
8.952369
8.139271
7.064114
5.894991
4.800000
3.904643
3.164048
2.490751
1.797287
0.996192
0.000000
0.000000
0.000000
0.000000
0.000000
0.000000
0.000000
3.821994
8.639084
13.758350
18.486872
22.131729
24.000000
23.617017
21.381113
17.908874
13.816886
9.721733
6.240000
3.836606
2.369797
1.546152
1.072252
0.654675
0.000000
0.000000
0.000000
0.000000
0.000000
0.000000
0.000000
4.170486
9.498070
15.207782
20.524653
24.673716
26.880000
26.608162
24.281355
20.562357
16.113946
11.598901
7.680000
4.863533
3.029845
1.902791
1.206228
0.664012
0.000000
0.000000
0.000000
0.000000
0.000000
0.000000
0.000000
3.525648
8.013093
12.811292
17.269204
20.735787
22.560000
22.293036
20.295030
17.128353
13.355375
9.538467
6.240000
3.888875
2.380121
1.475297
0.935963
0.523677
0.000000
0.000000
0.000000
0.000000
0.000000
0.000000
0.000000
2.956385
6.730829
10.782872
14.572054
17.557917
19.200000
19.122996
17.612198
15.118054
12.091009
8.981509
6.240000
4.211632
2.820377
1.884911
1.223909
0.656046
0.000000
0.000000
0.000000
0.000000
0.000000
0.000000
0.000000
2.888691
6.532233
10.385880
13.904887
16.544509
17.760000
17.183650
15.155888
12.194178
8.815984
5.538770
2.880000
1.223376
0.417549
0.177409
0.217844
0.253745
0.000000
0.000000
0.000000
0.000000
0.000000
0.000000
0.000000
3.425236
7.846785
12.617841
17.091599
20.621254
22.560000
22.458430
20.656721
17.692448
14.103187
10.426513
7.200000
4.834378
3.232998
2.172365
1.428985
0.779361
0.000000
0.000000
0.000000
0.000000
0.000000
0.000000
0.000000
3.600506
8.170749
13.055275
17.598629
21.145355
23.040000
22.829475
20.870162
17.720810
13.940166
10.086980
6.720000
4.268260
2.641934
1.621485
0.987373
0.520057
0.000000
0.000000
0.000000
0.000000
0.000000
0.000000
0.000000
2.561796
5.829666
9.345517
12.651253
15.288779
16.800000
16.864220
15.710346
13.704681
11.213532
8.603203
6.240000
4.407989
3.062284
2.075758
1.321286
0.671742
0.000000
0.000000
0.000000
0.000000
0.000000
0.000000
0.000000
2.345610
5.326751
8.555092
11.642301
14.200048
15.840000
16.282626
15.683586
14.307344
12.418358
10.281090
8.160000
6.270554
4.632236
3.215533
1.990934
0.928927
0.000000
0.000000
0.000000
0.000000
0.000000
0.000000
0.000000
1.719928
3.826776
6.042375
8.088558
9.687156
10.560000
10.516243
9.714317
8.399976
6.818974
5.217064
3.840000
2.868435
2.222624
1.757721
1.328879
0.791254
0.000000
0.000000
0.000000
0.000000
0.000000
0.000000
0.000000
3.891499
8.836628
14.125714
19.049086
22.897072
24.960000
24.746209
22.636078
19.228001
15.120368
10.911571
7.200000
4.450333
2.592391
1.422280
0.736107
0.329978
0.000000
0.000000
0.000000
0.000000
0.000000
0.000000
0.000000
1.368722
3.101294
4.946211
6.651971
7.967068
8.640000
8.499319
7.693801
6.452278
5.003582
3.576545
2.400000
1.640669
1.216836
0.984678
0.800369
0.520085
0.000000
