19.680000
19.114983
16.947924
13.733859
10.027825
6.384860
3.360000
1.372758
0.300554
0.000000
0.000000
0.000000
0.000000
0.000000
0.000000
0.000000
0.000000
0.000000
0.000000
1.791309
4.140002
6.714648
9.183817
11.216078
12.480000
12.738559
12.132354
10.896390
9.265673
7.475208
5.760000
4.307789
3.117249
2.139791
1.326824
0.629757
0.000000
0.000000
0.000000
0.000000
0.000000
0.000000
0.000000
1.424397
3.234817
5.242425
7.258382
9.093853
10.560000
11.507681
11.946525
11.925855
11.494996
10.703270
9.600000
8.238214
6.685751
5.014155
3.294969
1.599736
0.000000
0.000000
0.000000
0.000000
0.000000
0.000000
0.000000
3.072818
6.863474
10.895742
14.693401
17.780228
19.680000
20.055929
19.128968
17.259506
14.807931
12.134633
9.600000
7.483467
5.740656
4.246236
2.874874
1.501239
0.000000
0.000000
0.000000
0.000000
0.000000
0.000000
0.000000
4.886832
11.034602
17.591557
23.705944
28.526009
31.200000
31.135801
28.779850
24.838219
20.016985
15.022220
10.560000
7.176629
4.779332
3.115565
1.932784
0.978443
0.000000
0.000000
0.000000
0.000000
0.000000
0.000000
0.000000
3.688192
8.373821
13.426351
18.215248
22.109976
24.480000
24.878436
23.593004
21.095073
17.856016
14.347201
11.040000
8.304730
6.107497
4.313355
2.787356
1.394553
0.000000
0.000000
0.000000
0.000000
0.000000
0.000000
0.000000
4.031362
9.077807
14.440615
19.421064
23.320433
25.440000
25.296353
23.267319
19.946031
15.925625
11.799237
8.160000
5.463225
3.612918
2.375260
1.516434
0.802620
0.000000
0.000000
0.000000
0.000000
0.000000
0.000000
0.000000
3.498228
7.938595
12.693028
17.133456
20.631804
22.560000
22.483008
20.737944
17.854958
14.364204
10.795834
7.680000
5.416406
3.882964
2.827138
1.996393
1.138192
0.000000
0.000000
0.000000
0.000000
0.000000
0.000000
0.000000
5.371455
12.182901
19.446909
26.176048
31.382888
34.080000
33.587257
30.453751
25.535876
19.690029
13.772606
8.640000
4.952850
2.588763
1.229586
0.557168
0.253356
0.000000
0.000000
0.000000
0.000000
0.000000
0.000000
0.000000
1.855118
4.273115
6.947295
9.570966
11.837432
13.440000
14.151519
14.063010
13.345038
12.168170
10.702969
9.120000
7.558807
6.034846
4.532551
3.036355
1.530694
0.000000
0.000000
0.000000
0.000000
0.000000
0.000000
0.000000
3.919295
8.783621
13.908418
18.609121
22.201169
24.000000
23.538458
21.219021
17.661572
13.485996
9.312177
5.760000
3.300206
1.806963
1.005296
0.620230
0.376790
0.000000
0.000000
0.000000
0.000000
0.000000
0.000000
0.000000
2.881368
6.576085
10.545729
14.251877
17.156109
18.720000
18.571590
17.004757
14.479842
11.457184
8.397123
5.760000
3.892274
2.684888
1.914905
1.359388
0.795398
0.000000
0.000000
0.000000
0.000000
0.000000
0.000000
0.000000
4.157139
9.465687
15.182945
20.566216
24.872800
27.360000
27.507686
25.686007
22.487681
18.505426
14.331960
10.560000
7.645450
5.496951
3.886330
2.585414
1.366028
0.000000
0.000000
0.000000
0.000000
0.000000
0.000000
0.000000
5.139160
11.651630
18.645679
25.229577
30.511594
33.600000
33.868400
31.751737
27.950288
23.164330
18.094142
13.440000
9.747239
6.941423
4.793171
3.073103
1.551839
0.000000
0.000000
0.000000
0.000000
0.000000
0.000000
0.000000
5.002190
11.288290
17.978709
24.193860
29.054153
31.680000
31.461929
28.870936
24.648133
19.534635
14.271552
9.600000
6.096761
3.681301
2.108758
1.134269
0.512970
0.000000
0.000000
0.000000
0.000000
0.000000
0.000000
0.000000
1.848014
4.214368
6.803901
9.321456
11.471876
12.960000
13.570247
13.405336
12.647561
11.479217
10.082598
8.640000
7.290998
6.004290
4.705857
3.321677
1.777732
0.000000
0.000000
0.000000
0.000000
0.000000
0.000000
0.000000
5.857064
13.214581
21.038092
28.293138
33.945261
36.960000
36.623760
33.506395
28.498620
22.491151
16.374706
11.040000
7.167896
4.599841
2.967430
1.902257
1.035915
0.000000
0.000000
0.000000
0.000000
0.000000
0.000000
0.000000
5.102365
11.574305
18.465928
24.827345
29.708666
32.160000
31.532548
28.381873
23.564627
17.937464
12.357037
7.680000
4.547443
2.738205
1.815565
1.342799
0.883185
0.000000
0.000000
0.000000
0.000000
0.000000
0.000000
0.000000
6.344053
14.458343
23.151976
31.234060
37.513699
40.800000
40.272775
36.594656
30.798981
23.919088
16.988315
11.040000
6.858182
4.229702
2.692102
1.782923
1.039709
0.000000
0.000000
0.000000
0.000000
0.000000
0.000000
0.000000
6.208273
14.179706
22.817448
31.024646
37.704448
41.760000
42.412412
40.154638
35.797594
30.152196
24.029359
18.240000
13.428746
9.575074
6.492175
3.993236
1.891448
0.000000
0.000000
0.000000
0.000000
0.000000
0.000000
0.000000
4.403059
9.862445
15.632995
20.969546
25.126935
27.360000
27.155159
24.925154
21.314312
16.966956
12.527410
8.640000
5.796306
3.876937
2.609757
1.722631
0.943424
0.000000
0.000000
0.000000
0.000000
0.000000
0.000000
0.000000
4.403006
9.996895
15.983603
21.565065
25.943219
28.320000
28.141694
25.831991
22.058930
17.490551
12.794895
8.640000
5.543551
3.421809
2.040678
1.166063
0.563869
0.000000
0.000000
0.000000
0.000000
0.000000
0.000000
0.000000
2.275601
5.179543
8.325891
11.328707
13.802055
15.360000
15.726828
15.067720
13.658080
11.773310
9.688816
7.680000
5.963753
4.522909
3.281791
2.164719
1.096015
0.000000
0.000000
0.000000
0.000000
0.000000
0.000000
0.000000
3.165826
7.172295
11.519178
15.706244
19.233261
21.600000
22.442981
21.945732
20.428530
18.211655
15.615386
12.960000
10.502250
8.244778
6.126701
4.087135
2.065196
0.000000
0.000000
0.000000
0.000000
0.000000
0.000000
0.000000
5.530116
12.450155
19.834640
26.758095
32.295040
35.520000
35.784851
33.550892
29.556774
24.541151
19.242676
14.400000
10.583813
7.692945
5.458263
3.610634
1.880924
0.000000
0.000000
0.000000
0.000000
0.000000
0.000000
0.000000
6.601040
14.913295
23.761041
31.968555
38.360116
41.760000
41.358163
37.807270
32.125664
25.331688
18.443686
12.480000
8.212975
5.430960
3.676305
2.491360
1.418475
0.000000
0.000000
0.000000
0.000000
0.000000
0.000000
0.000000
7.358390
16.782370
26.987230
36.688262
44.600755
49.440000
50.292059
47.726075
42.681963
36.099637
28.919011
22.080000
16.333374
11.673330
7.904918
4.833191
2.263201
0.000000
0.000000
0.000000
0.000000
0.000000
0.000000
0.000000
4.851074
10.822026
17.081625
22.798641
27.141843
29.280000
28.647928
25.744625
21.335136
16.184506
11.057779
6.720000
3.750548
1.986140
1.077830
0.676668
0.433707
0.000000
0.000000
0.000000
0.000000
0.000000
0.000000
0.000000
3.667707
8.432828
13.667989
18.745820
23.038947
25.920000
26.930402
26.286765
24.374498
21.579009
18.285707
14.880000
11.684018
8.766778
6.134018
3.791476
1.744891
0.000000
0.000000
0.000000
0.000000
0.000000
0.000000
0.000000
2.701881
6.088734
9.868266
13.748184
17.436193
20.640000
23.110061
24.767829
25.577505
25.503291
24.509389
22.560000
19.671207
16.066616
12.021713
7.811985
3.712918
0.000000
0.000000
0.000000
0.000000
0.000000
0.000000
0.000000
5.777238
12.781661
20.135709
26.961822
32.382439
35.520000
35.763715
33.569869
29.661519
24.761720
19.593528
14.880000
11.174571
8.352197
6.118216
4.177965
2.236781
0.000000
0.000000
0.000000
0.000000
0.000000
0.000000
0.000000
8.331194
18.904652
30.299317
41.094133
49.868046
55.200000
56.081664
53.155605
47.477117
40.101491
32.084022
24.480000
18.128818
13.006262
8.872217
5.486568
2.609201
0.000000
0.000000
0.000000
0.000000
0.000000
0.000000
0.000000
6.110035
13.725237
21.851720
29.495599
35.662987
39.360000
39.885684
37.710815
33.599103
28.314258
22.619987
17.280000
12.893896
9.404835
6.591866
4.234038
2.110399
0.000000
0.000000
0.000000
0.000000
0.000000
0.000000
0.000000
6.106738
13.800237
22.074404
29.923149
36.340378
40.320000
41.145429
39.258099
35.388951
30.268925
24.628961
19.200000
14.564881
10.714035
7.489793
4.734487
2.290445
0.000000
0.000000
0.000000
0.000000
0.000000
0.000000
0.000000
5.548257
12.569584
20.262703
27.826331
34.459191
39.360000
41.923035
42.324789
40.937313
38.132657
34.282869
29.760000
24.892938
19.837926
14.708045
9.616376
4.676000
0.000000
0.000000
0.000000
0.000000
0.000000
0.000000
0.000000
9.492876
21.161378
33.429923
44.722929
53.464815
58.080000
57.485504
52.568759
44.709801
35.288665
25.685387
17.280000
11.131775
7.016919
4.390872
2.709076
1.426971
0.000000
0.000000
0.000000
0.000000
0.000000
0.000000
0.000000
6.776420
15.511040
25.102284
34.448577
42.448341
48.000000
50.291370
49.667830
46.764151
42.215106
36.655465
30.720000
24.938102
19.417642
14.161110
9.170999
4.449799
0.000000
0.000000
0.000000
0.000000
0.000000
0.000000
0.000000
9.441449
21.171497
33.713259
45.589853
55.324394
61.440000
62.882423
60.287963
54.715555
47.224135
38.872638
30.720000
23.615524
17.569983
12.384519
7.860273
3.798387
0.000000
0.000000
0.000000
0.000000
0.000000
0.000000
0.000000
8.822551
19.741602
31.250012
41.840642
50.006352
54.240000
53.509870
48.685933
41.113583
32.138215
23.105222
15.360000
9.917970
6.474667
4.395656
3.046498
1.792759
0.000000
0.000000
0.000000
0.000000
0.000000
0.000000
0.000000
10.082360
23.010406
37.009165
50.303666
61.118935
67.680000
68.725641
65.049643
57.959543
48.762878
38.767185
29.280000
21.348409
14.977687
9.912661
5.898155
2.678993
0.000000
0.000000
0.000000
0.000000
0.000000
0.000000
0.000000
4.993137
11.299438
18.308089
25.408276
31.989184
37.440000
41.264505
43.424863
43.997832
43.060172
40.688642
36.960000
31.995509
26.094444
19.600583
12.857703
6.209583
0.000000
0.000000
0.000000
0.000000
0.000000
0.000000
0.000000
11.279549
25.187227
40.040073
54.155125
65.849421
73.440000
75.715013
73.347065
67.479873
59.257153
49.822623
40.320000
31.680397
23.984512
17.100436
10.896264
5.240087
0.000000
0.000000
0.000000
0.000000
0.000000
0.000000
0.000000
11.263790
25.298158
40.366033
54.730345
66.654024
74.400000
76.714776
74.279148
68.257487
59.814161
50.113543
40.320000
31.390440
23.451917
16.424021
10.226343
4.778472
0.000000
0.000000
0.000000
0.000000
0.000000
0.000000
0.000000
8.622374
19.348683
30.990264
42.358452
52.264586
59.520000
63.224818
63.634306
61.292516
56.743501
50.531311
43.200000
35.265020
27.127425
19.159671
11.734212
5.223503
0.000000
0.000000
0.000000
0.000000
0.000000
0.000000
0.000000
4.414569
9.448600
14.585125
19.307178
23.097792
25.440000
25.973286
24.962939
22.830698
19.998301
16.887489
13.920000
11.412285
9.259643
7.252084
5.179617
2.832252
0.000000
0.000000
0.000000
0.000000
0.000000
0.000000
0.000000
10.350759
23.493072
37.684046
51.180787
62.240403
69.120000
70.574948
67.353670
60.702850
51.869175
42.099330
32.640000
24.496116
17.705583
12.064555
7.369180
3.415612
0.000000
0.000000
0.000000
0.000000
0.000000
0.000000
0.000000
6.523749
14.536208
22.979719
30.796627
36.929272
40.320000
40.237748
37.257839
32.282191
26.212723
19.951353
14.400000
10.245259
7.312436
5.211515
3.552480
1.945314
0.000000
0.000000
0.000000
0.000000
0.000000
0.000000
0.000000
8.303209
18.984565
30.721496
42.191427
52.071786
59.040000
62.112615
61.662657
58.402271
53.043602
46.298797
38.880000
31.406331
24.124808
17.189422
10.754164
4.973026
0.000000
0.000000
0.000000
0.000000
0.000000
0.000000
0.000000
7.267652
16.060527
25.310411
33.949092
40.908359
45.120000
45.831775
43.555338
39.118316
33.348334
27.073020
21.120000
16.138580
12.064787
8.656326
5.670904
2.866226
0.000000
0.000000
0.000000
0.000000
0.000000
0.000000
0.000000
8.410247
18.908710
29.998153
40.181339
47.961034
51.840000
50.798441
45.726312
37.991009
28.959926
20.000458
12.480000
7.422657
4.479375
2.957812
2.165624
1.410468
0.000000
0.000000
0.000000
0.000000
0.000000
0.000000
0.000000
10.029172
23.020323
37.271216
51.079617
62.743290
70.560000
73.285712
71.509189
66.277393
58.637288
49.635836
40.320000
31.567980
23.582922
16.399211
10.051231
4.573366
0.000000
0.000000
0.000000
0.000000
0.000000
0.000000
0.000000
6.371430
14.091695
22.277739
30.046508
36.514947
40.800000
42.265242
41.260763
38.383280
34.229513
29.396180
24.480000
19.954268
15.798588
11.869140
8.022106
4.113665
0.000000
0.000000
0.000000
0.000000
0.000000
0.000000
0.000000
11.743875
26.572975
42.610219
57.978525
70.800813
79.200000
81.820147
79.389880
73.158964
64.377168
54.294258
44.160000
34.982203
26.800840
19.413924
12.619469
6.215490
0.000000
0.000000
0.000000
0.000000
0.000000
0.000000
0.000000
15.111413
33.954336
54.044714
72.898488
88.031602
96.960000
97.934419
92.144782
81.515804
67.972204
53.438697
39.840000
28.704243
19.973202
13.192068
7.906030
3.660278
0.000000
0.000000
0.000000
0.000000
0.000000
0.000000
0.000000
8.076875
18.221608
29.244243
39.954824
49.163395
55.680000
58.623892
58.351160
55.527106
50.817028
44.886226
38.400000
31.907559
25.493751
19.127334
12.777064
6.411701
0.000000
0.000000
0.000000
0.000000
0.000000
0.000000
0.000000
15.966729
35.793129
56.738427
76.061853
91.022634
98.880000
97.747210
89.153648
75.482730
59.117873
42.442491
27.840000
17.151098
10.045612
5.650651
3.093322
1.500736
0.000000
0.000000
0.000000
0.000000
0.000000
0.000000
0.000000
7.288647
16.685443
26.990683
37.004659
45.527667
51.360000
53.621460
52.709880
49.342603
44.236970
38.110321
31.680000
25.538847
19.781702
14.378905
9.300796
4.517714
0.000000
0.000000
0.000000
0.000000
0.000000
0.000000
0.000000
9.779653
21.893938
34.753986
46.770926
56.355887
61.920000
62.347124
58.412045
51.362278
42.445337
32.908740
24.000000
16.718516
11.071214
6.816903
3.714391
1.522487
0.000000
0.000000
0.000000
0.000000
0.000000
0.000000
0.000000
1.497350
3.645283
6.682658
10.848330
16.381159
23.520000
32.265122
41.662435
50.519259
57.642914
61.840721
61.920000
57.108828
48.318310
36.880306
24.126680
11.389290
0.000000
0.000000
0.000000
0.000000
0.000000
0.000000
0.000000
14.626243
32.171053
50.641633
68.045183
82.388905
91.680000
94.488797
91.638128
84.513954
74.502235
62.988930
51.360000
40.738571
31.196435
22.542551
14.585878
7.135375
0.000000
0.000000
0.000000
0.000000
0.000000
0.000000
0.000000
16.669304
37.503480
59.874082
81.152666
98.710787
109.920000
112.890308
108.685504
99.107830
85.959527
71.042837
56.160000
42.796131
31.167838
21.174598
12.715892
5.691200
0.000000
0.000000
0.000000
0.000000
0.000000
0.000000
0.000000
7.556536
16.766246
26.690288
36.389822
44.926006
51.360000
54.977579
55.962983
54.725070
51.672697
47.214721
41.760000
35.666483
29.088489
22.129432
14.892723
7.481775
0.000000
0.000000
0.000000
0.000000
0.000000
0.000000
0.000000
18.116443
40.890379
65.561755
89.370520
109.556619
123.360000
128.753294
126.639869
118.655775
106.437065
91.619790
75.840000
60.490380
45.990146
32.515143
20.241219
9.344223
0.000000
0.000000
0.000000
0.000000
0.000000
0.000000
0.000000
14.057773
31.362771
50.110245
68.495441
84.713610
96.960000
103.850392
105.682699
103.175368
97.046844
88.015572
76.800000
64.100659
50.546431
36.748283
23.317184
10.864100
0.000000
0.000000
0.000000
0.000000
0.000000
0.000000
0.000000
15.502569
34.296154
54.205723
73.056242
88.672678
98.880000
102.109420
99.217141
91.665611
80.917278
68.434592
55.680000
43.859750
33.155282
23.491834
14.794645
6.988954
0.000000
0.000000
0.000000
0.000000
0.000000
0.000000
0.000000
13.191706
29.380009
46.439950
62.246568
74.674905
81.600000
81.552706
75.687119
65.813147
53.740698
41.279680
30.240000
21.990804
16.138182
11.847463
8.283974
4.613044
0.000000
0.000000
0.000000
0.000000
0.000000
0.000000
0.000000
19.952879
45.461205
73.164529
99.702402
121.714375
135.840000
139.659960
134.519472
122.704883
106.502542
88.198799
70.080000
54.000613
40.087574
28.035939
17.540762
8.297097
0.000000
0.000000
0.000000
0.000000
0.000000
0.000000
0.000000
16.802369
37.578171
59.658621
80.374932
97.058320
107.040000
108.437379
102.512640
91.314157
76.890306
61.289462
46.560000
34.328113
24.531268
16.684750
10.303843
4.903831
0.000000
0.000000
0.000000
0.000000
0.000000
0.000000
0.000000
11.693439
26.357363
42.167878
57.301087
69.933093
78.240000
80.900523
78.603816
72.541645
63.905775
53.887972
43.680000
34.264471
25.787373
18.185543
11.395814
5.355021
0.000000
0.000000
0.000000
0.000000
0.000000
0.000000
0.000000
9.893594
22.381416
36.269717
50.364748
63.472759
74.400000
82.166253
86.645422
87.924946
86.092259
81.234798
73.440000
62.934729
50.503561
37.070500
23.559550
10.894715
0.000000
0.000000
0.000000
0.000000
0.000000
0.000000
0.480000
13.959278
30.161770
47.417282
64.055621
78.406591
88.800000
93.979168
94.341475
90.697816
83.859087
74.636184
63.840000
52.228496
40.347887
28.691453
17.752474
8.024230
0.000000
0.000000
0.000000
0.000000
0.000000
0.000000
0.000000
8.575219
18.833089
29.843057
40.674568
50.397067
58.080000
62.990054
65.182887
64.911398
62.428487
57.987055
51.840000
44.271232
35.688698
26.531352
17.238150
8.248047
0.000000
0.000000
0.000000
0.000000
0.000000
0.000000
0.000000
14.253144
31.777566
50.475864
68.250637
83.004483
92.640000
95.644630
92.845192
85.653347
75.480759
63.739089
51.840000
40.935002
31.135000
22.290746
14.252993
6.872494
0.000000
0.000000
0.000000
0.000000
0.000000
0.000000
0.480000
15.599111
34.370216
54.414587
73.353493
88.808207
98.400000
100.432639
95.939883
86.637986
74.243204
60.471790
47.040000
35.341442
25.479139
17.233467
10.384803
4.713522
0.000000
0.000000
0.000000
0.000000
0.000000
0.000000
0.000000
7.647747
17.111068
27.373958
37.420413
46.234428
52.800000
56.349642
57.109947
55.556025
52.162985
47.405940
41.760000
35.627017
29.115811
22.261944
15.100979
7.668477
0.000000
0.000000
0.000000
0.000000
0.000000
0.000000
0.480000
20.492709
45.728059
73.153257
99.735509
122.442021
138.240000
144.886873
143.300952
135.190772
122.264864
106.231762
88.800000
71.444243
54.703686
38.883657
24.289481
11.226486
0.000000
0.000000
0.000000
0.000000
0.000000
0.000000
0.960000
18.042251
38.647994
60.217935
80.192779
96.013232
105.120000
105.725952
99.132609
87.413658
72.642782
56.893668
42.240000
30.322831
21.052680
13.907435
8.364981
3.903208
0.000000
0.000000
0.000000
0.000000
0.000000
0.000000
0.480000
9.939601
22.187302
36.206149
50.979184
65.489453
78.720000
89.752204
98.060786
103.218801
104.799305
102.375353
95.520000
84.096027
69.125109
51.918647
33.788041
16.044692
0.000000
0.000000
0.000000
0.000000
0.000000
0.000000
0.960000
25.806994
56.141997
88.554905
119.635612
145.974012
164.160000
171.686113
169.655454
160.073768
144.946800
126.280296
106.080000
86.050777
66.693966
48.210025
30.799411
14.662584
0.000000
0.000000
0.000000
0.000000
0.000000
0.000000
1.440000
29.519440
64.097970
100.925441
135.751702
164.326605
182.400000
186.927015
179.683880
163.652104
141.813194
117.148656
92.640000
70.732500
51.726508
35.386143
21.475524
9.758770
0.000000
0.000000
0.000000
0.000000
0.000000
0.000000
0.960000
16.471121
35.717592
56.860563
78.061187
97.480615
113.280000
123.976975
129.515103
130.194426
126.314987
118.176831
106.080000
90.476532
72.426441
53.141735
33.834421
15.716506
0.000000
0.000000
0.000000
0.000000
0.000000
0.000000
1.440000
22.615886
47.977032
74.583726
99.496259
119.774920
132.480000
135.515114
130.157186
118.526461
102.743190
84.927620
67.200000
51.303656
37.474226
25.570429
15.450981
6.974599
0.000000
0.000000
0.000000
0.000000
0.000000
0.000000
1.920000
13.066403
26.831024
41.962277
57.208579
71.318348
83.040000
91.346345
96.107774
97.419070
95.375017
90.070399
81.600000
70.199326
56.666770
41.941445
26.962466
12.668946
0.000000
0.000000
0.000000
0.000000
0.000000
0.000000
1.440000
20.450831
43.517088
68.037953
91.412606
111.040228
124.320000
129.344770
126.982055
118.793037
106.338900
91.180827
74.880000
58.810087
43.594691
29.669897
17.471793
7.436465
0.000000
0.000000
0.000000
0.000000
0.000000
0.000000
2.400000
6.652610
11.306357
16.440605
22.134719
28.468063
35.520000
43.210235
50.819835
57.470205
62.282751
64.378881
62.880000
57.235338
48.205415
36.878575
24.343164
11.687524
0.000000
0.000000
0.000000
0.000000
0.000000
0.000000
2.400000
22.248782
46.662782
73.079452
98.936243
121.670609
138.720000
148.120901
150.305921
146.306700
137.154879
123.882099
107.520000
89.089836
69.571313
49.933749
31.146463
14.178774
0.000000
0.000000
0.000000
0.000000
0.000000
0.000000
2.400000
19.577814
40.046712
61.753038
82.643133
100.663339
113.760000
120.388991
121.044324
116.729545
108.448201
97.203837
84.000000
69.748445
54.993770
40.188781
25.786285
12.239089
0.000000
0.000000
0.000000
0.000000
0.000000
0.000000
2.400000
24.795977
52.230513
81.429897
109.120414
132.028353
146.880000
151.316643
146.639573
135.065083
118.809462
100.089004
81.120000
63.719673
48.108971
34.109773
21.543959
10.233408
0.000000
0.000000
0.000000
0.000000
0.000000
0.000000
1.440000
22.510555
48.423967
75.826927
101.366126
121.688253
133.440000
134.268672
125.824034
110.756467
91.716352
71.354069
52.320000
36.734759
24.599898
15.387205
8.568466
3.615469
0.000000
0.000000
0.000000
0.000000
0.000000
0.000000
1.440000
6.749401
13.201273
20.193943
27.125737
33.394981
38.400000
41.663437
43.205200
43.169514
41.700602
38.942689
35.040000
30.156851
24.537926
18.448002
12.151855
5.914262
0.000000
0.000000
0.000000
0.000000
0.000000
0.000000
1.440000
13.784286
29.031909
45.358079
60.938010
73.946913
82.560000
85.453695
83.309268
77.309203
68.635981
58.472086
48.000000
38.194268
29.197686
20.945110
13.371399
6.411410
0.000000
0.000000
0.000000
0.000000
0.000000
0.000000
2.880000
17.679914
36.091249
56.053464
75.506021
92.388379
104.640000
110.711112
111.095017
106.795787
98.817494
88.164208
75.840000
62.742306
49.342016
36.003386
23.090670
10.968123
0.000000
0.000000
0.000000
0.000000
0.000000
0.000000
5.280000
27.474590
54.874757
84.573940
113.665581
139.243121
158.400000
168.915307
171.310721
166.793571
156.571182
141.850883
123.840000
103.679737
82.246802
60.351778
38.805247
18.417793
0.000000
0.000000
0.000000
0.000000
0.000000
0.000000
5.280000
39.277289
80.544918
123.870945
164.043429
195.850427
214.080000
215.089544
201.513813
177.556901
147.422899
115.315901
85.440000
61.126757
42.217606
27.681452
16.487197
7.603745
0.000000
0.000000
0.000000
0.000000
0.000000
0.000000
6.240000
26.712858
52.386010
80.609378
108.732884
134.106451
154.080000
166.554026
171.631307
169.965195
162.209039
149.016191
131.040000
109.122150
84.857650
60.029843
36.422071
15.817676
0.000000
0.000000
0.000000
0.000000
0.000000
0.000000
2.880000
10.328348
17.789976
25.108421
32.127216
38.689897
44.640000
49.791455
53.839778
56.450883
57.290679
56.025081
52.320000
46.025832
37.730910
28.208049
18.230066
8.569778
0.000000
0.000000
0.000000
0.000000
0.000000
0.000000
3.360000
17.006634
33.589425
51.444264
68.907045
84.313659
96.000000
102.683801
104.610161
102.406021
96.698321
88.114000
77.280000
64.822606
51.365485
37.531650
23.944116
11.225895
0.000000
0.000000
0.000000
0.000000
0.000000
0.000000
4.800000
24.383176
48.194026
73.618842
98.043915
118.855537
133.440000
139.854852
138.842662
131.817256
120.192460
105.382099
88.800000
71.715195
54.817549
38.652135
23.764023
10.698288
0.000000
0.000000
0.000000
0.000000
0.000000
0.000000
6.240000
21.356223
39.784998
60.291044
81.639080
102.593826
121.920000
138.439630
151.203979
159.321619
161.901121
158.051058
146.880000
128.069701
103.594641
76.002480
47.840879
21.657499
0.000000
0.000000
0.000000
0.000000
0.000000
0.000000
6.720000
28.317375
53.082201
78.663678
102.711004
122.873379
136.800000
142.762271
141.520407
134.456828
122.953954
108.394205
92.160000
75.462431
58.827282
42.609009
27.162067
12.840912
0.000000
0.000000
0.000000
0.000000
0.000000
0.000000
9.120000
36.465553
70.090864
106.442448
141.966821
173.110499
196.320000
208.867560
211.328303
205.103074
191.592717
172.198077
148.320000
121.408651
93.111480
65.125258
39.146757
16.872747
0.000000
0.000000
0.000000
0.000000
0.000000
0.000000
5.280000
14.053336
23.532075
34.131165
46.265552
60.350181
76.800000
95.557710
114.677033
131.739446
144.326426
150.019452
146.400000
132.004714
109.190906
81.271052
51.557631
23.363121
0.000000
0.000000
0.000000
0.000000
0.000000
0.000000
9.600000
31.872662
57.140602
83.243563
108.021288
129.313519
144.960000
153.312585
154.771580
150.249402
140.658467
126.911194
109.920000
90.639219
70.190855
49.738830
30.447065
13.479481
0.000000
0.000000
0.000000
0.000000
0.000000
0.000000
2.400000
13.431960
26.135818
39.740062
53.473182
66.563665
78.240000
87.788287
94.725062
98.624474
99.060669
95.607795
87.840000
75.670449
60.368378
43.542044
26.799699
11.749600
0.000000
0.000000
0.000000
0.000000
0.000000
0.000000
2.400000
8.089879
14.025924
20.308547
27.038160
34.315174
42.240000
50.735012
59.010435
66.098458
71.031267
72.841052
70.560000
63.605629
52.936779
39.897621
25.832325
12.085061
0.000000
0.000000
0.000000
0.000000
0.000000
0.000000
12.000000
33.595595
59.622321
87.718151
115.521059
140.669017
160.800000
174.008481
180.214936
179.796339
173.129667
160.591896
142.560000
119.688258
93.740159
66.756492
40.778050
17.845622
0.000000
0.000000
0.000000
0.000000
0.000000
0.000000
12.000000
26.926686
43.513233
61.052739
78.838304
96.163024
112.320000
126.561437
137.975972
145.611350
148.515318
145.735619
136.320000
119.838679
97.951769
72.841859
46.691536
21.683387
0.000000
0.000000
0.000000
0.000000
0.000000
0.000000
10.560000
42.212595
79.633761
118.553292
154.700980
183.806618
201.600000
205.056884
196.136895
178.045622
153.988655
127.171584
100.800000
77.470980
57.347549
39.984222
24.935513
11.755934
0.000000
0.000000
0.000000
0.000000
0.000000
0.000000
10.080000
39.250007
74.663037
111.645820
145.525087
171.627570
185.280000
183.260773
168.154943
143.999231
114.830357
84.685040
57.600000
36.753569
21.890524
11.897255
5.660152
2.065604
0.000000
0.000000
0.000000
0.000000
1.800145
6.921433
14.880000
25.915512
39.288746
54.015757
69.112600
83.595329
96.480000
106.870778
114.224278
118.085225
117.998344
113.508360
104.160000
89.865819
72.009697
52.343344
32.618470
14.586785
0.000000
0.000000
0.000000
0.000000
0.000000
0.000000
12.480000
29.414845
48.758124
68.951057
88.434867
105.650774
119.040000
127.374675
130.750572
129.594371
124.332755
115.392404
103.200000
88.248676
71.297366
53.171458
34.696336
16.697388
0.000000
0.000000
0.000000
0.000000
0.000000
0.000000
16.320000
55.839948
104.071671
155.489352
204.567177
245.779331
273.600000
283.974029
278.728910
261.162796
234.573837
202.260188
167.520000
133.221712
100.514910
70.119466
42.755251
19.142139
0.000000
0.000000
0.000000
0.000000
0.000000
0.000000
12.000000
39.337355
71.563736
105.283167
137.099672
163.617275
181.440000
188.087013
184.738051
173.487990
156.431709
135.664087
113.280000
91.085703
69.732950
49.584873
31.004602
14.355267
0.000000
0.000000
0.000000
0.000000
0.000000
0.000000
9.600000
36.658040
69.302014
103.745058
136.200312
162.880913
180.000000
184.826552
178.852908
164.627251
144.697760
121.612616
97.920000
75.771308
55.730797
37.965938
22.644205
9.933068
0.000000
0.000000
0.000000
0.000000
0.000000
0.000000
7.200000
20.549161
35.960254
51.698081
66.027445
77.213151
83.520000
83.752917
78.877303
70.398682
59.822576
48.654508
38.400000
30.192506
23.677201
18.127192
12.815584
7.015485
0.000000
0.000000
0.000000
0.000000
0.000000
0.000000
14.400000
49.377031
93.369448
141.242602
187.861845
228.092527
256.800000
270.123703
269.299425
256.837039
235.246423
207.037452
174.720000
140.641489
106.499520
73.829240
44.165796
19.044333
0.000000
0.000000
0.000000
0.000000
0.000000
0.000000
13.440000
29.470482
47.437168
66.766761
86.885963
107.221475
127.200000
146.069954
162.366610
174.446956
180.667978
179.386663
168.960000
148.567480
120.678613
88.585416
55.579905
24.954094
0.000000
0.000000
0.000000
0.000000
0.000000
0.000000
18.720000
45.876456
76.481195
107.769068
136.974926
161.333620
178.080000
185.178494
183.511839
174.692349
160.332336
142.044115
121.440000
99.949567
78.271448
56.921537
36.415729
17.269919
0.000000
0.000000
0.000000
0.000000
0.000000
0.000000
17.280000
57.219709
105.576859
156.512457
204.187509
242.763021
266.400000
270.944595
258.983530
234.788671
202.631886
166.785040
131.520000
100.317466
73.493465
50.572857
31.080504
14.541265
0.480000
0.000000
0.000000
0.000000
0.000000
0.000000
15.840000
48.451477
87.864980
129.347546
168.166213
199.588019
218.880000
222.679659
213.106356
193.649915
167.800159
139.046913
110.880000
86.096552
64.722927
46.092793
29.539816
14.397663
0.000000
0.000000
0.000000
0.000000
0.000000
0.000000
13.440000
55.509133
107.447109
162.791557
215.080102
257.850374
284.640000
290.820444
279.098516
254.014861
220.110127
181.924957
144.000000
110.060202
80.567716
55.168998
33.510503
15.238685
0.000000
0.000000
0.000000
0.000000
0.000000
0.000000
24.000000
61.095913
105.958694
153.874418
200.129159
240.008995
268.800000
282.937598
283.454604
272.533184
252.355500
225.103717
192.960000
158.015918
122.000667
86.552848
53.311063
23.913913
0.000000
0.000000
0.000000
0.000000
0.000000
0.000000
14.880000
46.044716
82.512862
120.725450
157.123494
188.148007
210.240000
220.729072
220.499157
211.322773
194.972440
173.220676
147.840000
120.516774
92.592734
65.323458
39.964525
17.771512
0.000000
0.000000
0.000000
0.000000
0.000000
1.193275
21.600000
48.845680
80.469861
113.462962
144.815405
171.517611
190.560000
199.682337
199.621762
191.864757
177.897806
159.207393
137.280000
113.504971
88.883093
64.318010
40.713370
18.972818
0.000000
0.000000
0.000000
0.000000
0.000000
0.000000
26.400000
69.399476
121.137884
176.009182
228.407329
272.726282
303.360000
316.155431
312.771487
296.320069
269.913081
236.662424
199.680000
161.738800
124.256170
88.310541
54.980347
25.344023
0.480000
0.000000
0.000000
0.000000
0.000000
0.000000
27.360000
73.854840
128.777379
185.658389
238.028647
279.418926
303.360000
305.313494
288.464428
257.928675
218.822105
176.260590
135.360000
100.260074
71.196019
47.426909
28.211820
12.809825
0.480000
0.000000
0.000000
0.000000
0.000000
0.000000
17.280000
44.643972
76.909107
109.798342
139.034613
160.340853
169.440000
163.480125
145.309853
119.202943
89.433157
60.274256
36.000000
19.808861
10.598149
6.189886
4.406092
3.068790
0.000000
0.000000
0.000000
0.000000
0.000000
0.000000
12.480000
46.157855
89.047197
135.800055
181.068456
219.504428
245.760000
255.881927
251.495883
235.622266
211.281480
181.493924
149.280000
117.318881
86.924829
59.070879
34.730068
14.875430
0.480000
0.000000
0.000000
0.000000
0.000000
0.719911
7.680000
14.593139
21.713737
29.572258
38.699166
49.624925
62.880000
78.549336
94.935804
109.896753
121.289535
126.971500
124.800000
113.438404
94.774160
71.500731
46.311585
21.900186
0.960000
0.000000
0.000000
0.000000
0.000000
0.000000
24.480000
58.624523
98.564499
140.197982
179.423024
212.137679
234.240000
242.718197
238.921114
225.287751
204.257110
178.268193
149.760000
120.887134
92.666603
65.831014
41.112979
19.245104
0.960000
0.000000
0.000000
0.000000
0.000000
0.000000
22.560000
57.755353
99.567936
143.396221
184.638679
218.693781
240.960000
248.091986
241.769111
224.926924
200.500977
171.426818
140.640000
110.687812
82.564508
56.876081
34.228525
15.227834
0.480000
0.000000
0.000000
0.000000
0.000000
3.850735
21.600000
45.176241
72.832957
102.428919
131.822900
158.873670
181.440000
197.718273
207.255317
209.935573
205.643478
194.263474
175.680000
150.215111
119.941329
87.368790
55.007631
25.367988
0.960000
0.000000
0.000000
0.000000
0.000000
3.129016
32.160000
71.059763
116.301205
163.554138
208.488374
246.773724
274.080000
287.150779
287.024703
275.814179
255.631616
228.589420
196.800000
162.263788
126.533317
91.049145
57.251830
26.581929
0.480000
0.000000
0.000000
0.000000
0.000000
0.000000
21.120000
66.517717
120.960795
178.733898
234.121691
281.408837
314.880000
330.252843
328.977016
313.935169
288.009951
254.084012
215.040000
173.604247
131.877809
91.805426
55.331838
24.401783
0.960000
0.000000
0.000000
0.000000
0.000000
4.842191
24.000000
47.026179
72.244086
97.822071
121.928484
142.731677
158.400000
167.494001
170.143019
166.868592
158.192255
144.635545
126.720000
105.171150
81.530503
57.543562
34.955830
15.512808
0.960000
0.000000
0.000000
0.000000
0.153316
11.064333
24.960000
41.098807
58.694067
76.947798
95.062019
112.238747
127.680000
140.583372
150.128763
155.491646
155.847497
150.371790
138.240000
119.189925
95.208659
68.845617
42.650215
19.171871
0.960000
0.000000
0.000000
0.000000
0.000000
1.962949
13.440000
26.271259
40.236044
55.290833
71.392104
88.496334
106.560000
125.206928
142.730334
157.090781
166.248832
168.165050
160.800000
143.009917
117.233731
86.806044
55.061458
25.334576
0.960000
0.000000
0.000000
0.000000
0.000000
6.772201
34.080000
69.556471
110.387302
153.193783
194.597200
231.218843
259.680000
277.294047
284.142716
280.999826
268.639197
247.834649
219.360000
184.316229
145.112944
104.486913
65.174900
29.913674
1.440000
0.000000
0.000000
0.000000
0.000000
4.081767
35.520000
76.937402
124.447252
173.342993
218.918069
256.465924
281.280000
289.929353
284.085484
266.695503
240.706521
209.065649
174.720000
140.267406
106.908590
75.494996
46.878070
21.909256
1.440000
0.000000
0.000000
0.000000
0.000000
0.000000
21.120000
55.250723
95.188556
136.226949
173.659354
202.779220
218.880000
218.693861
204.707840
180.847689
151.039164
119.208016
89.280000
64.402722
44.611197
29.162293
17.312881
8.319827
1.440000
0.000000
0.000000
0.000000
0.000000
0.000000
8.160000
21.605156
38.470418
57.725159
78.338754
99.280577
119.520000
137.970791
153.324289
164.216226
169.282336
167.158349
156.480000
136.647236
110.116871
80.109935
49.847458
22.550470
1.440000
0.000000
0.000000
0.000000
0.000000
15.708660
36.960000
62.109482
89.512445
117.373934
143.898994
167.292667
185.760000
197.828474
203.315326
202.360230
195.102861
181.682893
162.240000
137.261066
108.621806
78.545144
49.254007
22.971317
1.920000
0.000000
0.000000
0.000000
0.000000
5.971838
28.800000
58.372102
92.046165
126.658088
159.043769
186.039107
204.480000
212.022105
209.600109
198.968456
181.881591
160.093957
135.360000
109.335033
83.277843
58.348088
35.705425
16.509510
1.920000
0.000000
0.000000
0.000000
0.000000
2.419116
13.440000
26.856132
42.625858
60.815143
81.489952
104.716250
130.560000
158.524376
185.861383
209.260235
225.410146
231.000329
222.720000
198.673032
162.621945
119.743918
75.216132
34.215766
1.920000
0.000000
0.000000
0.000000
0.000000
13.841053
41.760000
74.639651
110.348035
146.619707
181.189222
211.791135
236.160000
252.426788
260.308132
259.917077
251.366672
234.769964
210.240000
178.348751
141.503882
102.571984
64.419644
29.913453
1.920000
0.000000
0.000000
0.000000
0.000000
0.000000
23.520000
57.418417
96.110764
135.768067
172.561356
202.661657
222.240000
228.519233
222.929495
207.952743
186.070937
159.766037
131.520000
103.542427
76.953479
52.600960
31.332672
13.996418
1.440000
0.000000
0.000000
0.000000
3.869485
16.397181
33.120000
53.548892
76.384614
100.125376
123.269388
144.314859
161.760000
174.315595
181.542734
183.215079
179.106296
168.990048
152.640000
130.250949
103.702229
75.294306
47.327649
22.102725
1.920000
0.000000
0.000000
0.000000
0.000000
5.572386
26.400000
53.095505
83.375476
114.534913
143.868814
168.672177
186.240000
194.544039
194.263076
186.752652
173.368304
155.465574
134.400000
111.455006
87.625552
63.834481
41.004636
20.058861
1.920000
0.000000
0.000000
0.000000
0.000000
0.425648
29.280000
70.467915
119.648917
171.287815
219.849422
259.798546
285.600000
293.239070
284.782951
263.819313
233.935828
198.720167
161.760000
126.166916
93.148169
63.434932
37.758377
16.849676
1.440000
0.000000
0.000000
0.000000
0.000000
2.672241
13.920000
27.244462
42.149898
58.181240
74.883417
91.801360
108.480000
124.308885
138.056035
148.334084
153.755671
152.933431
144.480000
127.686663
104.559296
77.782423
50.040566
24.018251
2.400000
0.000000
0.000000
0.000000
0.000000
5.260233
30.720000
64.513268
103.315805
143.072678
179.728956
209.229708
227.520000
231.704689
223.527779
205.893063
181.704333
153.865381
125.280000
98.396866
73.844190
51.795070
32.422600
15.899879
2.400000
0.000000
0.000000
0.000000
0.000000
5.830660
28.320000
59.816184
97.169524
136.378298
173.440784
204.355259
225.120000
232.794084
228.679778
215.140151
194.538267
169.237195
141.600000
113.729704
86.689141
61.281100
38.308370
18.573741
2.880000
0.000000
0.000000
0.000000
0.000000
4.434510
23.520000
49.277444
79.660666
112.137099
144.174176
173.239332
196.800000
212.785344
220.971456
221.596155
214.897265
201.112606
180.480000
153.592290
122.462401
89.458281
56.947876
27.299134
2.880000
0.000000
0.000000
0.000000
0.000000
3.268638
31.680000
69.921280
114.546284
161.318835
206.002756
244.361870
272.160000
286.178273
287.267035
277.293938
258.126632
231.632769
199.680000
164.161184
127.070020
90.425413
56.246269
26.551496
3.360000
0.000000
0.000000
0.000000
0.000000
11.679023
37.920000
71.595301
109.873993
149.376941
186.725014
218.539077
241.440000
252.857361
253.455588
244.707825
228.087211
205.066889
177.120000
145.788590
112.890321
80.311760
49.939475
23.660033
3.360000
0.000000
0.000000
0.000000
0.000000
12.317424
34.560000
62.587176
94.288275
127.187703
158.809863
186.679161
208.320000
221.754128
226.992660
224.544055
214.916771
198.619267
176.160000
148.340758
117.136641
84.816077
53.647497
25.899328
3.840000
0.000000
0.000000
0.000000
0.000000
9.438976
33.600000
64.743434
100.184694
136.717381
171.135094
200.231433
220.800000
230.423423
229.840446
220.578842
204.166384
182.130846
156.000000
127.311764
97.644634
68.587251
41.728258
18.656293
0.960000
0.000000
0.000000
0.000000
0.000000
6.681758
24.000000
45.463481
69.417958
93.964139
117.202734
137.234452
152.160000
160.500998
162.462706
158.671290
149.752922
136.333769
119.040000
98.659192
76.624553
54.530699
33.972245
16.543807
3.840000
0.000000
0.000000
1.265913
11.406987
26.462115
46.080000
69.707433
95.983568
123.345648
150.230917
175.076620
196.320000
212.552480
222.982205
226.971496
223.882676
213.078070
193.920000
166.398201
133.012059
96.888370
61.153933
28.935543
3.360000
0.000000
0.000000
0.000000
0.000000
5.195312
27.360000
54.962940
86.149700
118.831534
150.919693
180.325431
204.960000
223.033527
233.951640
237.418841
233.139633
220.818519
200.160000
171.422952
137.083740
100.173101
63.721774
30.760494
4.320000
0.000000
0.000000
0.000000
0.000000
12.292839
42.240000
80.889502
124.791551
169.811887
211.816248
246.670372
270.240000
279.471773
275.635952
261.083700
238.166182
209.234560
176.640000
142.583405
108.664641
76.333312
47.039026
22.231387
3.360000
0.000000
0.000000
0.000000
0.000000
11.022116
30.720000
55.407058
83.624529
113.694487
143.939003
172.680150
198.240000
219.059385
234.054175
242.259001
242.708494
234.437284
216.480000
188.579848
153.314326
113.969507
73.831464
36.186271
4.320000
0.000000
0.000000
0.000000
0.000000
0.000000
20.640000
62.779698
112.447141
164.698610
214.590388
257.178758
287.520000
301.899983
301.522915
288.822589
266.232798
236.187338
201.120000
163.384815
125.016757
87.971036
54.202862
25.667447
4.320000
0.000000
0.000000
0.000000
0.000000
12.240653
30.240000
51.221043
73.414117
94.895887
113.743015
128.032165
135.840000
135.846182
129.142360
117.423183
102.383299
85.717355
69.120000
53.996453
40.594220
28.871381
18.786012
10.296192
3.360000
0.000000
0.000000
0.000000
5.050432
19.300098
41.760000
72.962630
110.211633
150.003440
188.834483
223.201192
249.600000
265.274805
270.459374
266.134944
253.282748
232.884021
205.920000
173.569262
137.799758
100.776785
64.665637
31.631611
3.840000
0.000000
0.000000
0.000000
0.000000
0.000000
29.760000
75.415921
129.296093
185.671550
238.813330
282.992468
312.480000
323.083723
316.758481
296.995882
267.287531
231.125035
192.000000
153.006965
115.652204
81.044921
50.294322
24.509613
4.800000
0.000000
0.000000
0.000000
0.000000
12.083178
34.560000
63.537150
96.999205
132.537341
167.742735
200.206562
227.520000
247.605205
259.708253
263.406200
258.276103
243.895017
219.840000
186.406475
146.763339
104.797859
64.397298
29.448924
3.840000
0.000000
0.000000
0.000000
5.556926
21.107066
37.920000
53.991276
68.869767
82.492679
94.797218
105.720590
115.200000
123.068224
128.740321
131.526918
130.738645
125.686129
115.680000
100.446939
81.377840
60.279649
38.959314
19.223782
2.880000
0.000000
0.000000
0.000000
0.000000
1.696519
19.200000
42.614757
69.851098
98.362407
125.602071
149.023473
166.080000
174.834729
175.789510
170.055885
158.745397
142.969587
123.840000
102.484105
80.093085
57.874053
37.034121
18.780399
4.320000
0.000000
0.000000
0.000000
2.433676
19.213261
44.160000
77.227154
115.647653
155.974341
194.760064
228.557669
253.920000
268.151420
271.562352
265.214736
250.170512
227.491620
198.240000
163.749389
126.440719
89.006716
54.140110
24.533629
2.880000
0.000000
0.000000
0.000000
2.513492
16.089421
31.680000
47.830965
64.175744
80.619687
97.068143
113.426464
129.600000
145.240673
158.986696
169.222855
174.333935
172.704721
162.720000
143.539677
117.424139
87.408895
56.529452
27.821318
4.320000
0.000000
0.000000
0.000000
0.000000
10.554453
37.920000
73.646734
114.659984
157.244844
197.686405
232.269759
257.280000
269.894667
270.861093
261.819059
244.408345
220.268732
191.040000
158.383487
124.046754
89.798920
57.409104
28.646424
5.280000
0.000000
0.000000
0.000000
0.000000
11.198904
42.720000
85.217633
134.439010
185.120035
231.996607
269.804628
293.280000
298.651416
288.118733
265.374600
234.111668
198.022585
160.800000
125.605594
93.477170
64.921564
40.445611
20.556144
5.760000
0.000000
0.000000
0.000000
4.514778
19.803949
41.760000
70.096238
102.525820
136.261867
168.517499
196.505837
217.440000
229.135507
231.817469
226.313391
213.450782
194.057149
168.960000
139.261732
107.164306
75.144570
45.679373
21.245567
4.320000
0.000000
0.000000
2.188331
11.049502
20.982805
29.760000
35.770239
39.872239
43.542107
48.255951
55.489880
66.720000
82.683703
101.163514
119.203241
133.846693
142.137676
141.120000
128.899392
107.829259
81.324927
52.801723
25.674972
3.360000
0.000000
0.000000
0.000000
0.000000
15.155771
43.680000
80.565696
122.572947
165.786876
206.292611
240.175277
263.520000
273.411820
270.935432
258.175446
237.216472
210.143120
179.040000
145.902581
112.369771
79.991340
50.317055
24.896686
5.280000
0.000000
0.000000
0.000000
0.000000
12.796803
34.560000
62.345989
94.248295
128.011883
161.381719
192.102769
217.920000
236.893741
248.345782
251.913275
247.233373
233.943231
211.680000
180.710157
143.817467
104.415018
65.915899
31.733197
5.280000
0.000000
0.000000
0.000000
0.000000
1.832872
15.840000
30.916207
46.076242
60.478372
73.280863
83.641984
90.720000
93.898430
93.461793
89.919861
83.782404
75.559193
65.760000
54.894519
43.472142
32.002186
20.993966
10.956799
2.400000
0.000000
0.000000
0.000000
0.000000
5.418056
20.640000
42.087060
68.133751
96.672232
125.594662
152.793198
176.160000
193.879378
205.304247
210.079676
207.850733
198.262485
180.960000
156.099874
125.884816
93.029062
60.246851
30.252417
5.760000
0.000000
0.000000
0.000000
0.000000
9.654512
37.920000
75.297843
118.787003
164.734641
209.487913
249.393980
280.800000
300.774169
309.268830
306.957363
294.513149
272.609568
241.920000
203.558815
160.404343
115.775906
72.992822
35.374414
6.240000
0.000000
0.000000
0.000000
0.000000
9.768333
32.640000
59.927788
89.611582
119.508040
147.433822
171.205589
188.640000
198.053830
199.764321
194.588827
183.344705
166.849310
145.920000
121.521334
95.206691
68.676653
43.631804
21.772725
4.800000
0.000000
0.000000
0.000000
0.000000
13.302012
32.640000
57.124222
85.148757
114.825103
144.264760
171.579226
194.880000
212.511168
223.747168
228.095026
225.061766
214.154416
194.880000
167.342217
134.031460
98.034794
62.439285
30.331999
4.800000
0.000000
0.000000
0.000000
0.000000
11.962034
38.400000
71.900154
109.958353
149.642017
188.018566
222.155421
249.120000
266.528311
274.190709
272.466135
261.713531
242.291839
214.560000
179.395491
139.749924
99.093444
60.896200
28.628336
5.760000
0.000000
0.000000
0.640087
12.230559
26.025928
39.360000
50.070053
58.007245
63.526206
66.981565
68.727954
69.120000
68.452286
66.779202
64.095090
60.394291
55.671147
49.920000
43.174136
35.622613
27.493435
19.014605
10.414126
1.920000
0.000000
0.000000
0.000000
0.000000
0.000000
9.600000
33.187844
62.949335
96.081884
129.782903
161.249804
187.680000
206.728562
217.881202
221.081294
216.272209
203.397320
182.400000
153.784575
120.299189
85.252940
51.954927
23.714247
3.840000
0.000000
0.000000
0.766947
10.805862
21.987913
31.680000
37.962869
41.772639
44.759274
48.572737
54.862991
65.280000
80.697607
98.885178
116.835958
131.543191
140.000123
139.200000
127.208924
106.384426
80.156896
51.956722
25.214294
3.360000
0.000000
0.000000
0.000000
0.000000
0.000000
13.440000
31.537619
51.893770
73.457269
95.176930
116.001568
134.880000
150.791716
162.838914
170.154467
171.871250
167.122136
155.040000
135.344407
110.101687
81.964864
53.586960
27.620998
6.720000
0.000000
0.000000
0.000000
0.252021
19.142761
46.560000
81.961851
121.992071
162.590828
199.698290
229.254624
247.200000
250.646383
241.392934
222.410612
196.670376
167.143186
136.800000
108.139284
81.769527
57.826725
36.446873
17.765966
1.920000
0.000000
0.000000
0.000000
0.000000
0.000000
20.160000
54.099236
94.870197
137.823319
178.309037
211.677785
233.280000
239.751021
232.865810
215.684236
191.266164
162.671463
132.960000
104.741125
78.822117
55.559739
35.310752
18.431918
5.280000
0.000000
0.000000
0.000000
0.000000
6.723087
22.560000
43.778734
68.177219
93.053021
115.703708
133.426845
143.520000
144.098363
136.547626
123.071105
105.872117
87.153976
69.120000
53.534480
40.405610
29.302557
19.794493
11.450584
3.840000
0.000000
0.000000
0.000000
0.000000
9.017022
31.200000
63.666209
102.959093
144.562783
183.961410
216.639105
238.080000
244.980336
238.884804
222.550203
198.733335
170.191000
139.680000
109.648001
81.306136
55.556405
33.300806
15.441338
2.880000
0.000000
0.000000
0.000000
2.890109
10.556983
19.200000
28.050251
37.442372
47.986885
60.294312
74.975176
92.640000
113.324669
134.766528
154.128283
168.572642
175.262312
171.360000
155.124404
129.198183
97.319984
63.228455
30.662244
3.360000
0.000000
0.000000
0.000000
0.000000
7.717601
40.320000
83.635856
133.767745
185.952886
235.428497
277.431795
307.200000
321.149975
320.417168
307.316674
284.163585
253.272996
216.960000
177.495355
136.972470
97.440419
60.948275
29.545111
5.280000
0.000000
0.000000
0.000000
0.000000
10.233227
33.600000
62.932446
95.793506
129.352985
160.780690
187.246426
205.920000
214.668277
214.146360
205.706411
190.700593
170.481069
146.400000
119.838891
92.296610
65.301370
40.381381
19.064854
2.880000
0.000000
0.000000
0.000000
0.000000
6.170627
19.200000
34.718689
51.932371
70.026195
88.185309
105.594861
121.440000
134.895751
145.096651
151.167113
152.231549
147.414374
135.840000
117.222750
93.636580
67.745355
42.212940
19.703200
2.880000
0.000000
0.000000
0.000000
2.881137
13.608383
25.920000
38.637588
51.281968
63.548771
75.133625
85.732158
95.040000
102.714179
108.257319
111.133447
110.806587
106.740763
98.400000
85.587920
69.466532
51.537440
33.302251
16.262569
1.920000
0.000000
0.000000
0.000000
0.000000
0.191184
16.800000
39.531073
66.511699
95.415392
123.915665
149.686030
170.400000
184.172680
190.885539
190.861640
184.424043
171.895809
153.600000
130.147096
103.297254
75.098048
47.597054
22.841846
2.880000
0.000000
0.000000
0.000000
0.000000
4.394584
25.440000
53.037166
85.160970
119.377284
153.251980
184.350928
210.240000
228.870180
239.732897
242.704696
237.662117
224.481705
203.040000
173.719893
138.929663
101.583933
64.597329
30.884476
3.360000
0.000000
0.000000
0.000000
0.000000
8.151501
40.800000
84.074674
134.040972
185.897774
234.843959
276.078408
304.800000
317.415500
315.163214
300.489331
275.840041
243.661534
206.400000
166.454435
126.035061
87.304903
52.426989
23.564346
2.880000
0.000000
0.000000
0.000000
0.869781
11.283305
22.080000
31.682977
40.174324
48.050869
55.809444
63.946877
72.960000
83.014667
92.952830
101.285467
106.523556
107.178075
101.760000
89.445023
72.067691
52.127263
32.122998
14.554157
1.920000
0.000000
0.000000
1.125482
9.251118
19.258629
29.760000
39.591795
48.488906
56.410807
63.316974
69.166880
73.920000
77.496471
79.659082
80.131288
78.636540
74.898293
68.640000
59.773434
48.963655
37.064042
24.927975
13.408835
3.360000
0.000000
0.000000
0.000000
0.000000
8.850812
28.320000
55.622952
88.255597
123.005781
156.661347
186.010139
207.840000
219.682845
222.046868
216.184331
203.347498
184.788634
161.760000
135.530112
107.432487
78.816895
51.033104
25.430882
3.360000
0.000000
0.000000
0.000000
0.000000
0.000000
24.480000
66.058615
116.119224
169.530748
221.162105
265.882216
298.560000
315.288834
317.059921
306.088920
284.591494
254.783300
218.880000
179.114939
137.792205
97.233571
59.760810
27.695695
3.360000
0.000000
0.000000
0.000000
0.000000
0.000000
11.040000
24.421643
37.860532
50.539241
61.640340
70.346403
75.840000
77.546464
75.862167
71.426240
64.877816
56.856025
48.000000
38.892501
29.890800
21.295799
13.408398
6.529498
0.960000
0.000000
0.000000
0.000000
0.000000
6.681540
17.760000
32.835591
50.388446
68.501941
85.259448
98.744343
107.040000
108.771882
104.733804
96.261673
84.691391
71.358866
57.600000
44.570216
32.703004
22.251369
13.468320
6.606861
1.920000
0.000000
0.000000
2.772850
8.404219
16.884802
28.320000
42.638546
59.062495
76.637230
94.408137
111.420599
126.720000
139.396338
148.718061
153.998228
154.549900
149.686137
138.720000
121.411656
99.309706
74.409857
48.707818
24.199296
2.880000
0.000000
0.000000
0.000000
0.000000
0.000000
19.200000
54.813527
96.944495
140.700765
181.190199
213.520657
232.800000
235.573299
224.134458
202.214594
173.544819
141.856250
110.880000
83.671056
60.579894
41.280860
25.448301
12.756566
2.880000
0.000000
0.000000
0.000000
0.000000
11.906376
32.160000
60.234594
93.840685
130.031272
165.859354
198.377930
224.640000
242.232480
250.877960
250.832945
242.353943
225.697459
201.120000
169.346595
132.976364
95.076947
58.715986
26.961123
2.880000
0.000000
0.000000
0.000000
0.000000
13.113604
32.640000
54.926628
78.939516
103.705981
128.253339
151.608907
172.800000
190.812350
204.465350
212.536807
213.804529
207.046324
191.040000
165.352860
132.710195
96.626790
60.617432
28.196907
2.880000
0.000000
0.000000
0.000000
0.000000
7.428271
26.880000
49.700084
74.736550
100.849085
126.897380
151.741122
174.240000
193.245677
207.577710
216.047628
217.466962
210.647243
194.400000
168.326096
135.183723
98.520404
61.883661
28.821019
2.880000
0.000000
0.000000
0.000000
0.000000
8.833127
30.720000
57.014155
86.226686
116.776564
147.082762
175.564250
200.640000
220.835667
235.103638
242.502985
242.092780
232.932095
214.080000
185.325402
149.376541
109.671495
69.648339
32.745149
2.400000
0.000000
0.000000
0.000000
0.000000
0.000000
23.520000
59.990356
101.916004
145.304368
186.162872
220.498941
244.320000
254.671404
252.750232
240.791496
221.030204
195.701369
167.040000
137.059584
106.887512
77.429650
49.591866
24.280027
2.400000
0.000000
0.000000
0.000000
0.000000
0.000000
9.120000
44.510485
87.202493
132.190734
174.469924
209.034775
230.880000
236.421131
227.756975
208.407158
181.891306
151.729045
121.440000
93.929435
69.645162
48.420633
30.089295
14.484601
1.440000
0.000000
0.000000
0.000000
0.000000
0.000000
11.040000
36.126048
66.905337
100.438121
133.784656
164.005198
188.160000
203.890233
211.160721
210.517203
202.505418
187.671104
166.560000
140.008575
110.016223
78.873066
48.869227
22.294831
1.440000
0.000000
0.000000
0.000000
0.000000
2.078461
19.200000
40.405119
64.610672
90.644798
117.335635
143.511323
168.000000
189.572949
206.774037
218.090275
222.008674
217.016245
201.600000
175.156418
140.719846
102.234103
63.643003
28.890363
1.920000
0.000000
0.000000
0.000000
0.000000
0.000000
5.760000
15.600282
24.951622
34.372640
44.421961
55.658207
68.640000
83.508601
98.735825
112.376124
122.483951
127.113759
124.320000
112.894202
94.576190
71.842864
47.171124
23.037869
1.920000
0.000000
0.000000
0.000000
0.000000
0.774765
29.760000
70.200767
118.332815
169.407454
218.675991
261.389737
292.800000
309.277896
311.673767
301.957764
282.100035
254.070731
219.840000
181.409872
140.909893
100.501490
62.346089
28.605117
1.440000
0.000000
0.000000
0.000000
0.000000
0.000000
15.840000
46.646325
82.316795
119.633404
155.378145
186.333012
209.280000
221.747638
224.250603
218.050109
204.407368
184.583594
159.840000
131.543123
101.480792
71.546161
43.632383
19.632612
1.440000
0.000000
0.000000
0.000000
0.000000
0.000000
9.600000
20.297392
32.174290
45.792848
61.715217
80.503551
102.720000
128.277229
154.489943
178.023360
195.542697
203.713171
199.200000
179.978139
149.261494
111.573713
71.438439
33.379320
1.920000
0.000000
0.000000
0.000000
0.000000
0.000000
7.200000
32.047659
59.975518
88.779130
116.254046
140.195819
158.400000
169.150259
172.682738
169.721692
160.991382
147.216066
129.120000
107.571304
84.013532
60.034101
37.220425
17.159919
1.440000
0.000000
0.000000
0.000000
0.000000
0.286480
12.480000
27.641703
45.102819
64.158278
84.103009
104.231940
123.840000
142.095330
157.658923
169.064981
174.847711
173.541316
163.680000
144.530310
118.288157
87.881796
56.239480
26.289464
0.960000
0.000000
0.000000
0.000000
0.000000
0.000000
21.600000
57.789300
99.784713
143.006866
182.876381
214.813884
234.240000
237.908258
227.903808
207.644703
180.548998
150.034745
119.520000
91.835445
67.462276
46.294322
28.225407
13.149357
0.960000
0.000000
0.000000
0.000000
0.000000
1.114492
19.680000
45.873590
77.060489
109.893637
141.025977
167.110451
184.800000
191.631230
188.675403
177.887441
161.222271
140.634816
118.080000
95.281488
73.037900
51.916597
32.484939
15.310287
0.960000
0.000000
0.000000
0.000000
0.000000
0.000000
10.080000
33.242795
61.114559
90.918725
119.878730
145.218010
164.160000
174.572667
176.902103
172.238931
161.673774
146.297256
127.200000
105.497648
82.405919
59.165552
37.017284
17.201854
0.960000
0.000000
0.000000
0.000000
0.000000
0.000000
14.880000
38.368723
65.723870
94.079006
120.567697
142.323506
156.480000
160.963924
156.874745
146.105115
130.547681
112.095093
92.640000
73.797805
56.074927
39.700535
24.903803
11.913900
0.960000
0.000000
0.000000
0.000000
0.000000
0.000000
11.520000
32.827219
58.578436
86.128486
112.832207
136.044433
153.120000
162.046270
163.340709
158.153310
147.634064
132.932963
115.200000
95.543256
74.903171
54.178274
34.267094
16.068159
0.480000
0.000000
0.000000
0.000000
0.000000
0.000000
23.040000
56.418368
96.305961
138.487350
178.747106
212.869799
236.640000
246.914711
244.840660
232.637005
212.522904
186.717516
157.440000
126.758342
96.135843
66.884630
40.316833
17.744580
0.480000
0.000000
0.000000
0.000000
0.000000
5.395273
22.560000
44.080643
68.333613
93.437472
117.510782
138.672104
155.040000
165.121065
168.974024
167.045638
159.782666
147.631866
131.040000
110.626210
87.699180
63.739976
40.229667
18.649319
0.480000
0.000000
0.000000
0.000000
0.000000
0.000000
14.880000
43.130745
76.930461
113.242196
149.028999
181.253917
206.880000
223.469593
230.982234
229.976760
221.012005
204.646807
181.440000
152.277550
119.353936
85.190766
52.309648
23.232190
0.480000
0.000000
0.000000
0.000000
0.000000
0.000000
12.000000
29.994954
49.704641
69.868523
89.226068
106.516738
120.480000
130.066642
135.072749
135.505729
131.372992
122.681946
109.440000
91.958478
71.764365
50.688561
30.561965
13.215478
0.480000
0.000000
0.000000
0.000000
0.000000
4.453919
10.080000
14.585961
18.374247
22.191326
26.783665
32.897734
41.280000
52.256709
64.473220
76.154668
85.526190
90.812922
90.240000
82.662757
69.457317
52.630000
34.187128
16.135021
0.480000
0.000000
0.000000
0.000000
0.000000
0.000000
14.400000
38.948194
68.232635
99.688681
130.751686
158.857007
181.440000
196.423851
203.683057
203.579948
196.476850
182.736092
162.720000
137.111959
107.879580
77.311527
47.696469
21.323071
0.480000
0.000000
0.000000
0.000000
0.000000
0.000000
14.400000
34.305902
56.854811
80.692701
104.465546
126.819321
146.400000
161.983633
172.866574
178.475252
178.236096
171.575536
157.920000
137.175120
111.163336
82.186290
52.545624
24.542980
0.480000
0.000000
0.000000
0.000000
0.000000
0.000000
9.120000
41.856890
80.960783
122.515359
162.604300
197.311287
222.720000
235.854330
237.499009
229.378975
213.219168
190.744530
163.680000
133.743566
102.625405
72.008742
43.576804
19.012815
0.000000
0.000000
0.000000
0.000000
0.000000
0.000000
12.480000
29.819695
49.288215
69.727034
89.977622
108.881454
125.280000
138.132036
146.865544
151.025810
150.158117
143.807753
131.520000
113.267717
90.734053
66.029728
41.265464
18.551981
0.000000
0.000000
0.000000
0.000000
0.000000
0.000000
5.280000
22.492793
42.624083
64.489160
86.903313
108.681830
128.640000
145.638400
158.718756
166.968081
169.473387
165.321689
153.600000
133.984718
108.509782
79.798517
50.474249
23.160301
0.480000
0.000000
0.000000
0.000000
0.000000
0.000000
13.920000
40.935474
72.050636
104.150078
134.118391
158.840167
175.200000
180.930928
177.159782
165.861838
149.012375
128.586670
106.560000
84.669702
63.701348
44.202569
26.720998
11.804264
0.000000
0.000000
0.000000
0.000000
0.000000
0.302941
13.920000
32.227018
53.581567
75.965893
97.362243
115.752863
129.120000
135.926107
136.554461
131.868544
122.731840
110.007831
94.560000
77.284109
59.205035
41.379931
24.865955
10.720259
0.000000
0.000000
0.000000
0.000000
0.000000
0.000000
5.280000
12.057178
19.342252
27.073148
35.187788
43.624097
52.320000
61.076056
69.143369
75.635680
79.666728
80.350255
76.800000
68.514155
56.528717
42.264134
27.140854
12.579327
0.000000
0.000000
0.000000
0.000000
0.000000
0.000000
11.040000
31.236546
55.064224
80.004722
103.539726
123.150924
136.320000
141.206493
138.681339
130.293325
117.591239
102.123868
85.440000
68.873039
52.894866
37.761978
23.730872
11.058047
0.000000
0.000000
0.000000
0.000000
0.000000
0.000000
8.640000
31.166007
58.903903
89.202968
119.412486
146.881736
168.960000
183.519066
190.520748
190.449363
183.789230
171.024670
152.640000
129.344394
102.746440
74.679581
46.977259
21.472918
0.000000
0.000000
0.000000
0.000000
0.000000
0.000000
14.400000
45.775505
82.586253
120.751161
156.189144
184.819118
202.560000
206.512401
198.503718
181.543043
158.639470
132.802091
107.040000
83.794892
63.238877
44.976668
28.612976
13.752516
0.000000
0.000000
0.000000
0.000000
0.000000
0.000000
6.720000
40.264096
81.726915
126.002185
167.983637
202.564999
224.640000
230.542252
222.364900
203.640972
177.903494
148.685494
119.520000
93.275784
70.164595
49.733928
31.531277
15.104136
0.000000
0.000000
0.000000
0.000000
0.000000
0.000000
9.600000
47.243542
93.590745
142.892802
189.400903
227.366238
251.040000
256.311220
245.620298
223.045475
192.664990
158.557085
124.800000
94.740466
68.799172
46.665299
28.028026
12.576533
0.000000
0.000000
0.000000
0.000000
0.000000
0.000000
7.680000
29.585200
56.335441
85.381382
114.173682
140.163001
160.800000
174.054503
179.973000
179.121144
172.064589
159.368990
141.600000
119.507897
94.581448
68.494043
42.919074
19.529929
0.000000
0.000000
0.000000
0.000000
0.000000
0.000000
12.000000
38.936466
70.613717
103.795224
135.244459
161.724894
180.000000
187.673559
185.710589
175.916420
160.096380
140.055797
117.600000
94.380409
71.432814
49.639095
29.881132
13.040807
0.000000
0.000000
0.000000
0.000000
0.000000
0.000000
3.840000
14.378155
26.476792
39.572103
53.100279
66.497515
79.200000
90.604799
99.952456
106.444389
109.282013
107.666745
100.800000
88.324872
71.651161
52.630341
33.113891
14.953285
0.000000
0.000000
0.000000
0.000000
0.000000
0.000000
11.520000
29.590055
50.719456
73.432677
96.254192
117.708475
136.320000
150.790733
160.532607
165.135046
164.187475
157.279318
144.000000
124.367012
100.110115
73.387137
46.355907
21.174252
0.000000
0.000000
0.000000
0.000000
0.000000
0.000000
11.520000
39.130334
71.319932
104.627245
135.590726
160.748827
176.640000
180.786333
174.644451
160.654616
141.257088
118.892129
96.000000
74.631002
55.275598
38.034293
23.007589
10.295990
0.000000
0.000000
0.000000
0.000000
0.000000
0.000000
10.560000
28.954805
51.107334
74.992853
98.586627
119.863921
136.800000
147.766677
152.721953
152.020375
146.016492
135.064851
119.520000
99.969598
77.933744
55.165648
33.418518
14.445566
0.000000
0.000000
0.000000
0.000000
0.000000
0.000000
3.360000
9.268457
15.236194
21.726214
29.201520
38.125114
48.960000
61.800131
75.263265
87.598110
97.053376
101.877769
100.320000
91.282130
76.279635
57.481345
37.056089
17.172698
0.000000
0.000000
0.000000
0.000000
0.000000
0.000000
8.160000
30.659139
56.980917
84.252614
109.601507
130.154876
143.040000
146.216540
140.973692
129.433035
113.716149
95.944610
78.240000
62.296923
48.102091
35.215245
23.196121
11.604460
0.000000
0.000000
0.000000
0.000000
0.000000
0.000000
7.200000
41.728894
84.857253
131.320810
175.855299
213.196451
238.080000
246.670879
240.850825
223.930773
199.221660
170.034424
139.680000
110.920923
84.326115
59.916099
37.711393
17.732520
0.000000
0.000000
0.000000
0.000000
0.000000
0.000000
9.120000
45.910690
90.481694
137.024569
179.730873
212.792164
230.400000
228.554032
210.486288
181.236891
145.845963
109.353625
76.800000
52.084293
34.542041
22.367866
13.756387
6.902225
0.000000
0.000000
0.000000
0.000000
0.000000
0.000000
8.640000
39.133856
77.622441
119.425552
159.862984
194.254535
217.920000
227.400224
224.120244
210.726146
189.864016
164.179939
136.320000
108.598582
82.003249
57.189863
34.814285
15.532377
0.000000
0.000000
0.000000
0.000000
0.000000
0.000000
7.200000
26.977396
50.191928
74.452525
97.368117
116.547632
129.600000
134.773854
132.876637
125.355496
113.657579
99.230031
83.520000
67.773855
52.434858
37.745490
23.948236
11.285578
0.000000
0.000000
0.000000
0.000000
0.000000
0.000000
4.800000
26.861023
53.691633
81.984333
108.431625
129.726013
142.560000
144.600738
137.413979
123.540125
105.519576
85.892734
67.200000
51.440468
38.448005
27.515168
17.934515
8.998607
0.000000
0.000000
0.000000
0.000000
0.000000
0.000000
4.800000
33.121090
68.704879
107.208015
144.287147
175.598926
196.800000
204.702695
200.742038
187.508736
167.593493
143.587012
118.080000
93.299242
70.015856
48.637040
29.569992
13.221913
0.000000
0.000000
0.000000
0.000000
0.000000
0.000000
4.320000
21.134969
40.850438
61.190541
79.879413
94.641188
103.200000
103.970899
98.132599
87.554729
74.106920
59.658800
46.080000
34.834768
25.765833
18.310541
11.906240
5.990277
0.000000
0.000000
0.000000
0.000000
0.000000
0.000000
7.200000
28.965118
56.297885
86.077027
115.181275
140.489356
158.880000
167.996164
168.537724
161.968784
149.753447
133.355817
114.240000
93.756891
72.804552
52.167839
32.631606
14.980708
0.000000
0.000000
0.000000
0.000000
0.000000
0.000000
3.360000
24.526904
50.130285
77.572714
104.256762
127.585000
144.960000
154.398332
156.372569
151.969282
142.275044
128.376426
111.360000
92.290878
72.148328
51.890157
32.474174
14.858186
0.000000
0.000000
0.000000
0.000000
0.000000
0.000000
5.760000
26.685386
51.466304
77.269488
101.261674
120.609600
132.480000
134.862520
129.038443
117.111961
101.187265
83.368547
65.760000
50.084533
36.539924
24.942670
15.109267
6.856212
0.000000
0.000000
0.000000
0.000000
0.000000
0.000000
2.400000
14.253627
28.857076
44.767894
60.543624
74.741811
85.920000
92.946144
95.929833
95.291065
91.449838
84.826150
75.840000
64.930685
52.614702
39.427845
25.905913
12.584699
0.000000
0.000000
0.000000
0.000000
0.000000
0.000000
4.320000
31.111519
63.713189
97.721942
128.734708
152.348417
164.160000
161.169476
145.989215
122.634678
95.121324
67.464611
43.680000
26.823912
16.116616
9.819345
6.193331
3.499805
0.000000
0.000000
0.000000
0.000000
0.000000
0.000000
3.840000
26.836577
56.266100
88.348886
119.305253
145.355519
162.720000
168.643259
164.466836
152.556514
135.278078
114.997312
94.080000
74.485942
56.551001
40.205057
25.377989
11.999677
0.000000
0.000000
0.000000
0.000000
0.000000
0.000000
3.840000
28.591053
59.163471
92.021915
123.631044
150.455519
168.960000
176.540592
174.319178
164.349084
148.683639
129.376168
108.480000
87.748801
67.737595
48.701748
30.896624
14.577586
0.000000
0.000000
0.000000
0.000000
0.000000
0.000000
2.400000
29.129935
61.465086
94.982560
125.259465
147.872909
158.400000
153.853832
136.991438
112.005839
83.090053
54.437100
30.240000
13.703627
4.080273
0.000000
0.000000
0.000000
0.000000
0.000000
0.000000
0.000000
0.000000
0.000000
1.440000
8.931949
18.787623
29.674643
40.260631
49.213209
55.200000
57.253875
55.868705
51.903612
46.217715
39.670138
33.120000
27.232551
21.897557
16.810911
11.668507
6.166239
0.000000
0.000000
0.000000
0.000000
0.000000
0.000000
3.840000
25.885993
53.715957
83.938116
113.160693
137.991913
155.040000
161.808996
159.386216
149.754793
134.897861
116.798552
97.440000
78.500245
60.436957
43.402712
27.550087
13.031657
0.000000
0.000000
0.000000
0.000000
0.000000
0.000000
3.360000
28.701886
59.637000
92.239855
122.584964
146.746841
160.800000
161.993543
152.274934
134.766223
112.589462
88.866704
66.720000
48.615051
34.392154
23.235255
14.328299
6.855232
0.000000
0.000000
0.000000
0.000000
0.000000
0.000000
3.360000
22.648831
46.653160
72.313714
96.571221
116.366407
128.640000
131.216204
125.453135
113.592386
97.875552
80.544225
63.840000
49.530798
37.489857
27.116741
17.811016
8.972247
0.000000
0.000000
0.000000
0.000000
0.000000
0.000000
0.960000
26.844566
59.342611
94.200655
127.165220
153.982828
170.400000
173.390021
164.833230
147.836730
125.507623
100.953012
77.280000
57.004239
40.275580
26.652425
15.693176
6.956234
0.000000
0.000000
0.000000
0.000000
0.000000
0.000000
3.360000
15.205886
29.404396
44.213297
57.890354
68.693333
74.880000
75.243433
70.717965
62.773242
52.878909
42.504614
33.120000
25.824827
20.239299
15.613735
11.198452
6.243768
0.000000
0.000000
0.000000
0.000000
0.000000
0.000000
1.920000
28.308355
61.839127
98.118997
132.754646
161.352753
179.520000
184.098209
176.869764
160.852194
139.063026
114.519785
90.240000
68.689922
50.130704
34.272225
20.824362
9.496995
0.000000
0.000000
0.000000
0.000000
0.000000
0.000000
2.400000
18.968331
39.332955
61.292154
82.644207
101.187395
114.720000
121.582352
122.282984
117.872481
109.401426
97.920405
84.480000
70.031152
55.126221
40.217924
25.758978
12.202097
0.000000
0.000000
0.000000
0.000000
0.000000
0.000000
1.920000
23.718907
50.443031
78.938787
106.052591
128.630857
143.520000
148.435776
144.571300
133.989028
118.751417
100.920922
82.560000
65.375768
49.653992
35.325099
22.319518
10.567676
0.000000
0.000000
0.000000
0.000000
0.000000
0.000000
1.440000
22.272955
47.841744
74.872605
100.091775
120.225494
132.000000
133.113693
125.153624
110.679007
92.249055
72.422982
53.760000
38.312273
26.103759
16.651367
9.472004
4.082579
0.000000
0.000000
0.000000
0.000000
0.000000
0.000000
0.960000
7.121085
14.908658
23.846527
33.458502
43.268389
52.800000
61.553998
68.938471
74.338364
77.138620
76.724184
72.480000
64.105146
52.555235
39.100017
25.009240
11.552651
0.000000
0.000000
0.000000
0.000000
0.000000
0.000000
1.440000
14.784285
30.731300
47.813712
64.564187
79.515394
91.200000
98.464105
101.407544
100.443585
95.985496
88.446545
78.240000
65.852628
52.065191
37.731949
23.707163
10.845093
0.000000
0.000000
0.000000
0.000000
0.000000
0.000000
1.440000
14.372508
29.541373
45.133574
59.336093
70.335908
76.320000
76.049029
70.578371
61.537083
50.554221
39.258842
29.280000
21.838043
16.518475
12.498092
8.953688
5.062059
0.000000
0.000000
0.000000
0.000000
0.000000
0.000000
0.480000
22.906757
51.530611
82.559713
112.202211
136.666257
152.160000
155.965282
149.658715
135.890600
117.311241
96.570940
76.320000
58.683224
43.683418
30.817887
19.583937
9.478872
0.000000
0.000000
0.000000
0.000000
0.000000
0.000000
0.960000
23.745051
52.090578
82.310707
110.719568
133.631290
147.360000
149.304641
141.203411
125.879320
106.155381
84.854604
64.800000
48.218606
34.953557
24.252011
15.361131
7.528073
0.000000
0.000000
0.000000
0.000000
0.000000
0.000000
0.960000
21.824321
48.050325
76.317454
103.305148
125.692850
140.160000
144.310670
139.447448
127.797552
111.588200
93.046610
74.400000
57.481889
42.550995
29.472339
18.110942
8.331822
0.000000
0.000000
0.000000
0.000000
0.000000
0.000000
0.960000
15.055451
32.250271
50.455298
67.581370
81.539325
90.240000
92.200863
88.365897
80.285716
69.510931
57.592154
46.080000
36.189985
27.797250
20.441839
13.663797
7.003169
0.000000
0.000000
0.000000
0.000000
0.000000
0.000000
0.480000
21.711010
48.484560
77.330443
104.778450
127.358372
141.600000
145.014543
139.038878
126.091298
108.590095
88.953565
69.600000
52.508595
37.902150
25.564366
15.278946
6.829590
0.000000
0.000000
0.000000
0.000000
0.000000
0.000000
0.480000
10.149319
21.825538
34.150687
45.766794
55.315889
61.440000
63.171649
61.105326
56.226016
49.518703
41.968370
34.560000
28.055198
22.322046
17.005248
11.749505
6.199522
0.000000
0.000000
0.000000
0.000000
0.000000
0.000000
0.480000
20.816786
46.469776
74.022783
100.059615
121.164084
133.920000
135.909742
128.709961
114.895877
97.042709
77.725677
59.520000
44.455357
32.379267
22.593709
14.400659
7.102097
0.000000
0.000000
0.000000
0.000000
0.000000
0.000000
0.480000
20.313772
45.204412
71.889137
97.105165
117.589713
130.080000
132.264972
125.640495
112.654164
95.753575
77.386322
60.000000
45.517451
33.762497
24.034206
15.631648
7.853889
0.000000
0.000000
0.000000
0.000000
0.000000
0.000000
0.480000
23.512761
52.288320
82.789751
111.000125
132.902517
144.480000
142.963730
130.577200
110.791986
87.079664
62.911810
41.760000
26.296763
15.998435
9.542305
5.605664
2.865799
0.000000
0.000000
0.000000
0.000000
0.000000
0.000000
0.480000
14.577471
32.614209
52.182523
70.874721
86.283110
96.000000
98.300897
94.194102
85.371115
73.523436
60.342564
47.520000
36.410053
27.018272
19.013017
12.062647
5.835522
0.000000
0.000000
0.000000
0.000000
0.000000
0.000000
0.000000
13.769934
30.974931
49.419714
66.909004
81.247526
90.240000
92.323593
88.465242
80.264327
69.320229
57.232326
45.600000
35.675693
27.324100
20.062977
13.410081
6.883170
0.000000
0.000000
0.000000
0.000000
0.000000
0.000000
0.000000
20.825327
47.046912
75.161964
101.667691
123.061300
135.840000
137.529504
129.769549
115.228378
96.574234
76.475361
57.600000
42.063325
29.768226
20.064523
12.302038
5.830590
0.000000
0.000000
0.000000
0.000000
0.000000
0.000000
0.480000
14.727885
32.481580
51.421360
69.227506
83.580293
92.160000
93.326816
88.160577
78.421029
65.867919
52.260994
39.360000
28.575961
19.925001
13.074524
7.691930
3.444621
0.000000
0.000000
0.000000
0.000000
0.000000
0.000000
0.480000
6.597784
14.006214
21.701971
28.681734
33.942183
36.480000
35.619522
31.995725
26.571241
20.308703
14.170745
9.120000
5.861904
4.073108
3.173066
2.581231
1.717058
0.000000
0.000000
0.000000
0.000000
0.000000
0.000000
0.480000
12.004429
26.821743
42.940948
58.371055
71.121069
79.200000
81.180534
77.890076
70.719710
61.060519
50.303588
39.840000
30.777879
23.093509
16.480213
10.631314
5.240135
0.000000
0.000000
0.000000
0.000000
0.000000
0.000000
0.480000
14.148105
31.065165
48.822034
65.009562
77.218600
83.040000
80.839633
72.083451
59.012425
43.867527
28.889728
16.320000
7.857807
3.036585
0.848265
0.284774
0.338043
0.000000
0.000000
0.000000
0.000000
0.000000
0.000000
0.000000
7.523415
17.224807
27.613670
37.199495
44.491774
48.000000
46.710536
41.517231
33.790805
24.901977
16.221469
9.120000
4.614441
2.306270
1.443112
1.272596
1.042350
0.000000
0.000000
0.000000
0.000000
0.000000
0.000000
0.000000
10.198766
23.382968
37.709899
51.336853
62.421122
69.120000
70.131017
66.312661
59.063656
49.782728
39.868601
30.720000
23.410498
17.713054
13.075476
8.945570
4.771142
0.000000
0.000000
0.000000
0.000000
0.000000
0.000000
0.000000
17.219318
38.928684
62.066766
83.572234
100.383756
109.440000
108.622404
99.583477
84.918495
67.222737
49.091480
33.120000
21.311066
13.297410
8.119253
4.816817
2.430326
0.000000
0.000000
0.000000
0.000000
0.000000
0.000000
0.000000
10.635609
24.195051
38.822770
52.663206
63.860802
70.560000
71.453123
67.424021
59.904426
50.326069
40.120684
30.720000
23.225234
17.415532
12.739527
8.645850
4.583130
0.000000
0.000000
0.000000
0.000000
0.000000
0.000000
0.000000
16.346551
36.813514
58.350613
77.907576
92.434129
98.880000
95.194518
83.325430
66.220084
46.825831
28.090020
12.960000
3.628709
0.000000
0.000000
0.000000
0.252459
0.000000
0.000000
0.000000
0.000000
0.000000
0.000000
0.000000
14.835376
34.106569
54.956104
74.526504
89.960294
98.400000
97.861183
89.851557
76.751875
60.942886
44.805344
30.720000
20.499892
13.687201
9.256398
6.181951
3.438329
0.000000
0.000000
0.000000
0.000000
0.000000
0.000000
0.000000
16.694217
37.923140
60.653475
81.851926
98.485200
107.520000
106.850549
98.081137
83.743570
66.369654
48.491195
32.640000
20.783586
12.632311
7.332246
4.029459
1.870021
0.000000
0.000000
0.000000
0.000000
0.000000
0.000000
0.000000
7.062652
15.942552
25.317970
33.867172
40.268426
43.200000
41.772064
36.822395
29.620675
21.436582
13.539797
7.200000
3.349093
1.567867
1.099332
1.186501
1.072387
0.000000
0.000000
0.000000
0.000000
0.000000
0.000000
0.000000
11.024653
25.207579
40.472676
54.743846
65.944987
72.000000
71.469823
65.463546
55.727296
44.007204
32.049395
21.600000
13.996055
8.938239
5.718138
3.627340
1.957431
0.000000
0.000000
0.000000
0.000000
0.000000
0.000000
0.000000
9.540122
21.687766
34.721255
46.918910
56.559051
61.920000
61.804668
57.114324
49.274827
39.712035
29.851806
21.120000
14.607872
10.068269
6.919437
4.579618
2.467057
0.000000
0.000000
0.000000
0.000000
0.000000
0.000000
0.000000
10.530088
23.908006
38.270856
51.755737
62.499752
68.640000
68.871360
64.119821
55.869150
45.603111
34.805473
24.960000
17.231137
11.506041
7.352545
4.338484
2.031691
0.000000
0.000000
0.000000
0.000000
0.000000
0.000000
0.000000
5.565836
12.536570
19.964777
26.903034
32.403916
35.520000
35.594788
33.135485
28.940223
23.807134
18.534349
13.920000
10.555013
8.201491
6.414332
4.748432
2.758689
0.000000
0.000000
0.000000
0.000000
0.000000
0.000000
0.000000
12.693236
28.755417
45.835865
61.583897
73.648836
79.680000
78.070786
70.190891
58.154091
44.074159
30.064871
18.240000
10.196955
5.467685
3.067772
2.012798
1.318347
0.000000
0.000000
0.000000
0.000000
0.000000
0.000000
0.000000
10.986363
25.089954
40.252944
54.417502
65.525797
71.520000
70.973156
64.981815
55.273403
43.575346
31.615070
21.120000
13.421013
8.262785
4.993443
2.961114
1.513924
0.000000
0.000000
0.000000
0.000000
0.000000
0.000000
0.000000
7.085594
16.171256
26.055256
35.535866
43.411357
48.480000
49.877052
48.085709
43.926151
38.218559
31.783115
25.440000
19.846198
15.005910
10.760141
6.949897
3.416181
0.000000
0.000000
0.000000
0.000000
0.000000
0.000000
0.000000
8.454508
18.978149
30.146721
40.536021
48.721848
53.280000
53.223809
49.316750
42.759831
34.754060
26.500447
19.200000
13.763587
9.941516
7.193955
4.981070
2.763029
0.000000
0.000000
0.000000
0.000000
0.000000
0.000000
0.000000
12.020156
27.278634
43.628645
58.923402
71.016116
77.760000
77.659757
71.826059
62.021070
50.006954
37.545876
26.400000
17.934151
11.923798
7.747076
4.782114
2.407045
0.000000
0.000000
0.000000
0.000000
0.000000
0.000000
0.000000
8.929063
20.223434
32.310414
43.617302
52.571397
57.600000
57.606775
53.400849
46.267716
37.492868
28.361799
20.160000
13.883838
9.373169
6.178722
3.851225
1.941408
0.000000
0.000000
0.000000
0.000000
0.000000
0.000000
0.000000
6.986892
15.818708
25.271688
34.122070
41.146095
45.120000
45.192338
42.000916
36.555851
29.867264
22.945274
16.800000
12.197089
8.924296
6.524907
4.542206
2.519475
0.000000
0.000000
0.000000
0.000000
0.000000
0.000000
0.000000
10.785681
24.428108
38.957015
52.402142
62.793225
68.160000
67.146856
60.856782
51.007419
39.316407
27.501387
17.280000
9.973562
5.318098
2.653309
1.318896
0.654559
0.000000
0.000000
0.000000
0.000000
0.000000
0.000000
0.000000
4.639747
10.629716
17.149316
23.377958
28.495049
31.680000
32.348786
30.863647
27.823392
23.826827
19.472761
15.360000
11.951778
9.169030
6.797117
4.621400
2.427241
0.000000
0.000000
0.000000
0.000000
0.000000
0.000000
0.000000
8.089587
18.252256
29.050319
39.046089
46.801878
50.880000
50.293103
45.855186
38.830583
30.483628
22.078655
14.880000
9.837999
6.646999
4.687350
3.339401
1.983501
0.000000
0.000000
0.000000
0.000000
0.000000
0.000000
0.000000
10.915733
24.832400
39.752581
53.678855
64.613802
70.560000
70.131057
64.384694
54.989658
43.614699
31.928563
21.600000
13.920038
8.668823
5.248785
3.062350
1.511946
0.000000
0.000000
0.000000
0.000000
0.000000
0.000000
0.000000
6.280349
14.255573
22.810411
30.829602
37.197885
40.800000
40.858701
37.948808
32.983156
26.874581
20.535917
14.880000
10.604846
7.549194
5.336964
3.592075
1.938447
0.000000
0.000000
0.000000
0.000000
0.000000
0.000000
0.000000
7.920829
17.939810
28.627080
38.552778
46.287039
50.400000
49.903660
45.577456
38.642689
30.320658
21.832662
14.400000
8.964533
5.350366
3.102163
1.764591
0.882315
0.000000
0.000000
0.000000
0.000000
0.000000
0.000000
0.000000
4.280415
9.747534
15.643206
21.209277
25.687592
28.320000
28.575690
26.833226
23.698518
19.777472
15.675996
12.000000
9.203493
7.132893
5.482723
3.947504
2.221756
0.000000
0.000000
0.000000
0.000000
0.000000
0.000000
0.000000
9.355150
21.206307
33.874921
45.682442
54.950318
60.000000
59.669061
54.859571
46.989726
37.477719
27.741746
19.200000
12.935273
8.688741
5.866175
3.873348
2.116032
0.000000
0.000000
0.000000
0.000000
0.000000
0.000000
0.000000
9.749783
22.124949
35.351526
47.655542
57.263024
62.400000
61.839911
56.545849
48.028321
37.797833
27.364891
18.240000
11.583907
7.158321
4.375189
2.646459
1.384080
0.000000
0.000000
0.000000
0.000000
0.000000
0.000000
0.000000
6.738255
15.318210
24.521115
33.128216
39.920762
43.680000
43.558077
40.190736
34.584617
27.746361
20.682608
14.400000
9.676102
6.372178
4.120417
2.553008
1.302140
0.000000
0.000000
0.000000
0.000000
0.000000
0.000000
0.000000
5.147174
11.652286
18.584730
25.013901
30.009193
32.640000
32.264899
29.399193
24.847366
19.413902
13.903285
9.120000
5.679895
3.444274
2.085805
1.277158
0.691000
0.000000
0.000000
0.000000
0.000000
0.000000
0.000000
0.000000
3.744685
8.514213
13.616545
18.359645
22.051476
24.000000
23.730182
21.634994
18.324408
14.408398
10.496938
7.200000
4.967920
3.612479
2.785823
2.140095
1.327439
0.000000
0.000000
0.000000
0.000000
0.000000
0.000000
0.000000
7.468412
16.958273
27.064974
36.383903
43.510448
47.040000
46.012659
41.247373
34.007803
25.557611
17.160456
10.080000
5.274288
2.478902
1.123813
0.638987
0.454394
0.000000
0.000000
0.000000
0.000000
0.000000
0.000000
0.000000
5.147170
11.790806
18.968407
25.717474
31.075505
34.080000
34.058908
31.501983
27.189426
21.901441
16.418232
11.520000
7.810531
5.187931
3.373889
2.090095
1.058235
0.000000
0.000000
0.000000
0.000000
0.000000
0.000000
0.000000
4.011369
9.089115
14.526043
19.614962
23.648679
25.920000
25.935553
24.057247
20.860810
16.921971
12.816458
9.120000
6.279750
4.228563
2.770715
1.710487
0.852156
0.000000
0.000000
0.000000
0.000000
0.000000
0.000000
0.000000
2.965136
6.750762
10.883971
14.891853
18.301499
20.640000
21.560679
21.221782
19.907787
17.903173
15.492418
12.960000
10.538817
8.255445
6.084881
4.002121
1.982162
0.000000
0.000000
0.000000
0.000000
0.000000
0.000000
0.000000
4.740519
10.603241
16.764359
22.400063
26.686546
28.800000
28.180535
25.323928
20.989876
15.938073
10.928216
6.720000
3.884009
2.234380
1.396139
0.994312
0.653923
0.000000
0.000000
0.000000
0.000000
0.000000
0.000000
0.000000
4.940050
11.273635
18.081588
24.444745
29.443937
32.160000
31.954149
29.309132
24.988078
19.754118
14.370382
9.600000
6.036688
3.596506
2.026100
1.072116
0.481201
0.000000
0.000000
0.000000
0.000000
0.000000
0.000000
0.000000
1.804691
4.126335
6.683809
9.195992
11.381763
12.960000
13.719913
13.732037
13.137241
12.076391
10.690355
9.120000
7.488991
5.852183
4.247228
2.711778
1.283484
0.000000
0.000000
0.000000
0.000000
0.000000
0.000000
0.000000
2.210076
4.915343
7.777385
10.457786
12.618129
13.920000
14.126685
13.408288
12.036614
10.283470
8.420664
6.720000
5.383183
4.331506
3.416159
2.488333
1.399216
0.000000
0.000000
0.000000
0.000000
0.000000
0.000000
0.000000
5.672268
12.827968
20.428846
27.436648
32.813117
35.520000
34.845903
31.386885
26.065866
19.805765
13.529503
8.160000
4.404119
2.104491
0.887690
0.380292
0.208871
0.000000
0.000000
0.000000
0.000000
0.000000
0.000000
0.000000
2.447614
5.612678
9.038819
12.269667
14.848851
16.320000
16.363032
15.203026
13.201351
10.719376
8.118469
5.760000
3.926925
2.588552
1.635777
0.959496
0.450605
0.000000
0.000000
0.000000
0.000000
0.000000
0.000000
0.000000
1.316001
3.000383
4.862060
6.709945
8.352954
9.600000
10.306727
10.515702
10.316221
9.797579
9.049073
8.160000
7.197089
6.136808
4.933058
3.539739
1.910752
0.000000
0.000000
0.000000
0.000000
0.000000
0.000000
0.000000
6.289916
14.168265
22.500747
30.153063
35.990914
38.880000
38.046532
34.158765
28.245464
21.335393
14.457316
8.640000
4.663954
2.316673
1.137398
0.665367
0.439821
0.000000
0.000000
0.000000
0.000000
0.000000
0.000000
0.000000
4.318778
9.891831
15.922819
21.615403
26.173243
28.800000
28.936127
26.969247
23.523778
19.224136
14.694738
10.560000
7.310049
4.897848
3.142070
1.861387
0.874473
0.000000
0.000000
0.000000
0.000000
0.000000
0.000000
0.000000
2.406352
5.433595
8.686156
11.768460
14.284933
15.840000
16.153139
15.404036
13.887431
11.898064
9.730674
7.680000
5.974428
4.576928
3.384118
2.292615
1.199037
0.000000
0.000000
0.000000
0.000000
0.000000
0.000000
0.000000
3.933413
8.865618
14.091497
18.905933
22.603806
24.480000
24.052752
21.733719
18.157914
13.960351
9.776042
6.240000
3.828914
2.386174
1.596847
1.145998
0.718693
0.000000
0.000000
0.000000
0.000000
0.000000
0.000000
0.000000
4.702492
10.709707
17.144355
23.129147
27.786791
30.240000
29.882882
27.195140
22.927879
17.832200
12.659206
8.160000
4.912647
2.803064
1.544129
0.848721
0.429718
0.000000
0.000000
0.000000
0.000000
0.000000
0.000000
0.000000
2.447903
5.599854
9.033447
12.326274
15.055927
16.800000
17.255193
16.594646
15.110605
13.095319
10.841035
8.640000
6.724657
5.088229
3.664132
2.385783
1.186600
0.000000
0.000000
0.000000
0.000000
0.000000
0.000000
0.000000
3.132854
7.039793
11.184396
15.030244
18.040918
19.680000
19.577960
18.032835
15.509549
12.473031
9.388206
6.720000
4.815305
3.548869
2.677407
1.957632
1.146258
0.000000
0.000000
0.000000
0.000000
0.000000
0.000000
0.000000
5.625854
12.759926
20.359296
27.381045
32.782253
35.520000
34.877985
31.446384
26.141990
19.881599
13.582004
8.160000
4.322206
1.934539
0.652742
0.132558
0.029730
0.000000
0.000000
0.000000
0.000000
0.000000
0.000000
0.000000
1.311690
3.016949
4.859093
6.581439
7.927302
8.640000
8.542268
7.774519
6.556585
5.108299
3.649493
2.400000
1.525905
0.978309
0.654566
0.452031
0.268057
0.000000
0.000000
0.000000
0.000000
0.000000
0.000000
0.000000
1.562089
3.568263
5.744830
7.818102
9.514388
10.560000
10.761974
10.250259
9.235529
7.928459
6.539725
5.280000
4.303346
3.537367
2.853053
2.121394
1.213379
0.000000
0.000000
0.000000
0.000000
0.000000
0.000000
0.000000
5.104756
11.554876
18.417912
24.761411
29.652924
32.160000
31.643003
28.633556
23.956095
18.435058
12.894880
8.160000
4.856565
2.817567
1.677708
1.071692
0.634222
0.000000
0.000000
0.000000
0.000000
0.000000
0.000000
0.000000
4.251596
9.686611
15.510002
20.926725
25.141739
27.360000
27.033988
24.606266
20.766921
16.206038
11.613702
7.680000
4.925786
3.194991
2.162314
1.502457
0.890119
0.000000
0.000000
0.000000
0.000000
0.000000
0.000000
0.000000
5.096072
11.576591
18.482401
24.854344
29.733263
32.160000
31.479511
28.253198
23.346576
17.625159
11.954462
7.200000
4.012551
2.183951
1.291297
0.911688
0.622223
0.000000
0.000000
0.000000
0.000000
0.000000
0.000000
0.000000
5.181870
11.816498
18.915755
25.491510
30.555635
33.120000
32.506680
29.278563
24.308744
18.470314
12.636369
7.680000
4.264745
2.215916
1.149271
0.680565
0.425556
0.000000
0.000000
0.000000
0.000000
0.000000
0.000000
0.000000
3.702337
8.468553
13.614039
18.454183
22.304374
24.480000
24.502980
22.721348
19.689670
15.962510
12.094432
8.640000
6.025744
4.166053
2.847279
1.855777
0.977900
0.000000
0.000000
0.000000
0.000000
0.000000
0.000000
0.000000
3.886972
8.807299
14.067874
18.975587
22.837332
24.960000
24.862514
22.911919
19.687294
15.767714
11.732257
8.160000
5.496307
3.651690
2.402951
1.526890
0.800306
0.000000
0.000000
0.000000
0.000000
0.000000
0.000000
0.000000
3.367989
7.649700
12.253445
16.587535
20.060283
22.080000
22.231340
20.804325
18.265319
15.080687
11.716793
8.640000
6.213318
4.386333
3.005278
1.916383
0.965880
0.000000
0.000000
0.000000
0.000000
0.000000
0.000000
0.000000
3.145129
7.092301
11.280445
15.148491
18.135366
19.680000
19.397429
17.607121
14.804649
11.485589
8.145514
5.280000
3.265153
1.999215
1.260957
0.829153
0.482576
0.000000
0.000000
0.000000
0.000000
0.000000
0.000000
0.000000
2.902574
6.621147
10.632948
14.415205
17.445147
19.200000
19.312192
18.034946
15.776683
12.945823
9.950789
7.200000
5.015323
3.372401
2.160320
1.268168
0.585032
0.000000
0.000000
0.000000
0.000000
0.000000
0.000000
0.000000
1.443060
3.241350
5.151529
6.930258
8.334195
9.120000
9.119023
8.461372
7.351845
5.995242
4.596361
3.360000
2.440849
1.793163
1.321089
0.928773
0.520361
0.000000
0.000000
0.000000
0.000000
0.000000
0.000000
0.000000
2.284382
5.187379
8.303716
11.228116
13.555303
14.880000
14.920447
13.888952
12.121336
9.953424
7.721037
5.760000
4.320495
3.310147
2.550939
1.864856
1.073881
0.000000
0.000000
0.000000
0.000000
0.000000
0.000000
0.000000
4.880328
11.056896
17.629426
23.697639
28.361257
30.720000
30.156672
27.186398
22.607386
17.217845
11.815980
7.200000
3.979652
2.010845
0.961028
0.497649
0.288156
0.000000
0.000000
0.000000
0.000000
0.000000
0.000000
0.000000
2.661470
6.108271
9.864963
13.456108
16.406267
18.240000
18.618290
17.747807
15.971645
13.632894
11.074649
8.640000
6.598704
4.927166
3.528458
2.305648
1.161805
0.000000
0.000000
0.000000
0.000000
0.000000
0.000000
0.000000
3.371493
7.600949
12.113447
16.334068
19.687892
21.600000
21.669355
20.190457
17.631689
14.461434
11.148077
8.160000
5.857754
4.170558
2.919799
1.926862
1.013133
0.000000
0.000000
0.000000
0.000000
0.000000
0.000000
0.000000
3.801508
8.582421
13.643733
18.286437
21.811528
23.520000
22.936561
20.480783
16.795951
12.525353
8.312274
4.800000
2.472247
1.174447
0.592462
0.412151
0.319377
0.000000
0.000000
0.000000
0.000000
0.000000
0.000000
0.000000
3.401065
7.788732
12.530730
16.994789
20.548636
22.560000
22.585736
20.939200
18.122876
14.639246
10.990793
7.680000
5.102659
3.227800
1.917765
1.034893
0.441524
0.000000
0.000000
0.000000
0.000000
0.000000
0.000000
0.000000
0.953936
2.182695
3.577979
5.031489
6.434929
7.680000
8.658404
9.261844
9.382021
8.910638
7.739397
5.760000
2.864149
0.000000
0.000000
0.000000
0.000000
0.000000
0.000000
0.000000
0.000000
0.000000
0.000000
0.000000
0.000000
0.000000
0.000000
0.000000
0.000000
