22.560000
22.519810
20.811763
17.954809
14.467898
10.869978
7.680000
5.295764
3.630477
2.476199
1.624987
0.868901
0.000000
0.000000
0.000000
0.000000
0.000000
0.000000
0.000000
3.660142
8.299766
13.262219
17.890845
21.528990
23.520000
23.408964
21.547939
18.490729
14.791135
11.002958
7.680000
5.244004
3.588476
2.474864
1.664615
0.919178
0.000000
0.000000
0.000000
0.000000
0.000000
0.000000
0.000000
4.233687
9.601116
15.325873
20.631548
24.741727
26.880000
26.512451
24.075157
20.246691
15.705627
11.130539
7.200000
4.429841
2.684923
1.667362
1.079276
0.622783
0.000000
0.000000
0.000000
0.000000
0.000000
0.000000
0.000000
3.755200
8.556690
13.717193
18.549430
22.366125
24.480000
24.413238
22.525865
19.387368
15.567234
11.634949
8.160000
5.578515
3.793182
2.573334
1.688301
0.907413
0.000000
0.000000
0.000000
0.000000
0.000000
0.000000
0.000000
3.932892
8.938975
14.329489
19.415671
23.508762
25.920000
26.164616
24.573804
21.682751
18.026642
14.140663
10.560000
7.701978
5.512474
3.819508
2.451095
1.235253
0.000000
0.000000
0.000000
0.000000
0.000000
0.000000
0.000000
3.908126
8.822330
14.063616
18.952988
22.811448
24.960000
24.926688
23.067713
19.946315
16.125737
12.169218
8.640000
5.971789
4.080152
2.751122
1.770731
0.925013
0.000000
0.000000
0.000000
0.000000
0.000000
0.000000
0.000000
3.659139
8.317573
13.352089
18.139474
22.056515
24.480000
24.966177
23.789141
21.402448
18.259656
14.814321
11.520000
8.736154
6.445865
4.538119
2.901902
1.426200
0.000000
0.000000
0.000000
0.000000
0.000000
0.000000
0.000000
3.740354
8.431206
13.461576
18.220485
22.096953
24.480000
24.936046
23.741112
21.348619
18.211989
14.784642
11.520000
8.775463
6.524347
4.643947
3.011559
1.504478
0.000000
0.000000
0.000000
0.000000
0.000000
0.000000
0.000000
4.220570
9.505204
15.133683
20.385788
24.541300
26.880000
26.900062
24.973238
21.689675
17.639516
13.412910
9.600000
6.659182
4.521843
2.987619
1.856146
0.927061
0.000000
0.000000
0.000000
0.000000
0.000000
0.000000
0.000000
3.187974
7.240591
11.632977
15.840256
19.337555
21.600000
22.249337
21.493800
19.688243
17.187521
14.346488
11.520000
8.994678
6.784210
4.834053
3.089661
1.496492
0.000000
0.000000
0.000000
0.000000
0.000000
0.000000
0.000000
3.401957
7.613903
12.063759
16.179447
19.388887
21.120000
20.977998
19.277250
16.509417
13.166157
9.739132
6.720000
4.486052
2.957096
1.938574
1.235924
0.654586
0.000000
0.000000
0.000000
0.000000
0.000000
0.000000
0.000000
2.878320
6.549888
10.516272
14.279040
17.339760
19.200000
19.506702
18.488306
16.518624
13.971470
11.220658
8.640000
6.521538
4.830222
3.449231
2.261745
1.150942
0.000000
0.000000
0.000000
0.000000
0.000000
0.000000
0.000000
3.545428
7.970994
12.632967
16.887613
20.091202
21.600000
20.977807
18.618549
15.123682
11.094664
7.132951
3.840000
1.670010
0.488144
0.012305
0.000000
0.050329
0.000000
0.000000
0.000000
0.000000
0.000000
0.000000
0.000000
2.163601
5.014127
8.179305
11.286859
13.964516
15.840000
16.636778
16.461282
15.515683
14.002155
12.122870
10.080000
8.049287
6.100746
4.277963
2.624521
1.184005
0.000000
0.000000
0.000000
0.000000
0.000000
0.000000
0.000000
1.373083
3.009655
4.732174
6.363100
7.724889
8.640000
8.981595
8.825648
8.298837
7.527840
6.639335
5.760000
4.980538
4.247754
3.472478
2.565540
1.437771
0.000000
0.000000
0.000000
0.000000
0.000000
0.000000
0.000000
5.492226
12.441121
19.882514
26.852238
32.386123
35.520000
35.581508
33.065514
28.758692
23.447716
17.919261
12.960000
9.175074
6.443489
4.462718
2.930231
1.543501
0.000000
0.000000
0.000000
0.000000
0.000000
0.000000
0.000000
5.965481
13.501065
21.535532
28.997658
34.816222
37.920000
37.568772
34.346322
29.167434
22.946894
16.599488
11.040000
6.972765
4.260315
2.554732
1.508097
0.772493
0.000000
0.000000
0.000000
0.000000
0.000000
0.000000
0.000000
3.695449
8.401120
13.450711
18.177922
21.916452
24.000000
23.964701
22.156434
19.123516
15.414260
11.576983
8.160000
5.585747
3.773142
2.515226
1.605037
0.835615
0.000000
0.000000
0.000000
0.000000
0.000000
0.000000
0.000000
3.333894
7.533981
11.982448
16.061483
19.153271
20.640000
20.103224
17.921968
14.674625
10.939587
7.295248
4.320000
2.439877
1.471481
1.079053
0.926835
0.679070
0.000000
0.000000
0.000000
0.000000
0.000000
0.000000
0.000000
5.424390
12.426751
20.044289
27.314206
33.273709
36.960000
37.687397
35.878665
32.233681
27.452324
22.234471
17.280000
13.139356
9.765257
6.960987
4.529831
2.275074
0.000000
0.000000
0.000000
0.000000
0.000000
0.000000
0.000000
6.562155
14.811292
23.649529
31.978982
38.701767
42.720000
43.258426
40.832302
36.279512
30.437942
24.145476
18.240000
13.384141
9.539501
6.492423
4.029250
1.936328
0.000000
0.000000
0.000000
0.000000
0.000000
0.000000
0.000000
4.922490
11.115053
17.804388
24.217191
29.580163
33.120000
34.276141
33.338980
30.811652
27.197290
22.999028
18.720000
14.772946
11.209026
7.989005
5.073651
2.423727
0.000000
0.000000
0.000000
0.000000
0.000000
0.000000
0.000000
4.927641
11.002419
17.421688
23.382805
28.083123
30.720000
30.735137
28.547630
24.820920
20.218451
15.403663
11.040000
7.645143
5.153728
3.354630
2.036726
0.988891
0.000000
0.000000
0.000000
0.000000
0.000000
0.000000
0.000000
3.097689
7.016434
11.243137
15.264698
18.568018
20.640000
21.113840
20.207914
18.286895
15.715455
12.858266
10.080000
7.673619
5.645244
3.929284
2.460150
1.172252
0.000000
0.000000
0.000000
0.000000
0.000000
0.000000
0.000000
2.581869
5.848092
9.446843
13.026295
16.234623
18.720000
20.209730
20.747634
20.456662
19.459765
17.879894
15.840000
13.459212
10.841374
8.086511
5.294645
2.565800
0.000000
0.000000
0.000000
0.000000
0.000000
0.000000
0.000000
4.940429
10.997814
17.364308
23.232068
27.793247
30.240000
30.015972
27.570764
23.605471
18.821184
13.918996
9.600000
6.402351
4.212462
2.753807
1.749862
0.924101
0.000000
0.000000
0.000000
0.000000
0.000000
0.000000
0.000000
4.043603
9.185546
14.708993
19.897108
24.033056
26.400000
26.497633
24.691764
21.564729
17.698866
13.676510
10.080000
7.352530
5.380731
3.912090
2.694096
1.474236
0.000000
0.000000
0.000000
0.000000
0.000000
0.000000
0.000000
6.069599
13.806909
22.180266
30.158009
36.708474
40.800000
41.696024
39.840385
35.972024
30.829879
25.152891
19.680000
14.999639
11.098217
7.811639
4.975807
2.426626
0.000000
0.000000
0.000000
0.000000
0.000000
0.000000
0.000000
6.054230
13.639239
21.782674
29.512181
35.855408
39.840000
40.770992
39.062964
35.407883
30.497717
25.024434
19.680000
15.021802
11.068906
7.705793
4.816949
2.286857
0.000000
0.000000
0.000000
0.000000
0.000000
0.000000
0.000000
4.877671
10.978774
17.578433
23.951773
29.373920
33.120000
34.656405
34.214602
32.217326
29.087310
25.247290
21.120000
17.063375
13.176150
9.492264
6.045652
2.870252
0.000000
0.000000
0.000000
0.000000
0.000000
0.000000
0.000000
5.289572
11.887329
19.073261
26.127357
32.329607
36.960000
39.469392
39.992107
38.833336
36.298267
32.692092
28.320000
23.472859
18.384241
13.273396
8.359574
3.862026
0.000000
0.000000
0.000000
0.000000
0.000000
0.000000
0.000000
5.130447
11.252038
17.594280
23.386683
27.858754
30.240000
30.001261
27.578696
23.649797
18.892054
13.982958
9.600000
6.271177
3.926511
2.346531
1.311767
0.602747
0.000000
0.000000
0.000000
0.000000
0.000000
0.000000
0.000000
1.957136
4.447998
7.157152
9.769160
11.968588
13.440000
13.955201
13.634967
12.687313
11.320257
9.741813
8.160000
6.735392
5.438800
4.193595
2.923146
1.550825
0.000000
0.000000
0.000000
0.000000
0.000000
0.000000
0.000000
5.056128
11.517426
18.613177
25.572668
31.625180
36.000000
38.121146
38.191576
36.608983
33.771061
30.075502
25.920000
21.639289
17.316271
12.970889
8.623088
4.292810
0.000000
0.000000
0.000000
0.000000
0.000000
0.000000
0.000000
10.162804
22.821474
36.319270
48.999449
59.205273
65.280000
66.055973
62.321873
55.355461
46.434503
36.836761
27.840000
20.453303
14.611036
9.978885
6.222538
3.007681
0.000000
0.000000
0.000000
0.000000
0.000000
0.000000
0.000000
7.836767
17.679692
28.265126
38.329420
46.608928
51.840000
53.117670
50.971692
46.290501
39.962532
32.876220
25.920000
19.812553
14.593541
10.132872
6.300454
2.966194
0.000000
0.000000
0.000000
0.000000
0.000000
0.000000
0.000000
5.952308
13.296550
21.075083
28.330264
34.104450
37.440000
37.667539
35.270768
31.021658
25.692180
20.054304
14.880000
10.770870
7.647045
5.258283
3.354348
1.685000
0.000000
0.000000
0.000000
0.000000
0.000000
0.000000
0.000000
5.348766
12.073185
19.240886
25.919502
31.176663
34.080000
33.984843
31.397318
27.111247
21.920454
16.618764
12.000000
8.658527
6.390878
4.794126
3.465347
2.001613
0.000000
0.000000
0.000000
0.000000
0.000000
0.000000
0.000000
9.492834
21.576881
34.556882
46.737575
56.423701
61.920000
62.040948
57.639970
50.080225
40.724875
30.937080
22.080000
15.216706
10.209906
6.622217
4.016258
1.954647
0.000000
0.000000
0.000000
0.000000
0.000000
0.000000
0.000000
6.278826
14.304021
23.114159
31.747818
39.243573
44.640000
47.219134
47.236844
45.192457
41.585303
36.914708
31.680000
26.304638
20.908605
15.536011
10.230971
5.037596
0.000000
0.000000
0.000000
0.000000
0.000000
0.000000
0.000000
11.255001
25.207556
40.010001
53.814667
64.773889
71.040000
71.322130
66.556593
58.236501
47.854964
36.905093
26.880000
18.949814
12.992738
8.563996
5.218811
2.512405
0.000000
0.000000
0.000000
0.000000
0.000000
0.000000
0.000000
7.209056
16.264110
25.945947
35.035352
42.313108
46.560000
46.922938
44.013326
38.808697
32.286579
25.424503
19.200000
14.359193
10.722584
7.879265
5.418333
2.928879
0.000000
0.000000
0.000000
0.000000
0.000000
0.000000
0.000000
11.304096
25.727619
41.403769
56.465748
69.046758
77.280000
79.814437
77.362075
71.150682
62.408027
52.361877
42.240000
33.044824
24.877415
17.613501
11.128810
5.299067
0.000000
0.000000
0.000000
0.000000
0.000000
0.000000
0.000000
10.763433
23.996191
37.905249
50.697585
60.580177
65.760000
65.006664
59.340306
50.343692
39.599591
28.690771
19.200000
12.336576
7.815920
4.979983
3.170716
1.730071
0.000000
0.000000
0.000000
0.000000
0.000000
0.000000
0.000000
8.764184
19.951128
31.994507
43.327996
52.385268
57.600000
57.871787
53.963916
47.105594
38.526028
29.454428
21.120000
14.495333
9.526541
5.903118
3.314557
1.450353
0.000000
0.000000
0.000000
0.000000
0.000000
0.000000
0.000000
2.901596
6.629341
10.869144
15.306915
19.628564
23.520000
26.702294
29.037164
30.421490
30.752151
29.926028
27.840000
24.469229
20.102004
15.104897
9.844479
4.687323
0.000000
0.000000
0.000000
0.000000
0.000000
0.000000
0.000000
7.300939
16.185378
25.579411
34.409130
41.600629
46.080000
47.086565
45.112556
40.963435
35.444661
29.361696
23.520000
18.546135
14.351064
10.666851
7.225560
3.759255
0.000000
0.000000
0.000000
0.000000
0.000000
0.000000
0.000000
11.911616
27.022850
43.416502
59.175376
72.382275
81.120000
83.997972
81.732080
75.564831
66.738730
56.496284
46.080000
36.503162
27.862163
20.024176
12.856372
6.225923
0.000000
0.000000
0.000000
0.000000
0.000000
0.000000
0.000000
13.723758
30.816322
49.121961
66.484942
80.749532
89.760000
91.973366
88.297667
80.253691
69.362228
57.144068
45.120000
34.522778
25.433011
17.643276
10.946145
5.134195
0.000000
0.000000
0.000000
0.000000
0.000000
0.000000
0.000000
10.039573
22.561391
36.123898
49.285540
60.604759
68.640000
72.319519
72.050815
68.611200
62.777985
55.328482
47.040000
38.582352
30.195348
22.011300
14.162519
6.781315
0.000000
0.000000
0.000000
0.000000
0.000000
0.000000
0.000000
12.837798
28.689041
45.594305
61.594168
74.729208
83.040000
85.124401
81.809379
74.479181
64.518054
53.310245
42.240000
32.431265
23.966776
16.668970
10.360281
4.863146
0.000000
0.000000
0.000000
0.000000
0.000000
0.000000
0.000000
9.471017
21.334711
34.291270
47.040880
58.283728
66.720000
71.356504
72.426528
70.469980
66.026771
59.636808
51.840000
43.149635
33.972512
24.688809
15.678704
7.322375
0.000000
0.000000
0.000000
0.000000
0.000000
0.000000
0.000000
10.786092
23.898231
37.812053
51.003197
61.947300
69.120000
71.424007
69.470318
64.297003
56.942132
48.443775
39.840000
31.964547
24.833830
18.259933
12.054940
6.030934
0.000000
0.000000
0.000000
0.000000
0.000000
0.000000
0.000000
15.586452
35.046500
55.767011
75.134853
90.536893
99.360000
99.776385
93.099638
81.428692
66.862481
51.499939
37.440000
26.328007
17.994949
11.818221
7.175222
3.443349
0.000000
0.000000
0.000000
0.000000
0.000000
0.000000
0.000000
9.854541
22.393892
36.128083
49.567144
61.221106
69.600000
73.588029
73.566087
70.289245
64.512571
56.991133
48.480000
39.646678
30.808425
22.194935
14.035905
6.561028
0.000000
0.000000
0.000000
0.000000
0.000000
0.000000
0.000000
10.258953
22.844058
36.341014
49.335523
60.413285
68.160000
71.532261
70.970222
67.284931
61.287432
53.788773
45.600000
37.405337
29.381720
21.579264
14.048082
6.838289
0.000000
0.000000
0.000000
0.000000
0.000000
0.000000
0.000000
14.524652
32.571134
51.868678
70.146516
85.133879
94.560000
96.801667
92.825900
84.247274
72.680364
59.739748
47.040000
35.888678
26.365266
18.242228
11.292027
5.287130
0.000000
0.000000
0.000000
0.000000
0.000000
0.000000
0.000000
10.325735
23.333703
37.682509
52.030757
65.037052
75.360000
81.937885
84.827707
84.366149
80.889892
74.735615
66.240000
55.809393
44.128801
31.952894
20.036344
9.133822
0.000000
0.000000
0.000000
0.000000
0.000000
0.000000
0.000000
9.710214
21.225062
33.398004
45.082501
55.132013
62.400000
66.025712
66.291550
63.765707
59.016374
52.611741
45.120000
37.066940
28.808737
20.659167
12.932004
5.941024
0.000000
0.000000
0.000000
0.000000
0.000000
0.000000
0.000000
7.633606
16.710588
26.090332
34.632225
41.195653
44.640000
44.190158
40.533036
34.721045
27.806601
20.842115
14.880000
10.699095
7.983936
6.145486
4.594705
2.742556
0.000000
0.000000
0.000000
0.000000
0.000000
0.000000
0.000000
13.971502
31.846744
51.186471
69.551426
84.502354
93.600000
95.113864
90.148472
80.517107
68.033051
54.509588
41.760000
31.213043
22.759369
15.905103
10.156369
5.019293
0.000000
0.000000
0.000000
0.000000
0.000000
0.000000
0.000000
13.971104
31.744426
51.244971
70.397744
87.127752
99.360000
105.528286
106.101578
102.057636
94.374219
84.029087
72.000000
59.175750
46.089261
33.184486
20.905380
9.695900
0.000000
0.000000
0.000000
0.000000
0.000000
0.000000
0.000000
13.838290
30.696333
48.717827
66.046471
80.825963
91.200000
95.795907
95.175512
90.384269
82.467633
72.471059
61.440000
50.271417
39.268288
28.585097
18.376330
8.796469
0.000000
0.000000
0.000000
0.000000
0.000000
0.000000
0.000000
16.723765
37.477472
59.813535
81.284368
99.442385
111.840000
116.682069
114.783220
107.610519
96.631036
83.311840
69.120000
55.301291
42.216317
30.004390
18.804820
8.756920
0.000000
0.000000
0.000000
0.000000
0.000000
0.000000
0.000000
14.065417
31.079853
48.787919
64.934225
77.263382
83.520000
82.163344
74.511298
62.596402
48.451194
34.108214
21.600000
12.501208
6.554955
3.046474
1.260999
0.483763
0.000000
0.000000
0.000000
0.000000
0.000000
0.000000
0.000000
3.058159
7.142846
11.862716
16.826428
21.642637
25.920000
29.326650
31.768623
33.211432
33.620590
32.961608
31.200000
28.321908
24.395995
19.511554
13.757879
7.224263
0.000000
0.000000
0.000000
0.000000
0.000000
0.000000
0.000000
20.692994
46.756636
74.819041
101.508327
123.452607
137.280000
140.573416
134.734947
122.121483
105.089912
85.997121
67.200000
50.626676
36.490241
24.575025
14.665359
6.545573
0.000000
0.000000
0.000000
0.000000
0.000000
0.000000
0.000000
8.940475
19.786738
31.331305
42.366694
51.685420
58.080000
60.667111
59.860071
56.396361
51.013459
44.448846
37.440000
30.597749
24.026312
17.703252
11.606137
5.712531
0.000000
0.000000
0.000000
0.000000
0.000000
0.000000
0.480000
13.854683
30.554957
48.514225
65.665887
79.943345
89.280000
92.186043
89.478822
82.552471
72.801126
61.618924
50.400000
40.258921
31.191978
22.915893
15.147387
7.603182
0.000000
0.000000
0.000000
0.000000
0.000000
0.000000
0.000000
20.167992
45.634961
73.288277
100.015309
122.703427
138.240000
144.338650
142.018002
133.122936
119.498328
102.989056
85.440000
68.410743
52.319697
37.299981
23.484714
11.007014
0.000000
0.000000
0.000000
0.000000
0.000000
0.000000
0.000000
18.717964
41.845242
66.771460
90.886242
111.579213
126.240000
132.925320
132.360265
125.937021
115.047772
101.084703
85.440000
69.347423
53.407030
38.060457
23.749338
10.915308
0.000000
0.000000
0.000000
0.000000
0.000000
0.000000
0.000000
14.739284
32.519846
51.294942
69.017828
83.641762
93.120000
95.984539
93.082335
85.839083
75.680480
64.032220
52.320000
41.689226
32.164148
23.488726
15.406920
7.662691
0.000000
0.000000
0.000000
0.000000
0.000000
0.000000
0.480000
20.205436
44.942667
71.567217
96.954608
117.980361
131.520000
135.328589
130.679367
119.725116
104.618616
87.512651
70.560000
55.484652
42.295419
30.572319
19.895371
9.844592
0.000000
0.000000
0.000000
0.000000
0.000000
0.000000
0.480000
25.668583
57.344312
91.605252
124.549470
152.275031
170.880000
177.519531
173.577129
161.493383
143.708885
122.664227
100.800000
80.144402
61.076062
43.561216
27.566099
13.056949
0.000000
0.000000
0.000000
0.000000
0.000000
0.000000
0.480000
25.330822
56.102775
89.131765
120.753696
147.304472
165.120000
171.529407
167.834720
156.331186
139.314055
119.078577
97.920000
77.762660
59.047236
41.843492
26.221195
12.250109
0.000000
0.000000
0.000000
0.000000
0.000000
0.000000
0.480000
21.504194
47.340746
74.937128
101.240815
123.199281
137.760000
142.709936
139.194013
129.196644
114.702243
97.695224
80.160000
63.733839
48.665424
34.856295
22.207989
10.622045
0.000000
0.000000
0.000000
0.000000
0.000000
0.000000
0.960000
22.947326
50.277419
79.691007
107.928814
131.731570
147.840000
153.873764
150.968256
141.137799
126.396721
108.759346
90.240000
72.513172
55.894003
40.357796
25.879858
12.435491
0.000000
0.000000
0.000000
0.000000
0.000000
0.000000
0.960000
26.781524
58.834172
93.218144
126.033640
153.380858
171.360000
177.144799
172.203132
159.076408
140.306037
118.433431
96.000000
75.121501
56.211078
39.256225
24.244433
11.163194
0.000000
0.000000
0.000000
0.000000
0.000000
0.000000
0.960000
18.997262
41.063145
64.629005
87.166197
106.146077
119.040000
123.999532
121.897087
114.285287
102.716757
88.744120
73.920000
59.546831
45.926286
33.109847
21.148998
10.095221
0.000000
0.000000
0.000000
0.000000
0.000000
0.000000
0.960000
20.973927
45.709299
72.148854
97.275330
118.071466
131.520000
135.448925
131.067256
120.429260
105.589206
88.601364
71.520000
56.019260
42.252788
29.994106
19.016733
9.094191
0.000000
0.000000
0.000000
0.000000
0.000000
0.000000
1.440000
21.246821
45.758624
71.888627
96.550046
116.656098
129.120000
131.745347
125.897245
113.831176
97.802624
80.067071
62.880000
48.045123
35.559062
24.966669
15.812793
7.642287
0.000000
0.000000
0.000000
0.000000
0.000000
0.000000
1.440000
20.344900
44.068246
69.804735
94.749060
116.095917
131.040000
137.501796
136.304953
128.998912
117.133112
102.256995
85.920000
69.467918
53.431942
38.139618
23.918490
11.096103
0.000000
0.000000
0.000000
0.000000
0.000000
0.000000
1.920000
19.723727
41.401170
64.489922
86.527581
105.051742
117.600000
122.376335
120.250266
112.757696
101.434526
87.816660
73.440000
59.575375
46.433320
33.959294
22.098759
10.797174
0.000000
0.000000
0.000000
0.000000
0.000000
0.000000
0.960000
25.480416
55.936422
88.440200
119.103933
144.039806
159.360000
162.305060
154.628969
139.214074
118.942717
96.697244
75.360000
57.221567
42.205478
29.643506
18.867421
9.208995
0.000000
0.000000
0.000000
0.000000
0.000000
0.000000
2.400000
27.085962
58.175826
92.028878
125.004401
153.461680
173.760000
183.183035
182.712021
174.252584
159.710351
140.990948
120.000000
98.397454
76.860534
55.820784
35.709750
16.958973
0.000000
0.000000
0.000000
0.000000
0.000000
0.000000
2.880000
34.662838
73.587206
114.842105
153.616536
185.099501
204.480000
208.339278
198.827557
179.487303
153.860981
125.491058
97.920000
74.006717
53.875900
36.968684
22.726205
10.589599
0.000000
0.000000
0.000000
0.000000
0.000000
0.000000
2.880000
25.055645
52.390950
81.539475
109.154784
131.890438
146.400000
150.285787
144.945135
132.724139
115.968889
97.025479
78.240000
61.494541
46.815175
33.763970
21.902993
10.794314
0.000000
0.000000
0.000000
0.000000
0.000000
0.000000
3.840000
32.810156
69.119280
108.436098
146.429340
178.767731
201.120000
210.281106
207.550940
195.355624
176.121280
152.274031
126.240000
100.167641
75.094738
51.781406
30.987762
13.473922
0.000000
0.000000
0.000000
0.000000
0.000000
0.000000
1.920000
11.701263
22.562607
33.663592
44.163779
53.222728
60.000000
63.853285
64.932797
63.586880
60.163879
55.012138
48.480000
40.916708
32.675093
24.108886
15.571815
7.417610
0.000000
0.000000
0.000000
0.000000
0.000000
0.000000
4.320000
19.472648
38.088702
58.160811
77.681630
94.643809
107.040000
113.356190
114.051698
110.079179
102.391287
91.940676
79.680000
66.462593
52.744507
38.882473
25.233223
12.153488
0.000000
0.000000
0.000000
0.000000
0.000000
0.000000
4.320000
30.048098
61.969949
96.553809
130.267934
159.580579
180.960000
191.743058
192.741039
185.633833
172.101331
153.823423
132.480000
109.593002
86.052561
62.590859
39.940077
18.832397
0.000000
0.000000
0.000000
0.000000
0.000000
0.000000
4.800000
38.353926
79.085902
121.938212
161.853142
193.772977
212.640000
214.894918
202.972120
180.804418
152.324624
121.465547
92.160000
67.557514
47.674506
31.744114
18.999474
8.673723
0.000000
0.000000
0.000000
0.000000
0.000000
0.000000
4.320000
23.104608
46.223856
70.959380
94.592821
114.405815
127.680000
132.433210
129.628057
120.963352
108.137901
92.850514
76.800000
61.409220
46.997248
33.607213
21.282242
10.065461
0.000000
0.000000
0.000000
0.000000
0.000000
0.000000
2.400000
22.255582
46.866511
73.501603
99.429672
121.919533
138.240000
146.334429
146.844339
141.085791
130.374845
116.027561
99.360000
81.575591
63.427243
45.555232
28.599836
13.201333
0.000000
0.000000
0.000000
0.000000
0.000000
0.000000
4.800000
25.524917
50.572664
77.251643
102.870258
124.736909
140.160000
147.132681
146.387098
139.340145
127.408715
112.009702
94.560000
76.355469
58.207831
40.807777
24.845994
11.013172
0.000000
0.000000
0.000000
0.000000
0.000000
0.000000
3.840000
15.300534
28.728084
43.097228
57.382544
70.558609
81.600000
89.647978
94.510533
96.162339
94.578070
89.732399
81.600000
70.329778
56.767563
41.933417
26.847400
12.529574
0.000000
0.000000
0.000000
0.000000
0.000000
0.000000
3.360000
21.900805
44.133358
67.510606
89.485498
107.510980
119.040000
122.250537
118.220687
108.753581
95.652345
80.720109
65.760000
52.221493
40.139448
29.195070
19.069566
9.444140
0.000000
0.000000
0.000000
0.000000
0.000000
0.000000
6.720000
34.191210
68.627802
106.140377
142.839534
174.835875
198.240000
210.111668
211.307270
203.632355
188.892472
168.893171
145.440000
120.184340
94.160896
68.250204
43.332800
20.289220
0.000000
0.000000
0.000000
0.000000
0.000000
0.000000
6.720000
41.745109
83.829191
127.562484
167.535225
198.337651
214.560000
212.481927
195.140757
167.263236
133.576107
98.806113
67.680000
43.896073
27.038891
15.664572
8.329237
3.589007
0.000000
0.000000
0.000000
0.000000
0.000000
0.000000
2.400000
13.537696
28.137501
45.181525
63.651876
82.530665
100.800000
117.419881
131.261872
141.175425
146.009995
144.615036
135.840000
119.165001
96.592789
70.756774
44.290364
19.826970
0.000000
0.000000
0.000000
0.000000
0.000000
0.000000
3.840000
18.454543
35.059328
52.913311
71.275447
89.404691
106.560000
121.946158
134.551272
143.309277
147.154109
145.019705
135.840000
119.136380
96.780029
71.229581
44.943671
20.380933
0.000000
0.000000
0.000000
0.000000
0.000000
0.000000
6.720000
27.341441
50.794410
74.600829
96.282619
113.361702
123.360000
124.557024
118.262636
106.544288
91.469431
75.105518
59.520000
46.326020
35.319492
25.842021
17.235211
8.840669
0.000000
0.000000
0.000000
0.000000
0.000000
0.000000
10.080000
42.767287
83.714035
128.007462
170.734786
206.983226
231.840000
241.680846
238.035576
223.722524
201.560023
174.366404
144.960000
115.789331
87.823661
61.662441
37.905124
17.151160
0.000000
0.000000
0.000000
0.000000
0.000000
0.000000
6.720000
31.125565
59.914992
89.606715
116.719168
137.770785
149.280000
148.853686
138.452473
121.125429
99.921623
77.890124
58.080000
42.815247
31.519562
22.891571
15.629897
8.433165
0.000000
0.000000
0.000000
0.000000
0.000000
0.000000
6.720000
43.512333
90.034432
140.335274
188.463832
228.469083
254.400000
261.952008
253.406324
232.690615
203.732547
170.459787
136.800000
106.001858
78.598048
54.442265
33.388201
15.289548
0.000000
0.000000
0.000000
0.000000
0.000000
0.000000
11.520000
41.762564
78.569356
117.976436
156.019864
188.735699
212.160000
223.318073
223.192206
213.753931
196.974783
174.826295
149.280000
122.145144
94.581821
67.587839
42.161004
19.299122
0.000000
0.000000
0.000000
0.000000
0.000000
0.000000
11.520000
42.273897
78.891701
117.253312
153.238631
182.727560
201.600000
206.894172
200.281578
184.592042
162.655385
137.301430
111.360000
87.189415
65.261987
45.578522
28.139831
12.946721
0.000000
0.000000
0.000000
0.000000
0.000000
0.000000
12.960000
40.517917
74.136112
110.386000
145.839000
177.066527
200.640000
213.911274
217.353966
212.222129
199.769820
181.251092
157.920000
131.090318
102.314691
73.205482
45.375055
20.435773
0.000000
0.000000
0.000000
0.000000
0.000000
0.000000
10.560000
35.866533
65.309558
95.850745
124.451767
148.074295
163.680000
169.066413
165.374498
154.581076
138.662971
119.597005
99.360000
79.632259
60.908007
43.384950
27.260792
12.733241
0.000000
0.000000
0.000000
0.000000
0.000000
0.000000
9.600000
36.051759
68.255874
102.578550
135.385992
163.044407
181.920000
189.339523
186.471919
175.446676
158.393282
137.441227
114.720000
92.079036
70.247561
49.674747
30.809767
14.101794
0.000000
0.000000
0.000000
0.000000
0.000000
0.000000
7.200000
30.285856
58.018867
87.307909
115.061860
138.189598
153.600000
159.047798
155.671140
145.454029
130.380467
112.434456
93.600000
75.522952
58.496572
42.475975
27.416272
13.272576
0.000000
0.000000
0.000000
0.000000
0.000000
0.000000
16.800000
54.539912
100.968703
150.775742
198.650393
239.282024
267.360000
278.955514
275.667061
260.474963
236.359539
206.301111
173.280000
139.906921
107.314163
76.264408
47.520341
21.844644
0.000000
0.000000
0.000000
0.000000
0.000000
0.000000
16.320000
55.790313
103.296239
153.665975
201.727716
242.309659
270.240000
281.695280
278.245422
262.808696
238.303371
207.647716
173.760000
139.253013
105.517629
73.639241
44.703244
19.795032
0.000000
0.000000
0.000000
0.000000
0.000000
0.000000
15.360000
41.278537
71.603894
103.703396
134.944365
162.694125
184.320000
197.742073
203.091470
201.052076
192.307776
177.542455
157.440000
132.855392
105.328003
76.568300
48.286754
22.193831
0.000000
0.000000
0.000000
0.000000
0.000000
0.000000
9.120000
40.490284
77.654809
116.432809
152.643519
182.106171
200.640000
205.258061
197.748688
181.094040
158.276272
132.277539
106.080000
82.148585
60.879326
42.151030
25.842506
11.832560
0.000000
0.000000
0.000000
0.000000
0.000000
0.000000
20.160000
50.012124
86.033529
124.361617
161.133790
192.487450
214.560000
224.466126
223.229654
212.851695
195.333359
172.675757
146.880000
119.770039
92.461188
65.891604
40.999441
18.722854
0.000000
0.000000
0.000000
0.000000
0.000000
0.000000
21.120000
56.341753
98.449773
143.160835
186.191711
223.259175
250.080000
263.410382
264.164203
254.294770
235.755388
210.499363
180.480000
147.607832
113.622304
80.220085
49.097847
21.952262
0.480000
0.000000
0.000000
0.000000
0.000000
0.000000
13.440000
36.256789
61.933589
87.840354
111.347040
129.823604
140.640000
141.963442
135.150173
122.353694
105.727505
87.425107
69.600000
53.973886
40.541273
28.864869
18.507383
9.031524
0.000000
0.000000
0.000000
0.000000
0.000000
0.000000
10.560000
38.397618
72.844233
109.807813
145.196323
174.917730
194.880000
202.077406
197.849444
184.621919
164.820635
140.871394
115.200000
89.952760
66.157990
44.564509
25.921138
10.976695
0.480000
0.000000
0.000000
0.000000
1.059257
7.937381
15.840000
24.063241
32.425401
40.875319
49.361832
57.833780
66.240000
74.393258
81.562020
86.878682
89.475636
88.485278
83.040000
72.699284
58.730962
42.829954
26.691178
12.009553
0.480000
0.000000
0.000000
0.000000
0.000000
0.000000
6.240000
13.660072
21.594739
29.904034
38.447987
47.086632
55.680000
63.983441
71.333581
76.962362
80.101730
79.983628
75.840000
67.259498
55.257605
41.206517
26.478424
12.445521
0.480000
0.000000
0.000000
0.000000
0.000000
0.254287
15.360000
36.077338
60.527293
86.367202
111.254400
132.846220
148.800000
157.327636
158.859273
154.379620
144.873385
131.325276
114.720000
96.014342
76.053392
55.654316
35.634282
16.810454
0.000000
0.000000
0.000000
0.000000
0.000000
0.000000
18.240000
55.561229
100.842417
149.133227
195.483319
234.942356
262.560000
274.653422
272.609840
259.083979
236.730568
208.204332
176.160000
142.980637
109.962668
78.130857
48.509966
22.124759
0.000000
0.000000
0.000000
0.000000
0.000000
0.000000
24.960000
66.645473
116.377164
168.958769
219.193980
261.886493
291.840000
305.182971
303.342968
289.072332
265.123400
234.248509
199.200000
162.475979
125.557629
89.671903
56.045755
25.906136
0.480000
0.000000
0.000000
0.000000
0.000000
0.000000
22.560000
67.353783
120.754083
176.907878
229.962144
274.063859
303.360000
313.576198
306.752707
286.508434
256.462286
220.233173
181.440000
143.252535
107.043978
73.738387
44.259821
19.532339
0.480000
0.000000
0.000000
0.000000
0.000000
0.000000
11.040000
30.308374
52.474939
75.969539
99.222019
120.662225
138.720000
152.059509
160.282197
163.223826
160.720160
152.606964
138.720000
119.244700
95.765163
70.215157
44.528450
20.638808
0.480000
0.000000
0.000000
0.000000
0.000000
0.000000
10.560000
37.468533
69.766232
104.842664
140.087392
172.889983
200.640000
221.126400
233.735698
238.253801
234.466614
222.160045
201.120000
171.692535
136.464310
98.582134
61.192817
27.443169
0.480000
0.000000
0.000000
0.000000
0.000000
0.000000
21.120000
49.238070
80.502995
111.967213
140.683161
163.703277
178.080000
181.713149
175.892068
162.753486
144.434130
123.070725
100.800000
79.444891
59.573176
41.438842
25.295876
11.398267
0.000000
0.000000
0.000000
0.000000
0.000000
1.749542
19.680000
44.803740
74.748136
106.496575
137.032441
163.339121
182.400000
191.926644
192.543340
185.602556
172.456759
154.458418
132.960000
109.287463
84.660727
60.273202
37.318299
16.989429
0.480000
0.000000
0.000000
0.000000
0.000000
2.281646
23.040000
51.131853
84.030931
118.608258
151.734862
180.281767
201.120000
211.862417
213.089192
206.122333
192.283844
172.895731
149.280000
122.794036
94.936745
67.242410
41.245318
18.479753
0.480000
0.000000
0.000000
0.000000
0.000000
1.083034
18.720000
41.584653
67.963494
95.825486
123.139593
147.874776
168.000000
181.842171
189.159972
190.070028
184.688968
173.133416
155.520000
132.295552
105.227730
76.414400
47.953425
21.942670
0.480000
0.000000
0.000000
0.000000
0.000000
0.000000
22.080000
53.784186
91.073620
130.736110
169.559465
204.331493
231.840000
249.509859
257.314192
255.863186
245.767028
227.635904
202.080000
170.051935
133.874057
96.211145
59.727979
27.089337
0.960000
0.000000
0.000000
0.000000
0.000000
0.000000
16.800000
43.896244
74.789851
106.999924
138.045570
165.445894
186.720000
199.901512
205.082130
202.868070
193.865550
178.680788
157.920000
132.424373
103.974963
74.587796
46.278896
21.064289
0.960000
0.000000
0.000000
0.000000
0.000000
3.355389
24.000000
50.693864
81.250743
113.069217
143.547865
170.085266
190.080000
201.494660
204.547899
200.022385
188.700785
171.365768
148.800000
122.034163
93.090994
64.241243
37.755660
15.904995
0.960000
0.000000
0.000000
0.932644
9.823242
19.787584
28.800000
35.297755
39.569841
42.368183
44.444706
46.551337
49.440000
53.584738
58.348069
62.814626
66.069043
67.195957
65.280000
59.694403
50.966773
39.913315
27.350231
14.093725
0.960000
0.000000
0.000000
0.000000
0.000000
0.000000
26.400000
68.548327
120.240539
175.858225
229.782971
276.396367
310.080000
326.573487
327.048561
314.034987
290.062526
257.660943
219.360000
177.662171
134.960771
93.621828
56.011368
24.495416
1.440000
0.000000
0.000000
0.000000
0.000000
13.939615
31.680000
50.897621
70.294706
88.627372
104.651732
117.123903
124.800000
126.805020
123.739488
116.572813
106.274401
93.813661
80.160000
66.162300
52.187341
38.481377
25.290663
12.861452
1.440000
0.000000
0.000000
0.000000
0.000000
8.331640
37.440000
79.607913
130.674734
185.211909
237.790881
282.983097
315.360000
330.809235
330.483249
316.850686
292.380193
259.540416
220.800000
178.624034
135.463381
93.765346
55.977234
24.546350
1.920000
0.000000
0.000000
0.000000
0.493095
12.931962
26.400000
39.224123
51.217046
62.562931
73.445943
84.050245
94.560000
104.917769
114.099702
120.840344
123.874244
121.935947
113.760000
98.724801
78.784148
56.535692
34.577082
15.505968
1.920000
0.000000
0.000000
0.836889
8.839652
18.237959
27.360000
35.074196
42.409913
50.936752
62.224312
77.842194
99.360000
127.340186
158.316640
187.816104
211.365323
224.491040
222.720000
203.213948
169.674639
127.438832
81.843285
38.224755
1.920000
0.000000
0.000000
0.000000
0.000000
1.947718
37.920000
84.667739
138.048369
193.126901
244.968343
288.637707
319.200000
332.962799
331.203941
316.443830
291.202867
258.001456
219.360000
177.741064
135.375865
94.437781
57.100189
25.536470
1.920000
0.000000
0.000000
0.000000
0.000000
0.212666
12.480000
25.393830
38.387076
51.102027
63.180972
74.266200
84.000000
92.005072
97.825766
100.986844
101.013068
97.429199
89.760000
77.854772
62.860972
46.250597
29.495646
14.068114
1.440000
0.000000
0.000000
0.000000
0.000000
9.489454
28.320000
53.401861
83.017639
115.026337
147.286960
177.658513
204.000000
224.407824
237.927986
243.843885
241.438921
229.996493
208.800000
177.897953
140.399306
100.178122
61.108467
27.064405
1.920000
0.000000
0.000000
0.000000
1.113877
14.999221
29.760000
43.416150
55.585975
66.287375
75.538247
83.356489
89.760000
94.699483
97.856863
98.846874
97.284245
92.783710
84.960000
73.683698
59.848794
44.605131
29.102549
14.490892
1.920000
0.000000
0.000000
0.000000
0.000000
0.000000
9.120000
28.126732
51.026032
75.724455
100.128554
122.144884
139.680000
151.060678
156.294577
155.809578
150.033562
139.394409
124.320000
105.412779
83.973438
61.477234
39.399422
19.215259
2.400000
0.000000
0.000000
0.000000
0.000000
9.293444
35.520000
71.329946
113.224320
156.816819
197.721135
231.550964
253.920000
261.623121
256.179936
240.291238
216.657821
187.980478
156.960000
125.968683
96.064825
67.978228
42.438691
20.176015
1.920000
0.000000
0.000000
0.000000
0.000000
1.217686
25.920000
60.298281
101.016567
143.878370
184.687202
219.246575
243.360000
253.902507
252.035192
239.990671
220.001555
194.300460
165.120000
134.507247
103.767108
74.018948
46.382133
21.976029
1.920000
0.000000
0.000000
0.000000
0.000000
0.000000
24.000000
58.089843
98.336276
140.646905
180.929332
215.091163
239.040000
249.725458
248.265186
236.818845
217.546093
192.606592
164.160000
134.190549
103.980758
74.637717
47.268516
22.980247
2.880000
0.000000
0.000000
0.000000
0.000000
8.076864
39.360000
82.675621
133.856553
187.641127
238.767673
281.974520
312.000000
324.922948
322.184226
306.565202
280.847245
247.811721
210.240000
170.717032
131.042099
92.818064
57.647793
27.134151
2.880000
0.000000
0.000000
0.000000
0.000000
10.580565
42.240000
84.447270
133.408382
184.451772
232.905880
274.099143
303.360000
317.166439
316.594649
303.870371
281.219343
250.867306
215.040000
175.933641
135.626355
96.166745
59.603414
27.984964
3.360000
0.000000
0.000000
0.000000
0.000000
14.850614
44.640000
83.048146
126.996141
172.782654
216.706355
255.065914
284.160000
301.075084
306.048838
300.106734
284.274244
259.576842
227.040000
188.053740
145.466286
102.490411
62.338890
28.224495
3.360000
0.000000
0.000000
0.000000
0.000000
7.816290
16.800000
23.013104
27.522975
32.143106
38.686992
48.968125
64.800000
87.046516
112.773192
138.095954
159.130726
171.993433
172.800000
159.038610
133.686478
101.093078
65.607882
31.580365
3.360000
0.000000
0.000000
0.000000
0.000000
4.722884
32.160000
67.449656
107.785494
149.859980
190.365582
225.994766
253.440000
270.086775
276.092684
272.308343
259.584371
238.771384
210.720000
176.585466
138.741550
99.866647
62.639157
29.737475
3.840000
0.000000
0.000000
0.000000
0.000000
15.605381
46.080000
85.115758
129.547311
175.593084
219.471505
257.401002
285.600000
301.134495
304.460750
296.882597
279.703867
254.228391
221.760000
183.837373
142.938578
101.776528
63.064139
29.514324
3.840000
0.000000
0.000000
0.000000
0.000000
6.849867
25.920000
48.354132
73.086108
99.078305
125.293101
150.692873
174.240000
194.831903
211.106184
221.635488
224.992462
219.749750
204.480000
178.598255
144.889157
106.979743
68.497053
33.068126
4.320000
0.000000
0.000000
0.000000
0.000000
6.602192
35.040000
71.605889
113.157642
155.978096
196.350083
230.556440
254.880000
266.519148
266.334463
256.102077
237.598118
212.598715
182.880000
150.210854
116.331171
82.973597
51.870780
24.755365
3.360000
0.000000
0.000000
0.000000
0.000000
12.839823
40.320000
76.334954
117.789860
160.912266
201.929725
237.069786
262.560000
275.520523
276.641930
267.507401
249.700116
224.803256
194.400000
160.160731
124.104642
88.338129
54.967588
26.099413
3.840000
0.000000
0.000000
0.000000
0.000000
8.832427
29.280000
54.595281
83.195134
113.301545
143.136501
170.921990
194.880000
213.424544
225.737742
231.193740
229.166685
219.030723
200.160000
172.548765
138.671676
101.623494
64.498981
30.392896
2.400000
0.000000
0.000000
0.000000
0.000000
0.617695
29.280000
67.191872
110.883888
156.167378
198.853673
234.754103
259.680000
270.507672
268.373341
255.478208
234.023473
206.210337
174.240000
140.239663
106.040527
73.399791
44.074658
19.822327
2.400000
0.000000
0.000000
0.000000
0.000000
3.951465
9.600000
13.281189
16.065708
19.609703
25.569319
35.600703
51.360000
73.583791
99.330393
124.738562
145.947051
159.094612
160.320000
147.154760
122.701607
91.456048
57.913589
26.569737
1.920000
0.000000
0.000000
0.000000
0.000000
4.697550
18.720000
33.283229
48.139011
63.354963
78.998700
95.137840
111.840000
128.856579
144.674109
157.462902
165.393273
166.635534
159.360000
142.517119
118.177885
89.193428
58.414875
28.693356
2.880000
0.000000
0.000000
0.000000
0.000000
0.000000
28.800000
73.263108
126.084719
181.913023
235.396212
281.182474
313.920000
329.581515
329.437887
316.084519
292.116813
260.130172
222.720000
182.366387
141.088176
100.788901
63.372092
30.741281
4.800000
0.000000
0.000000
0.000000
0.000000
15.260260
49.920000
95.921863
149.114196
204.391587
256.648626
300.779901
331.680000
345.524055
343.609365
328.513773
302.815120
269.091248
229.920000
187.786361
144.803898
102.993320
64.375338
30.970661
4.800000
0.000000
0.000000
0.000000
0.000000
16.486107
49.440000
92.407197
141.660379
192.674898
240.926106
281.889355
311.040000
324.958489
324.645664
312.207464
289.749828
259.378693
223.200000
183.334401
141.961408
101.275245
63.470139
30.740316
5.280000
0.000000
0.000000
0.000000
0.000000
16.657822
46.560000
84.821084
127.932659
171.698533
211.922511
244.408398
264.960000
270.545092
262.787323
244.474312
218.393675
187.333032
154.080000
121.136326
89.860269
61.324220
36.600566
16.761696
2.880000
0.000000
0.000000
0.000000
8.715172
21.969071
38.400000
57.205254
77.453335
98.180546
118.423192
137.217575
153.600000
166.642712
175.561728
179.609006
178.036505
170.096183
155.040000
132.717231
105.366420
75.823430
46.924122
21.504358
2.400000
0.000000
0.000000
0.000000
0.000000
5.490830
14.400000
22.360419
29.392099
35.867468
42.158955
48.638990
55.680000
63.421070
71.067901
77.592853
81.968281
83.166545
80.160000
72.321969
60.629629
46.461121
31.194586
16.208165
2.880000
0.000000
0.000000
0.000000
0.000000
18.311905
50.400000
95.138260
148.151598
203.828228
256.556362
300.724215
330.720000
342.382572
337.353358
318.724426
289.587843
253.035679
212.160000
169.842561
128.123857
88.834068
53.803375
24.861959
3.840000
0.000000
0.000000
0.000000
3.376433
18.738707
37.920000
59.697595
82.702399
105.528728
126.770894
145.023214
158.880000
167.224660
170.096967
167.825788
160.739990
149.168438
133.440000
114.043767
92.109733
68.928120
45.789146
23.983033
4.800000
0.000000
0.000000
0.000000
0.000000
3.528319
34.560000
78.952918
132.416088
189.444947
244.534928
292.181468
326.880000
344.441389
345.938214
333.758480
310.290195
277.921366
239.040000
196.037081
151.315502
107.281134
66.339847
30.897512
3.360000
0.000000
0.000000
0.000000
0.000000
16.421918
48.960000
90.612881
138.054273
187.310929
234.409600
275.377040
306.240000
323.884855
328.636462
321.679301
304.197851
277.376591
242.400000
200.814367
155.613212
110.151868
67.785664
31.869931
5.760000
0.000000
0.000000
0.000000
3.895048
17.488129
31.680000
44.488251
56.050701
67.035225
78.109698
89.941998
103.200000
118.084872
132.930953
145.605875
153.977269
155.912767
149.280000
132.834483
108.883265
80.621276
51.243448
23.944712
1.920000
0.000000
0.000000
0.000000
0.000000
6.848385
28.320000
55.212292
85.257226
115.822634
144.276346
167.986191
184.320000
191.324749
189.763995
181.080441
166.716788
148.115741
126.720000
103.904267
80.771237
58.355603
37.692056
19.815291
5.760000
0.000000
0.000000
0.000000
0.000000
3.683095
15.840000
31.660785
50.446763
71.395803
93.705776
116.574552
139.200000
160.618678
179.221892
193.239638
200.901908
200.438697
190.080000
168.906726
139.403445
104.905646
68.748814
34.268437
4.800000
0.000000
0.000000
0.000000
0.000000
0.000000
33.600000
80.688928
136.045915
193.983238
248.813175
294.848004
326.400000
339.272090
335.229791
317.529268
289.426685
254.178207
215.040000
174.918267
135.319365
97.399692
62.315642
31.223613
5.280000
0.000000
0.000000
0.000000
0.000000
1.078453
36.000000
85.055697
142.976310
203.132444
258.894701
303.633685
330.720000
335.446815
320.797568
291.678259
252.994894
209.653473
166.560000
127.768153
93.922308
64.814519
40.236836
19.981312
3.840000
0.000000
0.000000
0.000000
0.000000
0.910167
22.080000
51.860663
87.313782
124.730816
160.403223
190.622465
211.680000
220.807884
219.000561
208.193071
190.320454
167.317750
141.120000
113.572244
86.159529
60.276900
37.319404
18.682089
5.760000
0.000000
0.000000
4.179330
12.917484
24.518339
37.920000
52.210756
67.079618
82.365780
97.908436
113.546778
129.120000
144.218283
157.435759
167.117549
171.608772
169.254549
158.400000
138.231668
111.301790
81.004025
50.732032
23.879470
3.840000
0.000000
0.000000
0.000000
9.551990
26.698681
47.520000
70.739267
95.198777
119.770567
143.326675
164.739140
182.880000
196.703443
205.492257
208.611381
205.425754
195.300314
177.600000
152.278073
121.641085
88.583909
56.001420
26.788493
3.840000
0.000000
0.000000
0.000000
0.000000
14.676827
39.360000
70.142644
104.807519
140.784160
175.502098
206.390867
230.880000
246.878492
254.213184
253.190379
244.116378
227.297484
203.040000
172.050054
136.633076
99.494325
63.339057
30.872530
4.800000
0.000000
0.000000
0.000000
0.000000
6.019062
32.160000
66.082551
104.891105
145.136395
183.369152
216.140109
240.000000
252.319612
253.749957
245.762102
229.827112
207.416056
180.000000
149.101222
116.446844
83.815199
52.984621
25.733444
3.840000
0.000000
0.000000
0.000000
0.000000
5.812391
30.720000
63.810108
102.129150
142.076392
180.051103
212.452549
235.680000
247.010732
247.234066
238.017329
221.027853
197.932967
170.400000
140.093629
108.667921
77.774290
49.064150
24.188916
4.800000
0.000000
0.000000
0.000000
0.000000
14.802482
38.880000
69.931811
105.390635
142.163670
177.158112
207.281156
229.440000
241.251340
243.169876
236.359809
221.985340
201.210670
175.200000
145.258386
113.254307
81.197095
51.096085
24.960608
4.800000
0.000000
0.000000
0.000000
0.000000
6.498007
22.560000
42.061155
63.974108
87.215665
110.702629
133.351806
154.080000
171.793601
185.357339
193.625532
195.452495
189.692546
175.200000
151.579999
121.440981
88.142209
55.042946
25.502456
2.880000
0.000000
0.000000
0.000000
0.000000
7.835409
22.080000
37.205498
52.572960
67.735265
82.245288
95.655908
107.520000
117.364940
124.616090
128.673310
128.936462
124.805405
115.680000
101.339189
83.078237
62.571495
41.493309
21.518028
4.320000
0.000000
0.000000
0.000000
0.000000
12.793594
43.200000
85.314253
134.931254
186.725665
235.372150
275.545374
301.920000
310.611347
303.497358
283.896630
255.127763
220.509353
183.360000
146.593692
111.505982
78.987813
49.930131
25.223879
5.760000
0.000000
0.000000
0.000000
0.000000
16.592910
46.080000
85.688542
131.841377
180.083722
225.960796
265.017816
292.800000
305.934169
305.373555
293.152996
271.307326
241.871382
206.880000
168.419228
128.779958
90.304295
55.334345
26.212212
5.280000
0.000000
0.000000
0.000000
9.488627
25.746438
45.120000
66.302865
88.695809
111.876413
135.422258
158.910927
181.920000
203.737395
222.492372
236.024525
242.173451
238.778744
223.680000
195.823110
158.579149
116.425486
73.839494
35.298542
5.280000
0.000000
0.000000
0.000000
0.000000
17.513756
43.680000
74.316230
107.056715
139.340396
168.606211
192.293099
207.840000
213.371583
209.755438
198.544886
181.293249
159.553847
134.880000
108.788551
82.650422
57.800058
35.571904
17.300403
4.320000
0.000000
0.000000
1.414880
10.534690
23.568985
39.840000
58.612367
78.920304
99.740422
120.049336
138.823657
155.040000
167.740760
176.231466
179.883431
178.067967
170.156386
155.520000
134.049037
107.709386
78.985852
50.363240
24.326354
3.360000
0.000000
0.000000
0.000000
0.000000
6.095974
27.360000
54.729705
86.095545
118.961508
150.831580
179.209748
201.600000
215.993644
222.331275
221.040809
212.550164
197.287255
175.680000
148.469053
117.646023
85.515256
54.381099
26.547898
4.320000
0.000000
0.000000
0.000000
0.000000
14.238931
42.240000
78.685928
120.219887
162.772075
202.272690
234.651932
255.840000
262.872810
257.209152
241.413534
218.050464
189.684450
158.880000
127.907276
97.859060
69.533789
43.729897
21.245822
2.880000
0.000000
0.000000
0.000000
0.000000
0.000000
16.320000
44.069273
77.113626
112.300968
146.479205
176.496247
199.200000
212.151491
215.764223
211.164819
199.479898
181.836085
159.360000
133.258096
105.056147
76.359758
48.774534
23.906080
3.360000
0.000000
0.000000
0.000000
0.000000
9.828484
40.320000
81.904071
130.312434
180.215649
226.284275
263.188873
285.600000
289.725369
277.921298
254.081255
222.098712
185.867137
149.280000
115.594453
85.522375
59.139329
36.520877
17.742580
2.880000
0.000000
0.000000
0.000000
0.000000
5.962544
27.840000
57.982714
93.276377
129.814963
163.692447
191.002801
207.840000
211.414548
203.403069
186.598720
163.794655
137.784030
111.360000
86.861318
64.809125
45.270158
28.311157
13.998858
2.400000
0.000000
0.000000
0.000000
0.000000
6.744984
26.880000
55.053516
88.753592
124.767252
159.881523
190.883430
214.560000
228.399088
232.691868
228.430345
216.606523
198.212407
174.240000
145.843466
114.825603
83.151368
52.785718
25.693609
3.840000
0.000000
0.000000
0.000000
0.000000
7.406489
33.120000
67.219452
106.680406
147.811899
186.922970
220.322658
244.320000
256.124031
256.543767
247.288220
230.066402
206.587325
178.560000
147.662201
115.446747
83.435219
53.149198
26.110265
3.840000
0.000000
0.000000
0.000000
0.000000
8.727171
40.800000
84.804695
136.720721
191.501172
244.099140
289.467719
322.560000
339.525167
341.296759
330.004409
307.777745
276.746399
239.040000
196.845750
152.581130
108.721193
67.740991
32.115576
4.320000
0.000000
0.000000
0.000000
0.000000
11.675743
40.800000
77.931359
120.179544
164.135530
206.390286
243.534785
272.160000
289.556065
295.809769
291.707063
278.033898
255.576227
225.120000
187.851048
146.554714
104.416220
64.620789
30.353641
4.800000
0.000000
0.000000
0.000000
0.000000
13.549209
30.240000
47.634423
64.475339
79.631552
91.971865
100.365080
103.680000
101.202566
93.887267
83.105733
70.229592
56.630472
43.680000
32.495315
23.175592
15.565514
9.509767
4.853034
1.440000
0.000000
0.000000
0.000000
1.153564
5.475171
12.000000
20.851098
31.751831
44.325643
58.195978
72.986283
88.320000
103.630544
117.591198
128.685218
135.395856
136.206366
129.600000
114.771172
93.758931
69.313484
44.185042
21.123811
2.880000
0.000000
0.000000
0.000000
0.000000
8.631725
24.960000
44.709754
66.988754
90.863139
115.399050
139.662623
162.720000
183.533995
200.654129
212.526599
217.597602
214.313337
201.120000
177.276490
145.292510
108.490466
70.192763
33.721806
2.400000
0.000000
0.000000
0.000000
0.000000
0.000000
20.160000
64.832212
117.755273
173.523382
226.730740
271.971546
303.840000
318.291105
316.723077
301.894934
276.565695
243.494377
205.440000
165.052255
124.543529
86.016881
51.575370
23.322057
3.360000
0.000000
0.000000
0.000000
4.172824
14.977396
25.920000
35.334918
43.098579
49.472951
54.720000
59.101694
62.880000
66.204899
68.778432
70.190654
70.031619
67.891383
63.360000
56.203263
46.889914
36.064433
24.371300
12.454996
0.960000
0.000000
0.000000
0.000000
0.000000
0.000000
20.640000
54.708538
96.062434
139.769109
180.895981
214.510472
235.680000
240.859354
232.052795
212.651951
186.048451
155.633925
124.800000
96.391823
71.068609
48.943088
30.127992
14.736052
2.880000
0.000000
0.000000
0.000000
0.000000
0.126312
11.520000
26.776988
44.338087
62.314119
78.815902
91.954256
99.840000
101.136475
96.717102
88.007826
76.434588
63.423332
50.400000
38.557114
28.153503
19.214578
11.765747
5.832418
1.440000
0.000000
0.000000
0.000000
2.280203
8.349219
17.280000
29.189269
43.624294
59.989976
77.691220
96.132927
114.720000
132.687853
148.593941
160.826233
167.772696
167.821295
159.360000
141.532653
116.506607
87.205091
56.551331
27.468558
2.880000
0.000000
0.000000
0.000000
0.000000
0.411138
28.320000
66.196768
110.579322
157.201292
201.796307
240.098000
267.840000
281.791393
282.863083
273.001429
254.152791
228.263528
197.280000
163.093216
127.372792
91.732992
57.788083
27.152331
1.440000
0.000000
0.000000
0.000000
0.000000
0.000000
22.560000
64.681592
114.986429
168.500599
220.250192
265.261296
298.560000
316.346778
319.519645
310.151000
290.313245
262.078778
227.520000
188.706851
147.699436
106.555399
67.332384
32.088036
2.880000
0.000000
0.000000
0.000000
0.000000
0.000000
32.160000
79.567662
134.832346
191.614987
243.576519
284.377879
307.680000
309.050202
291.681340
260.672650
221.123372
178.132742
136.800000
101.264862
71.828961
47.834412
28.623327
13.537818
1.920000
0.000000
0.000000
0.000000
0.000000
3.727095
21.600000
46.600402
76.373115
107.926784
138.270056
164.411580
183.360000
192.845818
193.486950
186.623164
173.594231
155.739920
134.400000
110.885214
86.390197
62.080559
39.121908
18.679852
1.920000
0.000000
0.000000
0.000000
0.000000
3.431785
25.440000
55.492594
90.689650
127.421044
162.076650
191.046344
210.720000
218.431855
215.293584
203.361226
184.690818
161.338397
135.360000
108.639988
82.376014
57.594052
35.320079
16.580070
2.400000
0.000000
0.000000
0.000000
0.000000
0.267992
9.120000
19.482795
30.698984
42.115683
53.080008
62.939075
71.040000
76.838404
80.223924
81.194702
79.748879
75.884598
69.600000
60.988034
50.520876
38.765510
26.288920
13.658089
1.440000
0.000000
0.000000
0.000000
0.000000
0.418602
27.360000
67.169679
115.473283
166.581464
214.804875
254.454169
279.840000
286.838489
277.587631
255.790889
225.151728
189.373610
152.160000
116.727477
84.345084
55.794980
31.859325
13.320279
0.960000
0.000000
0.000000
0.000000
6.326527
15.029719
24.000000
32.246105
40.166775
48.508256
58.016791
69.438624
83.520000
100.463976
118.300864
134.517786
146.601866
152.040230
148.320000
133.891323
111.056437
83.080602
53.229077
24.767123
0.960000
0.000000
0.000000
0.000000
0.000000
0.000000
17.280000
45.636866
78.498900
113.100168
146.674731
176.456654
199.680000
214.157363
220.015455
217.959522
208.694806
192.926551
171.360000
144.895906
115.217056
84.201744
53.728268
25.674921
1.920000
0.000000
0.000000
0.000000
0.000000
0.000000
28.800000
71.279152
121.206546
172.924254
220.774350
259.098908
282.240000
286.175488
273.426383
248.149483
214.501587
176.639493
138.720000
104.243340
74.083478
48.457814
27.583747
11.678676
0.960000
0.000000
0.000000
0.000000
1.456760
7.692471
14.400000
20.838714
27.251032
34.125138
41.949213
51.211439
62.400000
75.611769
89.378387
101.840187
111.137501
115.410661
112.800000
102.151988
85.137641
64.134115
41.518563
19.668140
0.960000
0.000000
0.000000
0.000000
0.000000
0.000000
10.080000
33.771336
61.813723
91.732471
121.052893
147.300298
168.000000
181.189930
186.958504
185.906761
178.635737
165.746471
147.840000
125.668945
100.592260
74.120485
47.764158
23.033817
1.440000
0.000000
0.000000
0.000000
0.000000
0.000000
18.240000
57.329445
103.882366
152.334322
197.120873
232.677579
253.440000
255.499039
241.566971
216.011415
183.199988
147.500311
113.280000
84.061066
59.983084
40.340020
24.425840
11.534511
0.960000
0.000000
0.000000
0.000000
0.000000
0.000000
10.560000
33.425479
61.800807
93.165954
125.000889
154.785581
180.000000
198.528054
209.869410
213.927676
210.606459
199.809364
181.440000
155.837861
125.085996
91.703341
58.208832
27.121406
0.960000
0.000000
0.000000
0.000000
0.000000
0.000000
25.440000
66.277910
114.309801
164.680814
212.536090
253.020772
281.280000
293.698969
291.623079
277.637783
254.328536
224.280791
190.080000
154.119549
118.024551
83.228052
51.163097
23.262731
0.960000
0.000000
0.000000
0.000000
0.000000
0.000000
15.840000
43.413554
75.136141
107.711919
137.845049
162.239689
177.600000
181.565169
175.514498
161.762317
142.622953
120.410738
97.440000
75.687990
55.783643
38.018815
22.685361
10.075137
0.480000
0.000000
0.000000
0.000000
0.000000
0.162047
9.120000
20.733862
34.119305
48.231484
62.025556
74.456676
84.480000
91.248347
94.705184
94.991638
92.248840
86.617918
78.240000
67.361638
54.651072
40.881963
26.827973
13.262765
0.960000
0.000000
0.000000
0.000000
0.000000
0.000000
9.120000
33.806849
64.417920
98.175994
132.303846
164.024255
190.560000
209.603061
220.722233
223.955515
219.340904
206.916400
186.720000
159.234241
126.719814
91.881948
57.425871
26.056812
0.480000
0.000000
0.000000
0.000000
0.000000
0.000000
22.080000
54.410308
90.761702
126.771275
158.076120
180.313331
189.120000
181.629906
160.963572
131.738206
98.571016
66.079211
38.880000
20.456735
9.757345
4.595903
2.786483
2.143157
0.480000
0.000000
0.000000
0.000000
0.000000
0.000000
7.200000
30.661757
61.343346
96.031366
131.512415
164.573094
192.000000
211.165373
221.784011
224.156355
218.582841
205.363910
184.800000
157.545640
125.671719
91.603216
57.765110
26.582378
0.480000
0.000000
0.000000
0.000000
0.000000
0.000000
22.080000
60.779429
106.238505
153.873663
199.101340
237.337974
264.000000
275.683551
273.703538
260.554569
238.731251
210.728193
179.040000
145.926369
112.707345
80.468062
50.293654
23.269256
0.480000
0.000000
0.000000
0.000000
0.000000
0.000000
21.120000
61.783065
110.330986
161.539203
210.183152
251.038272
278.880000
289.856767
285.608971
269.150005
243.493260
211.652128
176.640000
141.154313
106.628685
74.180777
44.928252
19.988773
0.480000
0.000000
0.000000
0.000000
0.000000
0.000000
11.520000
32.470656
56.497271
81.511680
105.425715
126.151210
141.600000
150.160285
152.125737
148.266395
139.352299
126.153487
109.440000
90.083760
69.364226
48.662740
29.360646
12.839285
0.480000
0.000000
0.000000
0.000000
0.000000
0.640484
6.720000
12.793095
19.010781
25.746686
33.374439
42.267667
52.800000
65.018499
77.663959
89.150611
97.892682
102.304402
100.800000
92.355131
78.191159
60.090870
39.837055
19.212502
0.000000
0.000000
0.000000
0.000000
0.000000
0.000000
14.880000
54.645411
102.918772
154.205497
203.010999
243.840696
271.200000
281.068490
275.322394
257.312106
230.388016
197.900516
163.200000
129.191740
97.000539
67.306081
40.788049
18.126127
0.000000
0.000000
0.000000
0.000000
0.000000
0.000000
19.200000
47.983397
81.364333
115.539635
146.706129
171.060641
184.800000
185.272974
174.436109
155.397891
131.266808
105.151349
80.160000
58.809150
41.246788
27.028803
15.711084
6.849520
0.000000
0.000000
0.000000
0.000000
0.000000
1.335016
12.480000
28.222485
47.432926
68.643610
90.386826
111.194860
129.600000
144.290746
154.580447
159.938662
159.834953
153.738878
141.120000
121.918974
97.960841
71.541740
44.957808
20.505182
0.480000
0.000000
0.000000
0.000000
0.000000
0.000000
5.280000
23.485371
44.196631
65.520753
85.564707
102.435465
114.240000
119.580713
119.041732
113.702613
104.642913
92.942189
79.680000
65.807331
51.760886
37.848797
24.379198
11.660221
0.000000
0.000000
0.000000
0.000000
0.000000
0.000000
13.920000
43.419483
79.193545
116.902406
152.206287
180.765412
198.240000
201.536548
192.546651
174.408178
150.258999
123.236983
96.480000
72.583213
51.970962
34.524881
20.126604
8.657766
0.000000
0.000000
0.000000
0.000000
0.000000
0.000000
5.760000
16.518829
29.786585
45.205924
62.419502
81.069976
100.800000
120.976307
139.861937
155.444005
165.709628
168.645921
162.240000
145.335942
120.205667
89.978055
57.781986
26.746341
0.000000
0.000000
0.000000
0.000000
0.000000
0.000000
15.840000
53.551031
98.106091
144.986849
189.674975
227.652135
254.400000
266.544842
265.291353
252.988829
231.986564
204.633856
173.280000
140.122934
106.755163
74.617836
45.152101
19.799107
0.000000
0.000000
0.000000
0.000000
0.000000
0.000000
15.840000
38.098927
63.417300
89.662855
114.703332
136.406467
152.640000
161.756423
164.047250
160.288752
151.257197
137.728857
120.480000
100.368715
78.580367
56.382138
35.041212
15.824772
0.000000
0.000000
0.000000
0.000000
0.000000
0.000000
8.640000
28.880865
52.370061
76.527080
98.771415
116.522557
127.200000
128.978936
123.057364
111.388985
95.927497
78.626602
61.440000
45.996725
32.627149
21.336982
12.131929
5.017700
0.000000
0.000000
0.000000
0.000000
0.000000
1.095933
4.800000
9.233281
14.970031
22.750665
33.315596
47.405236
65.760000
88.450489
112.868059
135.734251
153.770610
163.698679
162.240000
147.362540
122.019957
90.412330
56.739742
25.202271
0.000000
0.000000
0.000000
0.000000
0.000000
0.000000
6.720000
19.977836
33.273807
45.961960
57.396344
66.931008
73.920000
77.873750
78.928214
77.375732
73.508644
67.619287
60.000000
50.969388
40.951115
30.395110
19.751303
9.469623
0.000000
0.000000
0.000000
0.000000
0.000000
0.000000
13.920000
38.711374
68.824024
100.869582
131.459676
157.205939
174.720000
181.505807
178.636577
168.077847
151.795150
131.754023
109.920000
88.020955
66.834111
46.899031
28.755278
12.942414
0.000000
0.000000
0.000000
0.000000
0.000000
0.000000
6.720000
24.915324
46.320196
68.516859
89.087553
105.614520
115.680000
117.568331
112.372236
101.886536
87.906050
72.225598
56.640000
42.640242
30.501970
20.196998
11.697137
4.974200
0.000000
0.000000
0.000000
0.000000
0.000000
2.584269
9.120000
17.790283
28.405164
40.721108
54.494584
69.482059
85.440000
101.877053
117.310574
130.010095
138.245151
140.285275
134.400000
119.619282
98.014764
72.418511
45.662590
20.579064
0.000000
0.000000
0.000000
0.000000
0.000000
0.000000
11.520000
31.944108
54.557088
76.918053
96.586118
111.120395
118.080000
115.837749
106.021279
91.071929
73.431039
55.539950
39.840000
28.178228
20.024463
14.254231
9.743058
5.366473
0.000000
0.000000
0.000000
0.000000
0.000000
0.000000
8.160000
36.142196
70.994279
107.761175
141.487809
167.219109
180.000000
176.444100
159.439792
133.444153
102.914257
72.307181
46.080000
27.623627
16.064331
9.462214
5.877384
3.369944
0.000000
0.000000
0.000000
0.000000
0.000000
0.000000
8.160000
34.541922
68.093015
104.569824
139.728894
169.326771
189.120000
196.002032
191.413943
177.933714
158.139327
134.608761
109.920000
86.272171
64.348989
44.455319
26.896022
11.975961
0.000000
0.000000
0.000000
0.000000
0.000000
0.000000
9.600000
27.819577
49.201722
71.404636
92.086519
108.905573
119.520000
122.252405
118.083011
108.656446
95.617337
80.610313
65.280000
50.999692
38.057345
26.469581
16.253021
7.424287
0.000000
0.000000
0.000000
0.000000
0.000000
0.000000
5.760000
19.947224
37.290001
56.109498
74.726885
91.463329
104.640000
112.924500
116.370168
115.376778
110.344104
101.671920
89.760000
75.134777
58.829329
42.003390
25.816698
11.428989
0.000000
0.000000
0.000000
0.000000
0.000000
0.000000
3.360000
12.606327
22.853935
33.217965
42.813558
50.755856
56.160000
58.387190
57.782854
54.938481
50.445556
44.895566
38.880000
32.869358
26.850204
20.688113
14.248664
7.397434
0.000000
0.000000
0.000000
0.000000
0.000000
0.000000
7.200000
32.749135
64.604473
98.795623
131.352189
158.303779
175.680000
180.608085
174.605776
160.288443
140.271456
117.170185
93.600000
71.765194
52.225757
35.130605
20.628652
8.868812
0.000000
0.000000
0.000000
0.000000
0.000000
0.000000
2.400000
9.948023
18.431685
27.092850
35.173381
41.915143
46.560000
48.556767
48.182064
45.919464
42.252539
37.664860
32.640000
27.567132
22.457836
17.229293
11.798685
6.083194
0.000000
0.000000
0.000000
0.000000
0.000000
0.000000
6.240000
26.885157
52.564682
80.077253
106.221545
127.796236
141.600000
145.326890
140.252456
128.547625
112.383321
93.930471
75.360000
58.458394
43.474381
30.272248
18.716282
8.670770
0.000000
0.000000
0.000000
0.000000
0.000000
0.000000
3.360000
20.107922
41.001102
64.074220
87.361956
108.898989
126.720000
139.217670
146.216686
147.899737
144.449514
136.048705
122.880000
105.339178
84.674378
62.346830
39.817765
18.548412
0.000000
0.000000
0.000000
0.000000
0.000000
0.000000
6.240000
34.287231
68.013521
103.721406
137.713423
166.292109
185.760000
193.401010
190.424556
179.021434
161.382437
139.698361
116.160000
92.686508
70.110477
48.992859
29.894605
13.376668
0.000000
0.000000
0.000000
0.000000
0.000000
0.000000
5.280000
22.254988
42.262041
63.238614
83.122161
99.850138
111.360000
116.140422
114.884966
108.838413
99.245546
87.351148
74.400000
61.432213
48.669207
36.127734
23.824542
11.776381
0.000000
0.000000
0.000000
0.000000
0.000000
0.000000
6.720000
37.793765
76.369083
117.769660
157.319201
190.341412
212.160000
219.369767
213.649907
197.950710
175.222466
148.415466
120.480000
93.929388
69.529067
47.607502
28.493158
12.514503
0.000000
0.000000
0.000000
0.000000
0.000000
0.000000
4.320000
18.099892
34.175632
51.035365
67.167239
81.059402
91.200000
96.445528
97.125871
93.939258
87.583921
78.758091
68.160000
56.457994
44.200886
31.907605
20.097077
9.288233
0.000000
0.000000
0.000000
0.000000
0.000000
0.000000
3.840000
18.480916
36.067888
54.631098
72.200732
86.806971
96.480000
99.787174
97.444531
90.705282
80.822637
69.049806
56.640000
44.665945
33.478433
23.247773
14.144276
6.338248
0.000000
0.000000
0.000000
0.000000
0.000000
0.000000
4.320000
13.973420
25.519060
37.857729
49.890237
60.517391
68.640000
73.412829
75.006467
73.845458
70.354347
64.957680
58.080000
50.101931
41.228407
31.620439
21.439041
10.845224
0.000000
0.000000
0.000000
0.000000
0.000000
0.000000
5.280000
35.246946
72.585298
112.688418
150.949667
182.762408
203.520000
209.883881
203.587791
187.633543
165.022952
138.757833
111.840000
86.786418
64.174651
44.097411
26.647414
11.917372
0.000000
0.000000
0.000000
0.000000
0.000000
0.000000
5.760000
23.289573
43.993143
65.415341
85.100796
100.594139
109.440000
109.931262
103.353821
91.741825
77.129424
61.550766
47.040000
35.185379
25.791573
18.217358
11.821507
5.962797
0.000000
0.000000
0.000000
0.000000
0.000000
0.000000
3.840000
24.119066
49.675551
77.427670
104.293641
127.191679
143.040000
149.563181
147.711245
139.240576
125.907556
109.468569
91.680000
74.043765
57.043913
40.910027
25.871692
12.158488
0.000000
0.000000
0.000000
0.000000
0.000000
0.000000
3.840000
26.680305
54.752562
84.912714
114.016708
138.920489
156.480000
164.359241
163.454428
155.469828
142.109711
125.078345
106.080000
86.604952
67.287505
48.547974
30.806671
14.483909
0.000000
0.000000
0.000000
0.000000
0.000000
0.000000
3.360000
29.233461
60.908068
94.718924
127.001130
154.089788
172.320000
179.016314
175.461064
163.926028
146.682986
126.003717
104.160000
83.072392
63.256564
44.876963
28.098036
13.084233
0.000000
0.000000
0.000000
0.000000
0.000000
0.000000
4.800000
28.833365
58.230493
89.678552
119.864710
145.476137
163.200000
170.590201
168.667571
159.319672
144.434069
125.898324
105.600000
85.183608
65.321446
46.442759
28.976792
13.352791
0.000000
0.000000
0.000000
0.000000
0.000000
0.000000
3.360000
24.186038
49.140865
75.120078
99.019274
117.734049
128.160000
128.142706
119.327675
104.310398
85.686366
66.051069
48.000000
33.580917
22.650659
14.518331
8.493041
3.883895
0.000000
0.000000
0.000000
0.000000
0.000000
0.000000
1.440000
11.264584
23.470583
36.516562
48.861082
58.962707
65.280000
66.712485
63.923533
58.017476
50.098647
41.271377
32.640000
25.092143
18.648619
13.113535
8.290998
3.985117
0.000000
0.000000
0.000000
0.000000
0.000000
0.000000
1.920000
12.016534
24.578970
38.112923
51.124004
62.117825
69.600000
72.474924
71.242127
66.799923
60.046625
51.880546
43.200000
34.761548
26.754743
19.227386
12.227276
5.802214
0.000000
0.000000
0.000000
0.000000
0.000000
0.000000
1.920000
13.756254
28.316326
43.870476
58.688966
71.042053
79.200000
81.911657
79.840241
74.127560
65.915420
56.345631
46.560000
37.481562
29.158265
21.419285
14.093797
7.010977
0.000000
0.000000
0.000000
0.000000
0.000000
0.000000
1.920000
20.525616
43.739388
68.619515
92.224194
111.611623
123.840000
126.808776
121.782416
110.866640
96.167166
79.789713
63.840000
49.983725
38.126502
27.733924
18.271586
9.205080
0.000000
0.000000
0.000000
0.000000
0.000000
0.000000
1.920000
28.642086
62.156080
98.135424
132.253564
160.183941
177.600000
181.413108
173.486326
156.920639
134.817033
110.276491
86.400000
65.683260
48.200838
33.422018
20.816083
9.852316
0.000000
0.000000
0.000000
0.000000
0.000000
0.000000
2.400000
24.559109
51.820100
80.572829
107.207151
128.112923
139.680000
139.405267
129.213724
112.137397
91.208316
69.458508
49.920000
34.935378
24.089450
16.277582
10.395141
5.337492
0.000000
0.000000
0.000000
0.000000
0.000000
0.000000
1.920000
22.620622
48.827752
77.113323
104.049267
126.207515
140.160000
143.455403
137.549404
124.874434
107.862923
88.947301
70.560000
54.635546
41.116856
29.448943
19.076820
9.445501
0.000000
0.000000
0.000000
0.000000
0.000000
0.000000
1.920000
27.652578
59.732673
93.911873
125.941768
151.573947
166.560000
167.918384
157.735024
139.362713
116.154243
91.462408
68.640000
50.304997
36.136120
25.077275
16.072370
8.065309
0.000000
0.000000
0.000000
0.000000
0.000000
0.000000
1.920000
27.904046
60.626341
95.829983
129.258074
156.653713
173.760000
177.537743
169.818586
153.651881
132.086980
108.173236
84.960000
64.889426
47.974870
33.622492
21.238449
10.228899
0.000000
0.000000
0.000000
0.000000
0.000000
0.000000
1.920000
26.732359
57.617400
90.664903
121.964651
147.606422
163.680000
167.388233
160.386247
145.442236
125.324395
102.800918
80.640000
61.099154
44.393169
30.226153
18.302214
8.325461
0.000000
0.000000
0.000000
0.000000
0.000000
0.000000
1.440000
15.515796
32.686965
50.921239
68.186349
82.450025
91.680000
94.414999
91.477729
84.261892
74.161190
62.569326
50.880000
40.224208
30.682119
22.071192
14.208890
6.912672
0.000000
0.000000
0.000000
0.000000
0.000000
0.000000
0.960000
17.220901
37.324922
58.575453
78.275884
93.729603
102.240000
101.943786
94.310962
81.644849
66.248770
50.426046
36.480000
26.152843
18.942342
13.785151
9.617927
5.377325
0.000000
0.000000
0.000000
0.000000
0.000000
0.000000
0.960000
25.376681
56.490084
90.136663
122.152874
148.375168
164.640000
167.970659
160.137771
144.098800
122.811206
99.232452
76.320000
56.482907
39.936608
26.348137
15.384524
6.712801
0.000000
0.000000
0.000000
0.000000
0.000000
0.000000
0.960000
9.421789
19.404657
29.677258
39.008245
46.166275
49.920000
49.437350
45.483355
39.222318
31.818544
24.436337
18.240000
14.064365
11.426367
9.513469
7.513134
4.612823
0.000000
0.000000
0.000000
0.000000
0.000000
0.000000
0.960000
25.230429
56.013371
88.871312
119.366739
143.062140
155.520000
153.677538
139.970896
118.210948
92.208567
65.774626
42.720000
25.981641
15.000823
8.344897
4.581216
2.277133
0.000000
0.000000
0.000000
0.000000
0.000000
0.000000
0.480000
12.892548
28.878146
46.377241
63.330284
77.677720
87.360000
90.871689
88.923826
82.781569
73.710074
62.974498
51.840000
41.351808
31.675439
22.756484
14.540533
6.973175
0.000000
0.000000
0.000000
0.000000
0.000000
0.000000
0.480000
14.970536
32.960221
52.253533
70.654949
85.968946
96.000000
99.158999
96.282475
88.813371
78.194628
65.869191
53.280000
41.624579
31.118767
21.732983
13.437648
6.203180
0.000000
0.000000
0.000000
0.000000
0.000000
0.000000
0.480000
10.760232
23.395844
36.968231
50.058789
61.248913
69.120000
72.618607
72.151944
68.492380
62.412287
54.684037
46.080000
37.283116
28.618604
20.322249
12.629839
5.777161
0.000000
0.000000
0.000000
0.000000
0.000000
0.000000
0.480000
8.243398
17.584612
27.463259
36.838960
44.671334
49.920000
51.828591
50.776802
47.428340
42.446914
36.496231
30.240000
24.233347
18.597069
13.343381
8.484497
4.032631
0.000000
0.000000
0.000000
0.000000
0.000000
0.000000
0.000000
7.630128
17.067689
27.164070
36.770658
44.738839
49.920000
51.488134
49.907654
45.965582
40.448935
34.144735
27.840000
22.164003
17.115026
12.533603
8.260268
4.135556
0.000000
0.000000
0.000000
0.000000
0.000000
0.000000
0.000000
10.881472
24.587120
39.406371
53.628651
65.543385
73.440000
76.080481
74.117055
68.674508
60.877626
51.851194
42.720000
34.383270
26.837992
19.855597
13.207513
6.665171
0.000000
0.000000
0.000000
0.000000
0.000000
0.000000
0.000000
17.915414
40.353657
64.331984
86.867647
104.977901
115.680000
116.874126
109.992172
97.348961
81.259314
64.038053
48.000000
34.968083
24.797654
16.852173
10.495098
5.089887
0.000000
0.000000
0.000000
0.000000
0.000000
0.000000
0.000000
13.764414
31.026838
49.498440
66.890389
80.913853
89.280000
90.375468
85.288771
75.783893
63.624816
50.575524
38.400000
28.480380
20.671410
14.445988
9.277014
4.637385
0.000000
0.000000
0.000000
0.000000
0.000000
0.000000
0.000000
13.747573
31.066235
49.665398
67.254472
81.542869
90.240000
91.720029
87.016136
77.826254
65.848316
52.780253
40.320000
29.825643
21.295885
14.389585
8.765599
4.082785
0.000000
0.000000
0.000000
0.000000
0.000000
0.000000
0.000000
8.500316
19.147270
30.708788
41.952797
51.647226
58.560000
61.776891
61.655042
58.869441
54.095076
48.006933
41.280000
34.472120
27.672561
20.853446
13.986899
7.045042
0.000000
0.000000
0.000000
0.000000
0.000000
0.000000
0.000000
17.773813
39.824145
63.059463
84.388233
100.718924
108.960000
106.994565
96.604264
80.545376
61.574183
42.446964
25.920000
14.121260
6.665467
2.539033
0.728369
0.219887
0.000000
0.000000
0.000000
0.000000
0.000000
0.000000
0.000000
3.826048
8.870169
14.486993
20.031153
24.857278
28.320000
29.939857
29.901011
28.553533
26.247492
23.332957
20.160000
17.007859
13.872454
10.678876
7.352214
3.817559
0.000000
0.000000
0.000000
0.000000
0.000000
0.000000
0.000000
11.095089
25.113082
40.277274
54.810961
66.937438
74.880000
77.350935
75.018500
69.039941
60.572506
50.773443
40.800000
31.614502
23.399585
16.142963
9.832349
4.455457
0.000000
0.000000
0.000000
0.000000
0.000000
0.000000
0.000000
6.225717
13.823333
21.984208
29.899703
36.761180
41.760000
44.288296
44.541287
42.914962
39.805313
35.608329
30.720000
25.494432
20.118187
14.735944
9.492379
4.532172
0.000000
0.000000
0.000000
0.000000
0.000000
0.000000
0.000000
8.174104
18.213506
28.859002
38.851386
46.931454
51.840000
52.691829
50.097787
45.042728
38.511507
31.488979
24.960000
19.671912
15.422013
11.770087
8.275919
4.499295
0.000000
0.000000
0.000000
0.000000
0.000000
0.000000
0.000000
16.690444
37.836893
60.562209
81.989257
99.240900
109.440000
110.557702
103.958266
91.854237
76.458154
59.982561
44.640000
32.178750
22.490042
15.000844
9.138126
4.328855
0.000000
0.000000
0.000000
0.000000
0.000000
0.000000
0.000000
10.774275
24.241468
38.629607
52.166722
63.080844
69.600000
70.475599
66.552562
59.199185
49.783767
39.674606
30.240000
22.549994
16.481619
11.613654
7.524877
3.794066
0.000000
0.000000
0.000000
0.000000
0.000000
0.000000
0.000000
11.518971
25.967864
41.341546
55.634885
66.842747
72.960000
72.599690
66.847581
57.407615
45.983735
34.279882
24.000000
16.442268
11.281811
7.787993
5.230177
2.877725
0.000000
0.000000
0.000000
0.000000
0.000000
0.000000
0.000000
13.106108
29.844156
47.950357
65.160922
79.212065
87.840000
89.433216
84.989311
76.158161
64.589643
51.933630
39.840000
29.627696
21.291933
14.496998
8.907174
4.186747
0.000000
0.000000
0.000000
0.000000
0.000000
0.000000
0.000000
9.048296
20.296244
32.307617
43.646186
52.875723
58.560000
59.679703
56.883178
51.235685
43.802484
35.648836
27.840000
21.219558
15.744377
11.149643
7.170544
3.542267
0.000000
0.000000
0.000000
0.000000
0.000000
0.000000
0.000000
9.414408
21.156140
33.607380
45.150313
54.167125
59.040000
58.649193
53.867237
46.064736
36.612294
26.880514
18.240000
11.755488
7.268246
4.313675
2.427176
1.144151
0.000000
0.000000
0.000000
0.000000
0.000000
0.000000
0.000000
4.273533
9.808191
15.984071
22.181268
27.779879
32.160000
34.839236
35.885235
35.503153
33.898149
31.275379
27.840000
23.789523
19.290870
14.503316
9.586136
4.698606
0.000000
0.000000
0.000000
0.000000
0.000000
0.000000
0.000000
9.724234
21.739544
34.482352
46.389082
55.896157
61.440000
61.924836
58.126095
51.287009
42.650810
33.460730
24.960000
18.123089
12.849409
8.769611
5.514343
2.714257
0.000000
0.000000
0.000000
0.000000
0.000000
0.000000
0.000000
7.912339
17.938849
28.832199
39.345060
48.230104
54.240000
56.465610
55.350558
51.676657
46.225721
39.779564
33.120000
26.878553
21.085586
15.621173
10.365389
5.198306
0.000000
0.000000
0.000000
0.000000
0.000000
0.000000
0.000000
13.365174
30.041572
47.784224
64.348160
77.488408
84.960000
85.196902
79.348834
69.244453
56.712416
43.581379
31.680000
22.427217
15.603090
10.577963
6.722178
3.406076
0.000000
0.000000
0.000000
0.000000
0.000000
0.000000
0.000000
11.675860
26.321694
41.807264
56.002330
66.776655
72.000000
70.224551
62.732197
51.487252
38.454028
25.596839
14.880000
7.779268
3.816184
2.023730
1.434892
1.082654
0.000000
0.000000
0.000000
0.000000
0.000000
0.000000
0.000000
10.862786
24.775987
39.624957
53.295047
63.671611
68.640000
66.761593
59.301872
48.202345
35.404518
22.849901
12.480000
5.750841
2.176524
0.785664
0.606879
0.668785
0.000000
0.000000
0.000000
0.000000
0.000000
0.000000
0.000000
9.886773
22.637570
36.354343
49.139039
59.093608
64.320000
63.508980
57.706576
48.547632
37.666992
26.699500
17.280000
10.650642
6.482794
4.055131
2.646328
1.535060
0.000000
0.000000
0.000000
0.000000
0.000000
0.000000
0.000000
9.266653
21.117098
33.857494
45.794003
55.232785
60.480000
60.356044
55.738249
48.018180
38.587405
28.837490
20.160000
13.629170
9.049907
5.909784
3.696376
1.897257
0.000000
0.000000
0.000000
0.000000
0.000000
0.000000
0.000000
7.512844
17.030492
27.219488
36.746375
44.277698
48.480000
48.425793
44.811464
38.739366
31.311853
23.631280
16.800000
11.663982
8.043652
5.503049
3.606213
1.917183
0.000000
0.000000
0.000000
0.000000
0.000000
0.000000
0.000000
7.865129
17.838412
28.523194
38.522822
46.440642
50.880000
50.867872
47.125758
40.798784
33.032081
24.970777
17.760000
12.283381
8.378558
5.621669
3.588854
1.856251
0.000000
0.000000
0.000000
0.000000
0.000000
0.000000
0.000000
7.128877
16.154735
25.820176
34.867800
42.040208
46.080000
46.110335
42.776604
37.104756
30.120740
22.850505
16.320000
11.323116
7.725515
5.160799
3.262572
1.664438
0.000000
0.000000
0.000000
0.000000
0.000000
0.000000
0.000000
6.096972
13.780247
21.951007
29.510432
35.359703
38.400000
37.874914
34.397674
28.923923
22.409300
15.809445
10.080000
5.956707
3.295722
1.733301
0.905702
0.449183
0.000000
0.000000
0.000000
0.000000
0.000000
0.000000
0.000000
2.772488
6.404306
10.475210
14.564956
18.253301
21.120000
22.840680
23.474450
23.176288
22.101173
20.404084
18.240000
15.744791
12.977893
9.979637
6.790350
3.450362
0.000000
0.000000
0.000000
0.000000
0.000000
0.000000
0.000000
8.765692
19.695090
31.319708
42.171057
50.780650
55.680000
55.845963
52.036773
45.456005
37.307236
28.794042
21.120000
15.210454
10.877818
7.656273
5.080001
2.683183
0.000000
0.000000
0.000000
0.000000
0.000000
0.000000
0.000000
10.160665
22.994361
36.688116
49.428956
59.403908
64.800000
64.362897
59.072822
50.468634
40.089194
29.473363
20.160000
13.327745
8.714351
5.697348
3.654268
1.962642
0.000000
0.000000
0.000000
0.000000
0.000000
0.000000
0.000000
9.065546
20.588775
32.934760
44.468576
53.555298
58.560000
58.347248
53.779571
46.218988
37.027519
27.567183
19.200000
12.972127
8.666275
5.749288
3.688016
1.949304
0.000000
0.000000
0.000000
0.000000
0.000000
0.000000
0.000000
8.310905
18.872402
30.215276
40.870311
49.368291
54.240000
54.454360
50.732838
44.235037
36.120561
27.549014
19.680000
13.431655
8.756247
5.364576
2.967445
1.275652
0.000000
0.000000
0.000000
0.000000
0.000000
0.000000
0.000000
2.347818
5.279496
8.468794
11.589471
14.315286
16.320000
17.358595
17.510950
16.938166
15.801345
14.261589
12.480000
10.591134
8.623370
6.578541
4.458481
2.265023
0.000000
0.000000
0.000000
0.000000
0.000000
0.000000
0.000000
5.863617
13.172131
20.930786
28.144821
33.819478
36.960000
36.877554
34.107016
29.489189
23.864876
18.074878
12.960000
9.159501
6.506471
4.632458
3.169010
1.747675
0.000000
0.000000
0.000000
0.000000
0.000000
0.000000
0.000000
7.633836
17.314012
27.663622
37.305760
44.863521
48.960000
48.642433
44.654628
38.164532
30.340097
22.349269
15.360000
10.263098
6.840811
4.598249
3.040521
1.672735
0.000000
0.000000
0.000000
0.000000
0.000000
0.000000
0.000000
7.929529
17.977340
28.671863
38.541528
46.114763
49.920000
48.947818
44.037399
36.490075
27.607179
18.690043
11.040000
5.659200
2.353065
0.627837
0.000000
0.000000
0.000000
0.000000
0.000000
0.000000
0.000000
0.000000
0.000000
1.670379
3.854463
6.217860
8.426176
10.145020
11.040000
10.883099
9.871806
8.309985
6.501501
4.750218
3.360000
2.543890
2.151645
1.942199
1.674486
1.107442
0.000000
0.000000
0.000000
0.000000
0.000000
0.000000
0.000000
6.570753
14.961904
23.972928
32.403301
39.052500
42.720000
42.571203
39.235216
33.707070
26.981797
20.054430
13.920000
9.344434
6.177233
4.038793
2.549511
1.329781
0.000000
0.000000
0.000000
0.000000
0.000000
0.000000
0.000000
5.569098
12.621581
20.150180
27.147629
32.606658
35.520000
35.192546
32.177825
27.341522
21.549326
15.666923
10.560000
6.887384
4.480454
2.963732
1.961736
1.098985
0.000000
0.000000
0.000000
0.000000
0.000000
0.000000
0.000000
5.629829
12.789226
20.442066
27.552225
33.083577
36.000000
35.587210
32.418295
27.388187
21.391814
15.324108
10.080000
6.341331
3.937593
2.485188
1.600519
0.899989
0.000000
0.000000
0.000000
0.000000
0.000000
0.000000
0.000000
4.999920
11.385966
18.250566
24.686152
29.785153
32.640000
32.617298
30.180360
26.066674
21.013726
15.759005
11.040000
7.430886
4.852593
3.062740
1.818944
0.878825
0.000000
0.000000
0.000000
0.000000
0.000000
0.000000
0.000000
2.963592
6.719224
10.767787
14.610175
17.747282
19.680000
20.055361
19.104948
17.206484
14.737690
12.076288
9.600000
7.594964
5.980984
4.586278
3.239066
1.767567
0.000000
0.000000
0.000000
0.000000
0.000000
0.000000
0.000000
6.594799
14.845666
23.500111
31.305642
37.009768
39.360000
37.520466
32.321775
25.011154
16.835833
9.043039
2.880000
0.000000
0.000000
0.000000
0.000000
0.000000
0.000000
0.000000
0.000000
0.000000
0.000000
0.000000
0.000000
5.536357
12.771175
20.593701
27.893182
33.558865
36.480000
35.890605
32.403791
26.977441
20.569437
14.137663
8.640000
4.807889
2.466994
1.216536
0.655737
0.383818
0.000000
0.000000
0.000000
0.000000
0.000000
0.000000
0.000000
3.382973
7.757845
12.517800
17.056021
20.765693
23.040000
23.448044
22.262606
19.932384
16.906076
13.632382
10.560000
8.038183
6.018398
4.352666
2.893008
1.491446
0.000000
0.000000
0.000000
0.000000
0.000000
0.000000
0.000000
4.778253
10.793056
17.219521
23.232759
28.007881
30.720000
30.792208
28.639528
24.924963
20.311518
15.462195
11.040000
7.566247
4.995498
3.140625
1.814503
0.830004
0.000000
0.000000
0.000000
0.000000
0.000000
0.000000
0.000000
2.111426
4.761690
7.609235
10.312505
12.529946
13.920000
14.240380
13.645871
12.390526
10.728397
8.913537
7.200000
5.780386
4.601492
3.548662
2.507240
1.362571
0.000000
0.000000
0.000000
0.000000
0.000000
0.000000
0.000000
4.953982
11.179199
17.772032
23.828857
28.446053
30.720000
30.034887
26.926153
22.217047
16.730820
11.290721
6.720000
3.639803
1.862855
0.999779
0.661197
0.457730
0.000000
0.000000
0.000000
0.000000
0.000000
0.000000
0.000000
4.227699
9.656329
15.484880
20.912347
25.137723
27.360000
27.027744
24.587815
20.736644
16.170663
11.586305
7.680000
4.974656
3.299078
2.308543
1.658333
1.003726
0.000000
0.000000
0.000000
0.000000
0.000000
0.000000
0.000000
5.828597
13.259646
21.214728
28.615427
34.383323
37.440000
37.040868
33.776652
28.571904
22.351178
16.039025
10.560000
6.621263
4.060413
2.497655
1.553196
0.847242
0.000000
0.000000
0.000000
0.000000
0.000000
0.000000
0.000000
4.557977
10.377242
16.632436
22.498200
27.149174
29.760000
29.754014
27.549336
23.812780
19.211162
14.411297
10.080000
6.739300
4.332083
2.656445
1.510487
0.692305
0.000000
0.000000
0.000000
0.000000
0.000000
0.000000
0.000000
1.990006
4.494137
7.177796
9.706390
11.745323
12.960000
13.115635
12.376675
11.007376
9.271993
7.434782
5.760000
4.447454
3.439164
2.612701
1.845638
1.015547
0.000000
0.000000
0.000000
0.000000
0.000000
0.000000
0.000000
3.983239
9.005267
14.340021
19.261437
23.043451
24.960000
24.514718
22.130040
18.458096
14.151020
9.860944
6.240000
3.777888
2.314574
1.527595
1.094483
0.692773
0.000000
0.000000
0.000000
0.000000
0.000000
0.000000
0.000000
4.671634
10.634331
17.006304
22.905765
27.450926
29.760000
29.228622
26.362124
21.943258
16.754779
11.579442
7.200000
4.207210
2.423841
1.480664
1.008451
0.637972
0.000000
0.000000
0.000000
0.000000
0.000000
0.000000
0.000000
4.638199
10.570558
16.922998
22.821438
27.391799
29.760000
29.324668
26.575256
22.273924
17.182831
12.064136
7.680000
4.609795
2.701749
1.621305
1.033904
0.604989
0.000000
0.000000
0.000000
0.000000
0.000000
0.000000
0.000000
3.934485
8.978376
14.415274
19.528777
23.602486
25.920000
25.979241
24.135415
20.958050
17.016674
12.880814
9.120000
6.181885
4.026631
2.492527
1.417862
0.640923
0.000000
0.000000
0.000000
0.000000
0.000000
0.000000
0.000000
1.629682
3.696682
5.960107
8.179064
10.112659
11.520000
12.221385
12.281877
11.827730
10.985199
9.880537
8.640000
7.364778
6.055810
4.688973
3.240141
1.685192
0.000000
0.000000
0.000000
0.000000
0.000000
0.000000
0.000000
4.870542
10.951326
17.385508
23.316244
27.886689
30.240000
29.789440
27.028702
22.721588
17.631899
12.523436
8.160000
5.118366
3.227199
2.128140
1.462827
0.872901
0.000000
0.000000
0.000000
0.000000
0.000000
0.000000
0.000000
5.237688
11.918350
19.068450
25.714449
30.882812
33.600000
33.194373
30.201875
25.460348
19.807633
14.081570
9.120000
5.564820
3.274148
1.910157
1.135020
0.610910
0.000000
0.000000
0.000000
0.000000
0.000000
0.000000
0.000000
3.507574
7.981947
12.773749
17.233606
20.712147
22.560000
22.327803
20.366234
17.225981
13.457733
9.612176
6.240000
3.767881
2.126450
1.122326
0.562130
0.252482
0.000000
0.000000
0.000000
0.000000
0.000000
0.000000
0.000000
1.233868
2.837235
4.618818
6.387329
7.951485
9.120000
9.748299
9.878646
9.600016
9.001382
8.171719
7.200000
6.159603
5.061513
3.901119
2.673810
1.374974
0.000000
0.000000
0.000000
0.000000
0.000000
0.000000
0.000000
3.749458
8.415053
13.336846
17.854896
21.309260
23.040000
22.597768
20.375595
16.977106
13.005928
9.065684
5.760000
3.539471
2.242567
1.554728
1.161394
0.748005
0.000000
0.000000
0.000000
0.000000
0.000000
0.000000
0.000000
4.992023
11.371995
18.209347
24.573511
29.533918
32.160000
31.809782
28.995662
24.518632
19.179684
13.779809
9.120000
5.808849
3.685357
2.396125
1.587753
0.906845
0.000000
0.000000
0.000000
0.000000
0.000000
0.000000
0.000000
5.007423
11.387449
18.216399
24.570594
29.526353
32.160000
31.833264
29.049515
24.597534
19.266102
13.843997
9.120000
5.699521
3.454490
2.073463
1.245000
0.657660
0.000000
0.000000
0.000000
0.000000
0.000000
0.000000
0.000000
3.414765
7.766515
12.432083
16.788299
20.211994
22.080000
21.961179
20.192523
17.303054
13.821795
10.277770
7.200000
4.987185
3.516726
2.535700
1.791186
1.030260
0.000000
0.000000
0.000000
0.000000
0.000000
0.000000
0.000000
5.056933
11.476534
18.327722
24.679416
29.600535
32.160000
31.717741
28.797734
24.214968
18.784432
13.321113
8.640000
5.358771
3.305863
2.112405
1.409523
0.828345
0.000000
0.000000
0.000000
0.000000
0.000000
0.000000
0.000000
4.996968
11.374437
18.205942
24.565015
29.525190
32.160000
31.829396
29.038992
24.580819
19.246909
13.829292
9.120000
5.725449
3.509595
2.150781
1.327349
0.717642
0.000000
0.000000
0.000000
0.000000
0.000000
0.000000
0.000000
3.797090
8.622113
13.764993
18.515652
22.164014
24.000000
23.538387
21.193363
17.603971
13.409252
9.248248
5.760000
3.422696
2.071100
1.379123
1.020674
0.669663
0.000000
0.000000
0.000000
0.000000
0.000000
0.000000
0.000000
4.773984
10.879954
17.422724
23.507111
28.237931
30.720000
30.335456
27.575727
23.209566
18.005723
12.732951
8.160000
4.877527
2.763805
1.519014
0.843330
0.436933
0.000000
0.000000
0.000000
0.000000
0.000000
0.000000
0.000000
2.620283
5.964434
9.543468
12.868398
15.450237
16.800000
16.582210
15.075434
12.711748
9.923229
7.141954
4.800000
3.217543
2.267163
1.709540
1.305352
0.815279
0.000000
0.000000
0.000000
0.000000
0.000000
0.000000
0.000000
4.754213
10.806965
17.270087
23.255413
27.874773
30.240000
29.739976
26.871784
22.409557
17.127429
11.799532
7.200000
3.925883
1.865900
0.731685
0.234873
0.087100
0.000000
0.000000
0.000000
0.000000
0.000000
0.000000
0.000000
1.252597
2.871188
4.613497
6.237252
7.500178
8.160000
8.050897
7.312854
6.162306
4.815690
3.489443
2.400000
1.703814
1.317398
1.097280
0.899988
0.582052
0.000000
0.000000
0.000000
0.000000
0.000000
0.000000
0.000000
3.427466
7.785715
12.428420
16.709253
19.981889
21.600000
21.122956
18.932919
15.617747
11.765297
7.963429
4.800000
2.714042
1.549275
1.000594
0.762892
0.531062
0.000000
0.000000
0.000000
0.000000
0.000000
0.000000
0.000000
4.242451
9.690802
15.559893
21.064563
25.419652
27.840000
27.778207
25.637921
22.060549
17.687500
13.160181
9.120000
6.064719
3.917513
2.457910
1.465438
0.719625
0.000000
0.000000
0.000000
0.000000
0.000000
0.000000
0.000000
2.652508
6.025495
9.670850
13.140460
15.986214
17.760000
18.142608
17.330438
15.648791
13.422968
10.978271
8.640000
6.663725
5.026085
3.633985
2.394334
1.214036
0.000000
0.000000
0.000000
0.000000
0.000000
0.000000
0.000000
3.559641
8.019688
12.764944
17.180213
20.650297
22.560000
22.483388
20.751580
17.884956
14.403897
10.828785
7.680000
5.353472
3.747326
2.635233
1.790866
0.000000
0.000000
0.000000
0.000000
0.000000
0.000000
0.000000
0.000000
0.000000
0.000000
0.000000
0.000000
0.000000
