27.840000
27.421383
24.849377
20.832608
16.079705
11.299293
7.200000
4.321050
2.524061
1.501246
0.944821
0.547001
0.000000
0.000000
0.000000
0.000000
0.000000
0.000000
0.000000
3.532396
8.067307
12.969127
17.602252
21.331078
23.520000
23.720443
22.231947
19.541085
16.134426
12.498541
9.120000
6.385833
4.284903
2.706533
1.540044
0.674759
0.000000
0.000000
0.000000
0.000000
0.000000
0.000000
0.000000
1.195931
2.694670
4.342331
5.985030
7.468881
8.640000
9.377827
9.695102
9.637891
9.252260
8.584275
7.680000
6.586095
5.351588
4.026103
2.659262
1.300687
0.000000
0.000000
0.000000
0.000000
0.000000
0.000000
0.000000
2.636062
5.880902
9.303118
12.471308
14.954069
16.320000
16.271292
15.044516
13.009834
10.537412
7.997412
5.760000
4.105436
2.954368
2.137545
1.485711
0.829614
0.000000
0.000000
0.000000
0.000000
0.000000
0.000000
0.000000
3.691147
8.369144
13.362510
17.999762
21.609420
23.520000
23.268448
21.225413
17.969974
14.081207
10.138190
6.720000
4.268396
2.675870
1.697594
1.088741
0.604486
0.000000
0.000000
0.000000
0.000000
0.000000
0.000000
0.000000
3.230846
7.368589
11.843802
16.087059
19.528934
21.600000
21.896426
20.676760
18.365142
15.385715
12.162621
9.120000
6.596781
4.591038
3.015629
1.783413
0.807250
0.000000
0.000000
0.000000
0.000000
0.000000
0.000000
0.000000
1.517427
3.412608
5.475000
7.494059
9.259240
10.560000
11.238289
11.346034
10.987656
10.267577
9.290218
8.160000
6.962750
5.709922
4.394374
3.008965
1.546554
0.000000
0.000000
0.000000
0.000000
0.000000
0.000000
0.000000
4.223301
9.504079
15.126236
20.373673
24.530294
26.880000
26.922752
25.022739
21.760209
17.715411
13.468592
9.600000
6.565692
4.324966
2.712927
1.564682
0.715337
0.000000
0.000000
0.000000
0.000000
0.000000
0.000000
0.000000
1.838612
4.183217
6.774737
9.354093
11.662207
13.440000
14.486627
14.834176
14.572967
13.793321
12.585558
11.040000
9.248212
7.306745
5.313395
3.365957
1.562226
0.000000
0.000000
0.000000
0.000000
0.000000
0.000000
0.000000
2.116361
4.671217
7.372790
9.929298
12.048962
13.440000
13.891812
13.518510
12.515386
11.077732
9.400840
7.680000
6.076392
4.614742
3.285665
2.079773
0.987680
0.000000
0.000000
0.000000
0.000000
0.000000
0.000000
0.000000
1.922017
4.326288
6.946518
9.516410
11.769669
13.440000
14.324867
14.476771
14.011976
13.046741
11.697328
10.080000
8.305182
6.459959
4.625580
2.883295
1.314352
0.000000
0.000000
0.000000
0.000000
0.000000
0.000000
0.000000
1.523866
3.339808
5.251608
7.063051
8.577921
9.600000
9.987908
9.819599
9.227864
8.345492
7.305274
6.240000
5.251170
4.315130
3.376936
2.381646
1.274315
0.000000
0.000000
0.000000
0.000000
0.000000
0.000000
0.000000
4.208069
9.516455
15.205500
20.555545
24.846931
27.360000
27.589200
25.885409
22.813609
18.938785
14.825921
11.040000
8.021796
5.715243
3.940064
2.515981
1.262719
0.000000
0.000000
0.000000
0.000000
0.000000
0.000000
0.000000
3.961525
8.932506
14.215395
19.112640
22.926691
24.960000
24.732509
22.634134
19.272286
15.254375
11.187809
7.680000
5.188440
3.570956
2.535460
1.789861
1.042071
0.000000
0.000000
0.000000
0.000000
0.000000
0.000000
0.000000
5.396635
12.260885
19.601047
26.425421
31.742306
34.560000
34.193062
31.181088
26.369938
20.605468
14.733537
9.600000
5.857785
3.388095
1.879200
1.019371
0.496881
0.000000
0.000000
0.000000
0.000000
0.000000
0.000000
0.000000
2.539026
5.785776
9.287749
12.592445
15.247362
16.800000
16.932543
15.865919
13.955740
11.557618
9.027168
6.720000
4.910801
3.550549
2.509292
1.657082
0.863968
0.000000
0.000000
0.000000
0.000000
0.000000
0.000000
0.000000
3.078860
7.015239
11.322342
15.513368
19.101520
21.600000
22.649199
22.398267
21.123542
19.101364
16.608070
13.920000
11.271010
8.725026
6.303490
4.027845
1.919534
0.000000
0.000000
0.000000
0.000000
0.000000
0.000000
0.000000
3.617505
8.112899
12.966515
17.658682
21.669734
24.480000
25.705443
25.504551
24.171442
22.000235
19.285048
16.320000
13.354055
10.455562
7.647716
4.953710
2.396740
0.000000
0.000000
0.000000
0.000000
0.000000
0.000000
0.000000
4.912601
11.011638
17.541504
23.746592
28.871293
32.160000
33.071261
31.920248
29.236288
25.548708
21.386836
17.280000
13.649022
10.480704
7.653345
5.045243
2.534695
0.000000
0.000000
0.000000
0.000000
0.000000
0.000000
0.000000
6.860370
15.451554
24.625331
33.233479
40.127776
44.160000
44.523646
41.779070
36.828345
30.573544
23.916738
17.760000
12.811713
9.005498
6.081287
3.779013
1.838606
0.000000
0.000000
0.000000
0.000000
0.000000
0.000000
0.000000
5.176941
11.692082
18.692690
25.326034
30.739382
34.080000
34.742734
33.112735
29.822734
25.505458
20.793637
16.320000
12.578790
9.510310
6.916375
4.598800
2.359404
0.000000
0.000000
0.000000
0.000000
0.000000
0.000000
0.000000
7.272792
16.385591
26.056554
35.003838
41.945601
45.600000
45.082282
41.096055
34.742016
27.120862
19.333291
12.480000
7.418079
4.030189
1.955382
0.832713
0.301235
0.000000
0.000000
0.000000
0.000000
0.000000
0.000000
0.000000
1.262537
2.934829
4.858800
6.876371
8.829464
10.560000
11.931119
12.890826
13.408345
13.452898
12.993709
12.000000
10.472989
8.541867
6.367822
4.112038
1.935702
0.000000
0.000000
0.000000
0.000000
0.000000
0.000000
0.000000
2.734862
6.055757
9.590702
12.967712
15.814806
17.760000
18.530291
18.248599
17.136824
15.416866
13.310624
11.040000
8.797307
6.656513
4.662003
2.858159
1.289363
0.000000
0.000000
0.000000
0.000000
0.000000
0.000000
0.000000
1.514097
3.348762
5.337340
7.313175
9.109614
10.560000
11.532019
12.030716
12.095477
11.765687
11.080733
10.080000
8.804495
7.301709
5.620754
3.810742
1.920787
0.000000
0.000000
0.000000
0.000000
0.000000
0.000000
0.000000
4.597718
10.306268
16.353211
21.966107
26.372516
28.800000
28.714680
26.536921
22.925648
18.539786
14.038262
10.080000
7.163562
5.146049
3.724199
2.594749
1.454437
0.000000
0.000000
0.000000
0.000000
0.000000
0.000000
0.000000
6.561034
14.929527
23.965573
32.529271
39.480714
43.680000
44.320346
41.927454
37.360149
31.477256
25.137598
19.200000
14.337583
10.480658
7.373830
4.761707
2.388894
0.000000
0.000000
0.000000
0.000000
0.000000
0.000000
0.000000
7.094023
16.030795
25.628048
34.703512
42.074919
46.560000
47.321253
44.900237
40.183278
34.056702
27.406834
21.120000
15.894299
11.674923
8.218839
5.283013
2.624411
0.000000
0.000000
0.000000
0.000000
0.000000
0.000000
0.000000
7.355045
16.609233
26.555693
35.987554
43.697947
48.480000
49.473822
47.207441
42.555862
36.394091
29.597135
23.040000
17.422999
12.747670
8.840860
5.529415
2.640180
0.000000
0.000000
0.000000
0.000000
0.000000
0.000000
0.000000
5.975825
13.449262
21.496353
29.193144
35.615678
39.840000
41.198071
40.045519
36.993891
32.654731
27.639586
22.560000
17.911891
13.728661
9.928083
6.427932
3.145979
0.000000
0.000000
0.000000
0.000000
0.000000
0.000000
0.000000
7.357316
16.565325
26.476813
35.944565
43.821366
48.960000
50.531928
48.983307
45.078971
39.583753
33.262485
26.880000
21.061640
15.874779
11.247301
7.107090
3.382028
0.000000
0.000000
0.000000
0.000000
0.000000
0.000000
0.000000
6.825640
15.281581
24.305404
32.834694
39.807031
44.160000
45.138147
43.213877
39.166559
33.775560
27.820251
22.080000
17.168437
13.036244
9.468361
6.249731
3.165297
0.000000
0.000000
0.000000
0.000000
0.000000
0.000000
0.000000
9.128040
20.630275
33.011648
44.777098
54.431569
60.480000
61.855294
59.202196
53.593412
46.101647
37.799608
29.760000
22.837451
17.014274
12.054705
7.722980
3.783333
0.000000
0.000000
0.000000
0.000000
0.000000
0.000000
0.000000
9.518493
21.427338
34.174224
46.206838
55.972867
61.920000
62.948903
59.772161
53.555336
45.463992
36.663692
28.320000
21.352561
15.697352
11.044432
7.083860
3.505697
0.000000
0.000000
0.000000
0.000000
0.000000
0.000000
0.000000
9.621805
21.731143
34.767823
47.171654
57.382443
63.840000
65.427482
62.801439
57.061771
49.308375
40.641152
32.160000
24.748267
18.423100
12.985095
8.234846
3.972949
0.000000
0.000000
0.000000
0.000000
0.000000
0.000000
0.000000
9.125049
20.441151
32.423501
43.547295
52.287729
57.120000
56.984798
52.684793
45.488147
36.663023
27.477587
19.200000
12.822424
8.233012
5.043913
2.867278
1.315257
0.000000
0.000000
0.000000
0.000000
0.000000
0.000000
0.000000
3.822224
8.687685
14.011287
19.207937
23.692539
26.880000
28.334487
28.217212
26.838652
24.509280
21.539571
18.240000
14.879829
11.563466
8.354106
5.314945
2.509178
0.000000
0.000000
0.000000
0.000000
0.000000
0.000000
0.000000
4.304267
9.591946
15.226196
20.570181
24.987062
27.840000
28.672288
27.747737
25.510291
22.403891
18.872480
15.360000
12.219915
9.443772
6.932640
4.587588
2.309685
0.000000
0.000000
0.000000
0.000000
0.000000
0.000000
0.000000
6.270095
14.265305
23.090766
31.851613
39.652979
45.600000
49.002679
49.990493
48.897786
46.058905
41.808195
36.480000
30.405856
23.906058
17.298089
10.899433
5.027576
0.000000
0.000000
0.000000
0.000000
0.000000
0.000000
0.000000
6.469670
14.321725
22.762474
30.998230
38.235302
43.680000
46.722980
47.492270
46.300244
43.459274
39.281735
34.080000
28.171745
21.895863
15.596551
9.618006
4.304423
0.000000
0.000000
0.000000
0.000000
0.000000
0.000000
0.000000
3.741428
8.113696
12.769246
17.360519
21.539957
24.960000
27.339805
28.665384
28.989466
28.364777
26.844046
24.480000
21.346020
17.598102
13.412892
8.967040
4.437193
0.000000
0.000000
0.000000
0.000000
0.000000
0.000000
0.000000
9.516189
21.406392
34.251241
46.631369
57.127411
64.320000
67.168017
66.143334
62.096071
55.876348
48.334284
40.320000
32.545076
25.166939
18.204476
11.676573
5.602119
0.000000
0.000000
0.000000
0.000000
0.000000
0.000000
0.000000
11.154880
25.010758
39.891422
54.120658
66.022255
73.920000
76.595469
74.661391
69.188287
61.246674
51.907072
42.240000
33.143246
24.823677
17.315430
10.652644
4.869455
0.000000
0.000000
0.000000
0.000000
0.000000
0.000000
0.000000
7.043890
15.587380
24.624602
33.149690
40.156778
44.640000
45.881778
44.317690
40.671602
35.667380
30.028890
24.480000
19.588997
15.301861
11.408992
7.700792
3.967661
0.000000
0.000000
0.000000
0.000000
0.000000
0.000000
0.000000
11.846518
26.834232
43.061290
58.625839
71.626027
80.160000
82.851695
80.428205
74.142409
65.247189
54.995426
44.640000
35.200034
26.759615
19.169072
12.278736
5.938936
0.000000
0.000000
0.000000
0.000000
0.000000
0.000000
0.000000
13.116174
29.418150
46.805724
63.178693
76.436853
84.480000
85.822689
81.438509
72.915803
61.842920
49.808203
38.400000
28.873068
21.147815
14.811062
9.449628
4.650334
0.000000
0.000000
0.000000
0.000000
0.000000
0.000000
0.000000
12.502336
28.215711
45.109146
61.151660
74.312271
82.560000
84.443398
80.829148
73.163467
62.892571
51.462677
40.320000
30.630740
22.441030
15.516985
9.624721
4.530354
0.000000
0.000000
0.000000
0.000000
0.000000
0.000000
0.000000
9.263583
20.803153
33.228645
45.149994
55.177134
61.920000
64.365361
63.007323
58.716828
52.364815
44.822225
36.960000
29.501640
22.580887
16.184044
10.297413
4.907298
0.000000
0.000000
0.000000
0.000000
0.000000
0.000000
0.000000
9.557151
21.391485
34.047968
46.071570
56.007258
62.400000
64.205538
62.022710
56.861129
49.730409
41.640162
33.600000
26.420698
20.117676
14.507514
9.406793
4.632095
0.000000
0.000000
0.000000
0.000000
0.000000
0.000000
0.000000
11.421512
25.767088
41.257226
56.112425
68.553183
76.800000
79.560059
77.487283
71.722281
63.405661
53.678031
43.680000
34.358252
25.883780
18.233650
11.384931
5.314692
0.000000
0.000000
0.000000
0.000000
0.000000
0.000000
0.000000
9.207353
20.552492
32.693871
44.289946
53.999171
60.480000
62.759212
61.336878
57.081395
50.861157
43.544560
36.000000
28.935799
22.419994
16.360548
10.665425
5.242587
0.000000
0.000000
0.000000
0.000000
0.000000
0.000000
0.000000
12.284950
27.656317
44.193803
59.977111
73.085942
81.600000
84.131498
81.422699
74.748376
65.383303
54.602253
43.680000
33.675723
24.786220
16.992693
10.276345
4.618380
0.000000
0.000000
0.000000
0.000000
0.000000
0.000000
0.000000
6.072949
13.572980
21.863896
30.309503
38.273602
45.120000
50.307038
53.671213
55.143561
54.655118
52.136919
47.520000
40.865566
32.755501
23.901858
15.016691
6.812054
0.000000
0.000000
0.000000
0.000000
0.000000
0.000000
0.000000
6.191640
13.537363
21.522115
29.630842
37.348488
44.160000
49.609410
53.477098
55.602533
55.825183
53.984516
49.920000
43.610722
35.594245
26.547752
17.148425
8.073447
0.000000
0.000000
0.000000
0.000000
0.000000
0.000000
0.000000
11.380687
25.119844
39.586411
53.149331
64.177547
71.040000
72.578436
69.525814
63.087897
54.470447
44.879228
35.520000
27.358902
20.403566
14.422000
9.182212
4.452210
0.000000
0.000000
0.000000
0.000000
0.000000
0.000000
0.000000
10.512825
23.641190
37.701593
51.010530
61.884500
68.640000
70.078300
66.939763
60.449528
51.832731
42.314509
33.120000
25.227310
18.626425
13.060297
8.271881
4.004131
0.000000
0.000000
0.000000
0.000000
0.000000
0.000000
0.000000
9.611744
21.626534
34.502563
46.698023
56.671104
62.880000
64.227234
61.392659
55.500462
47.674829
39.039947
30.720000
23.605989
17.656163
12.595588
8.149327
4.042443
0.000000
0.000000
0.000000
0.000000
0.000000
0.000000
0.000000
10.814320
24.457532
39.235671
53.454772
65.420870
73.440000
76.276131
74.524963
69.240131
61.475271
52.284015
42.720000
33.667825
25.335950
17.763804
10.990813
5.056402
0.000000
0.000000
0.000000
0.000000
0.000000
0.000000
0.000000
7.684114
17.196886
27.597589
37.945494
47.299874
54.720000
59.459863
61.552332
61.224993
58.705433
54.221240
48.000000
40.329766
31.740453
22.822440
14.166107
6.361834
0.000000
0.000000
0.000000
0.000000
0.000000
0.000000
0.000000
5.439283
12.022793
19.516575
27.686673
36.299134
45.120000
53.826242
61.738529
68.088455
72.107613
73.027597
70.080000
62.829081
52.169756
39.329605
25.536209
12.017147
0.000000
0.000000
0.000000
0.000000
0.000000
0.000000
0.000000
15.876744
35.064906
55.477900
75.029138
91.632034
103.200000
108.191147
107.242374
101.535276
92.251451
80.572493
67.680000
54.612001
41.832265
29.660995
18.418392
8.424660
0.000000
0.000000
0.000000
0.000000
0.000000
0.000000
0.000000
11.049052
24.489031
38.956027
53.086127
65.515422
74.880000
80.136277
81.521977
79.595149
74.913844
68.036111
59.520000
49.899172
39.609727
29.063377
18.671832
8.846803
0.000000
0.000000
0.000000
0.000000
0.000000
0.000000
0.000000
14.623801
32.482709
51.371253
69.083963
83.415369
92.160000
93.759983
89.247829
80.303646
68.607541
55.839624
43.680000
33.449601
25.032642
17.954164
11.739205
5.912804
0.000000
0.000000
0.000000
0.000000
0.000000
0.000000
0.000000
17.092828
38.792059
62.467042
85.487127
105.221663
119.040000
124.991517
123.845717
117.052132
106.060296
92.319741
77.280000
62.201104
47.585073
33.744429
20.991689
9.639373
0.000000
0.000000
0.000000
0.000000
0.000000
0.000000
0.000000
13.289290
29.372303
46.414959
62.583181
76.042888
84.960000
88.005440
85.870134
79.750009
70.840994
60.339015
49.440000
39.142284
29.653829
20.985004
13.146178
6.147720
0.000000
0.000000
0.000000
0.000000
0.000000
0.000000
0.000000
10.573798
23.470193
37.015096
49.534423
59.354087
64.800000
64.714938
60.009124
52.109639
42.443568
32.437994
23.520000
16.779781
11.959979
8.466347
5.704637
3.080604
0.000000
0.000000
0.000000
0.000000
0.000000
0.000000
0.000000
12.609805
28.662847
45.993758
62.437166
75.827704
84.000000
85.414843
81.037650
72.459995
61.273452
49.069596
37.440000
27.657489
19.719885
13.306262
8.095691
3.767246
0.000000
0.000000
0.000000
0.000000
0.000000
0.000000
0.000000
7.826148
17.584431
28.093904
38.173620
46.642634
52.320000
54.344650
53.135021
49.429427
43.966183
37.483602
30.720000
24.295252
18.355486
12.928389
8.041650
3.722957
0.000000
0.000000
0.000000
0.000000
0.000000
0.000000
0.000000
5.925164
13.294593
21.383539
29.467254
36.820990
42.720000
46.585004
48.418593
48.368827
46.583767
43.211471
38.400000
32.354822
25.511036
18.361153
11.397680
5.113126
0.000000
0.000000
0.000000
0.000000
0.000000
0.000000
0.480000
4.940116
10.082138
15.472602
20.678042
25.264997
28.800000
30.952713
31.805296
31.543032
30.351205
28.415100
25.920000
23.006808
19.638900
15.735270
11.214914
5.996826
0.000000
0.000000
0.000000
0.000000
0.000000
0.000000
0.480000
19.717416
44.080236
70.481183
95.832978
117.048343
131.040000
135.561391
131.728838
121.499381
106.830062
89.677921
72.000000
55.454796
40.506633
27.321292
16.064552
6.902195
0.000000
0.000000
0.000000
0.000000
0.000000
0.000000
0.480000
5.294174
10.728185
16.456904
22.155199
27.497941
32.160000
35.854992
38.451520
39.856934
39.978586
38.723824
36.000000
31.790304
26.381292
20.135359
13.414902
6.582317
0.000000
0.000000
0.000000
0.000000
0.000000
0.000000
0.480000
13.805638
30.254341
47.758119
64.248982
77.658939
85.920000
87.569212
83.563767
75.465894
64.837822
53.241781
42.240000
33.041959
25.446148
18.898305
12.844173
6.729491
0.000000
0.000000
0.000000
0.000000
0.000000
0.000000
0.480000
22.899569
51.413947
82.478157
112.547220
138.076161
155.520000
162.272107
159.479237
149.226489
133.598967
114.681770
94.560000
75.016448
56.624663
39.655886
24.381356
11.072314
0.000000
0.000000
0.000000
0.000000
0.000000
0.000000
0.480000
15.012919
32.229110
49.884244
65.733990
77.534019
83.040000
80.746222
72.101448
59.293057
44.508432
29.934953
17.760000
9.626637
5.000655
2.803526
1.956726
1.381726
0.000000
0.000000
0.000000
0.000000
0.000000
0.000000
0.480000
13.311108
30.028943
48.525126
66.691282
82.419032
93.600000
98.666113
98.210517
93.366658
85.267987
75.047951
63.840000
52.595549
41.537879
30.708241
20.147882
9.898052
0.000000
0.000000
0.000000
0.000000
0.000000
0.000000
0.480000
22.839906
50.488034
79.710246
106.792403
128.020368
139.680000
139.195352
128.543231
110.838638
89.196569
66.732024
46.560000
31.109799
20.067929
12.435203
7.212431
3.400427
0.000000
0.000000
0.000000
0.000000
0.000000
0.000000
0.960000
12.395053
26.925195
42.782592
58.199414
71.407827
80.640000
84.587667
83.780836
79.209080
71.861972
62.729088
52.800000
42.916499
33.329239
24.141090
15.454920
7.373600
0.000000
0.000000
0.000000
0.000000
0.000000
0.000000
0.960000
15.369271
33.070822
51.832662
69.422800
83.609243
92.160000
93.494359
88.636726
79.262788
67.048230
53.668739
40.800000
29.802182
20.773384
13.496185
7.753168
3.326913
0.000000
0.000000
0.000000
0.000000
0.000000
0.000000
0.960000
5.067945
10.129881
15.853930
21.948218
28.120867
34.080000
39.524640
44.117404
47.511807
49.361364
49.319590
47.040000
42.329049
35.604946
27.438841
18.401882
9.065219
0.000000
0.000000
0.000000
0.000000
0.000000
0.000000
0.960000
19.580959
42.917141
68.469840
93.740353
116.229974
133.440000
143.430331
146.495292
143.487810
135.260815
122.667235
106.560000
87.866604
67.812803
47.698920
28.825277
12.492196
0.000000
0.000000
0.000000
0.000000
0.000000
0.000000
1.440000
7.044825
12.648766
18.155038
23.466857
28.487439
33.120000
37.237446
40.591440
42.903339
43.894495
43.286264
40.800000
36.292059
30.158806
22.931607
15.141829
7.320837
0.000000
0.000000
0.000000
0.000000
0.000000
0.000000
1.440000
15.088446
32.010072
50.407459
68.483188
84.439842
96.480000
103.231897
105.026376
102.619931
96.769056
88.230248
77.760000
66.037298
53.431092
40.232819
26.733920
13.225834
0.000000
0.000000
0.000000
0.000000
0.000000
0.000000
2.400000
33.155953
71.242988
111.752007
149.773913
180.399609
198.720000
201.263944
190.312124
169.583180
142.795752
113.668478
85.920000
62.543828
43.632962
28.555274
16.678637
7.370921
0.000000
0.000000
0.000000
0.000000
0.000000
0.000000
1.920000
14.039859
28.596256
43.701831
57.469222
68.011065
73.440000
72.473154
66.245612
56.496950
44.966744
33.394569
23.520000
16.631971
12.216851
9.310367
6.948245
4.166214
0.000000
0.000000
0.000000
0.000000
0.000000
0.000000
2.880000
26.229960
55.897435
87.843302
118.028435
142.413709
156.960000
158.803422
149.781053
132.905209
111.188207
87.642365
65.280000
46.536352
31.538354
19.835863
10.978736
4.516829
0.000000
0.000000
0.000000
0.000000
0.000000
0.000000
0.960000
4.787852
9.550626
15.318775
22.162753
30.153010
39.360000
49.632978
59.936408
69.013558
75.607695
78.462086
76.320000
68.442460
56.161521
41.326994
25.788691
11.396422
0.000000
0.000000
0.000000
0.000000
0.000000
0.000000
2.880000
8.457703
14.559559
21.639143
30.150029
40.545790
53.280000
68.396452
84.299811
98.984961
110.446787
116.680172
115.680000
106.156490
89.681198
68.541012
45.022824
21.413524
0.000000
0.000000
0.000000
0.000000
0.000000
0.000000
3.360000
35.506492
74.203873
114.855029
152.862846
183.630207
202.560000
206.389778
197.195775
178.388893
153.380035
125.580103
98.400000
74.605506
54.381915
37.269398
22.808126
10.538269
0.000000
0.000000
0.000000
0.000000
0.000000
0.000000
3.360000
24.259487
49.774053
76.676543
101.739801
121.736672
133.440000
134.582746
126.738336
112.440313
94.222221
74.617602
56.160000
40.867309
28.694827
19.082205
11.469093
5.295141
0.000000
0.000000
0.000000
0.000000
0.000000
0.000000
3.360000
16.385056
32.771302
50.914328
69.209726
86.053086
99.840000
109.269534
114.254659
115.011821
111.757468
104.708045
94.080000
80.241253
64.165618
46.978387
29.804847
13.770288
0.000000
0.000000
0.000000
0.000000
0.000000
0.000000
3.840000
22.801369
45.618468
70.023088
93.747022
114.522062
130.080000
138.684624
140.727707
137.133017
128.824323
116.725395
101.760000
84.835691
66.795150
48.464844
30.671240
14.240803
0.000000
0.000000
0.000000
0.000000
0.000000
0.000000
4.320000
26.418299
52.873631
80.484732
106.050337
126.369181
138.240000
139.425300
131.542670
117.173466
98.899048
79.300773
60.960000
45.893832
33.862356
24.061404
15.686805
7.934394
0.000000
0.000000
0.000000
0.000000
0.000000
0.000000
4.800000
31.570911
65.163803
101.334918
135.840496
164.436776
182.880000
188.114765
181.839104
166.939407
146.302064
122.813465
99.360000
78.267806
59.622002
42.947453
27.769027
13.611587
0.000000
0.000000
0.000000
0.000000
0.000000
0.000000
4.800000
40.105036
83.837552
130.269428
173.672542
208.318773
228.480000
230.130289
216.052457
190.731508
158.652446
124.300275
92.160000
65.804919
45.161508
29.244539
17.068784
7.649014
0.000000
0.000000
0.000000
0.000000
0.000000
0.000000
1.920000
17.290491
36.476892
57.454123
78.197105
96.680758
110.880000
119.228001
121.990922
119.893172
113.659162
104.013302
91.680000
77.375283
61.781643
45.573187
29.424023
14.008258
0.000000
0.000000
0.000000
0.000000
0.000000
0.000000
6.720000
34.383478
68.306116
104.710500
139.819218
169.854856
191.040000
200.559667
199.448587
189.703920
173.322827
152.302467
128.640000
104.133411
79.783981
56.393819
34.765030
15.699721
0.000000
0.000000
0.000000
0.000000
0.000000
0.000000
3.360000
22.584272
45.149624
68.422965
89.771201
106.561244
116.160000
116.745109
109.737126
97.367338
81.867030
65.467489
50.400000
38.373071
29.004094
21.387685
14.618456
7.791023
0.000000
0.000000
0.000000
0.000000
0.000000
0.000000
8.160000
40.998719
82.507695
127.684620
171.527184
209.033080
235.200000
246.315849
243.829389
230.479597
209.005451
182.145926
152.640000
122.886775
93.925861
66.456991
41.179901
18.794326
0.000000
0.000000
0.000000
0.000000
0.000000
0.000000
9.120000
38.529468
73.681020
110.613252
145.364762
173.974146
192.480000
198.027299
192.186529
177.634551
157.048229
133.104424
108.480000
85.405779
64.328420
45.248543
28.166768
13.083714
0.000000
0.000000
0.000000
0.000000
0.000000
0.000000
4.800000
29.293656
59.574638
92.546355
125.112215
154.175627
176.640000
190.091347
194.846102
191.903305
182.261996
166.921215
146.880000
123.212069
97.289844
70.560425
44.470911
20.468403
0.000000
0.000000
0.000000
0.000000
0.000000
0.000000
10.080000
40.837528
77.060952
114.279591
148.022765
173.819794
187.200000
185.102841
170.108336
146.206642
117.387916
87.642316
60.960000
40.457773
25.759038
15.613843
8.772238
3.984274
0.000000
0.000000
0.000000
0.000000
0.000000
0.000000
4.320000
18.357966
36.418908
56.914205
78.255234
98.853373
117.120000
131.657626
141.833297
147.205191
147.331487
141.770364
130.080000
112.251529
90.007903
65.505030
40.898817
18.345171
0.000000
0.000000
0.000000
0.000000
0.000000
0.000000
8.160000
25.952325
46.002842
66.416210
85.297086
100.750130
110.880000
114.327774
111.880206
104.860471
94.591742
82.397194
69.600000
57.272136
45.480779
34.041908
22.771502
11.485539
0.000000
0.000000
0.000000
0.000000
0.000000
0.000000
12.000000
48.690906
94.034723
142.270496
187.637270
224.374089
246.720000
250.586024
238.571093
214.946116
183.982002
149.949661
117.120000
88.909442
65.316460
45.485039
28.559165
13.682823
0.000000
0.000000
0.000000
0.000000
0.000000
0.000000
11.520000
49.312395
95.684605
144.600051
190.022152
225.914328
246.240000
246.776434
230.556289
202.426068
167.232277
129.821419
95.040000
66.748534
44.863572
28.315676
16.035408
6.953329
0.000000
0.000000
0.000000
0.000000
0.000000
0.165265
12.960000
31.518188
54.094292
78.419418
102.224675
123.241166
139.200000
148.335596
150.895633
147.631100
139.292989
126.632292
110.400000
91.439427
70.963178
50.276182
30.683369
13.489665
0.000000
0.000000
0.000000
0.000000
0.000000
0.000000
10.560000
24.524897
40.439089
57.307136
74.133596
89.923031
103.680000
114.511491
121.934209
125.567287
125.029856
119.941049
109.920000
94.933581
76.339629
55.843718
35.151426
15.968328
0.000000
0.000000
0.000000
0.000000
0.000000
0.000000
13.920000
36.485241
63.195712
91.924918
120.546365
146.933557
168.960000
184.842629
194.172097
196.882486
192.907878
182.182355
164.640000
140.619798
112.080344
81.385139
50.897680
22.981467
0.000000
0.000000
0.000000
0.000000
0.000000
0.000000
15.360000
43.889703
76.791328
110.747022
142.438934
168.549210
185.760000
191.665229
187.505940
175.434952
157.605086
136.169162
113.280000
90.784935
69.309357
49.173171
30.696279
14.198588
0.000000
0.000000
0.000000
0.000000
0.000000
0.000000
7.680000
33.419389
64.419675
96.957367
127.308978
151.751019
166.560000
169.105191
161.126893
145.458166
124.932068
102.381660
80.640000
61.957624
46.254975
32.869969
21.140526
10.404564
0.000000
0.000000
0.000000
0.000000
0.000000
0.000000
9.120000
41.047353
80.429973
122.082205
160.818391
191.452875
208.800000
209.237389
195.395789
171.469224
141.651720
110.137304
81.120000
57.894201
40.155761
26.700900
16.325839
7.826799
0.000000
0.000000
0.000000
0.000000
0.000000
0.000000
10.560000
37.969236
72.452898
110.370395
148.081138
181.944536
208.320000
224.355026
230.349462
227.391243
216.568303
198.968577
175.680000
147.895104
117.224809
85.384633
54.090095
25.056711
0.000000
0.000000
0.000000
0.000000
0.000000
0.000000
17.760000
60.588883
111.467760
164.374471
213.286854
252.182751
275.040000
277.617687
262.799880
235.251894
199.639042
160.626640
122.880000
90.211480
63.021609
40.857954
23.268088
9.799580
0.000000
0.000000
0.000000
0.000000
0.000000
0.968374
11.520000
25.458510
41.768093
59.216889
76.573044
92.604700
106.080000
115.951789
121.911722
123.836153
121.601440
115.083937
104.160000
88.987665
70.851687
51.318497
31.954531
14.326220
0.000000
0.000000
0.000000
0.000000
0.000000
0.000000
8.640000
24.331027
42.333298
61.102071
79.092606
94.760163
106.560000
113.293898
115.149722
112.661858
106.364692
96.792611
84.480000
70.040048
54.401148
38.570498
23.555292
10.362728
0.000000
0.000000
0.000000
0.000000
0.000000
1.503146
11.520000
24.178530
38.233889
52.224897
64.690373
74.169134
79.200000
78.784414
73.774313
65.484259
55.228814
44.322541
34.080000
25.537149
18.615527
12.958067
8.207703
4.007369
0.000000
0.000000
0.000000
0.000000
0.000000
0.000000
4.800000
18.103780
35.201263
54.728037
75.319692
95.611816
114.240000
129.949001
141.920258
149.444379
151.811970
148.313642
138.240000
121.346882
99.251038
74.034449
47.779093
22.566950
0.480000
0.000000
0.000000
0.000000
0.000000
0.000000
21.600000
61.823678
109.922164
160.834248
209.498721
250.854375
279.840000
292.684039
290.773535
276.785184
253.395681
223.281721
189.120000
153.362390
117.561475
83.045017
51.140777
23.176517
0.480000
0.000000
0.000000
0.000000
0.000000
0.000000
20.160000
53.596446
92.471816
132.515984
169.458822
199.030203
216.960000
220.223371
210.776614
191.821315
166.559056
138.191423
109.920000
84.383405
61.968394
42.498757
25.798286
11.690770
0.000000
0.000000
0.000000
0.000000
0.000000
0.000000
16.320000
42.735665
74.961251
110.026617
144.961624
176.796132
202.560000
219.847663
228.511853
228.969876
221.639037
206.936643
185.280000
157.398126
125.266892
91.173879
57.406672
26.252851
0.000000
0.000000
0.000000
0.000000
0.000000
0.000000
19.680000
59.218103
105.975236
155.227696
202.251779
242.323781
270.720000
283.901090
283.065144
270.594611
248.871943
220.279589
187.200000
151.886424
116.075299
81.373859
49.389339
21.728975
0.000000
0.000000
0.000000
0.000000
0.000000
0.000000
16.800000
41.545169
69.425614
97.626327
123.332302
143.728529
156.000000
158.166113
151.583884
138.444737
120.940092
101.261372
81.600000
63.748158
47.901071
33.854726
21.405108
10.348204
0.480000
0.000000
0.000000
0.000000
0.000000
0.000000
13.440000
39.780150
71.838267
105.799831
137.850321
164.175218
180.960000
185.453698
179.159543
164.644314
144.474794
121.217762
97.440000
75.305057
55.363562
37.762911
22.650503
10.173733
0.480000
0.000000
0.000000
0.000000
0.000000
4.253972
18.240000
37.079540
58.682711
80.460926
99.825603
114.188156
120.960000
118.397989
108.140726
92.672254
74.476614
56.037849
39.840000
27.772950
19.349942
13.490059
9.112385
5.136005
0.480000
0.000000
0.000000
0.000000
0.000000
0.573688
21.120000
52.743980
91.594250
132.579899
170.610015
200.593686
217.440000
217.593868
203.643491
179.712892
149.926095
118.407123
89.280000
65.764992
47.467341
33.088532
21.330049
10.893376
0.480000
0.000000
0.000000
0.000000
0.000000
0.000000
19.200000
61.292579
113.801861
170.639547
225.717333
272.946918
306.240000
321.036856
318.892077
302.888833
276.110292
241.639624
202.560000
161.753330
121.296497
83.065123
48.934833
20.781251
0.480000
0.000000
0.000000
0.000000
0.000000
3.350928
12.000000
19.325156
25.717980
32.032175
39.121442
47.839483
59.040000
73.067331
88.228364
102.320624
113.141633
118.488917
116.160000
104.798852
86.435229
63.945331
40.205359
18.091515
0.480000
0.000000
0.000000
0.000000
0.000000
6.349467
22.080000
41.038776
62.455222
85.542454
109.513585
133.581729
156.960000
178.696527
197.179501
210.632129
217.277617
215.339172
203.040000
179.477339
147.244551
109.809030
70.638168
33.199361
0.960000
0.000000
0.000000
0.000000
0.000000
0.000000
8.640000
48.830636
96.461825
146.543962
194.087440
234.102655
261.600000
272.901116
269.572626
254.492400
230.538308
200.588218
167.520000
133.916011
101.176559
70.406437
42.710440
19.193363
0.960000
0.000000
0.000000
0.000000
0.000000
8.789442
31.680000
61.506856
95.316663
129.526153
160.552053
184.811092
198.720000
199.771072
189.758874
171.553536
148.025190
122.043967
96.480000
73.684410
53.932286
36.979704
22.582744
10.497483
0.480000
0.000000
0.000000
0.000000
0.000000
6.819434
28.800000
59.994890
97.175335
136.189702
172.886358
203.113668
222.720000
228.689155
222.546676
206.953543
184.570733
158.059226
130.080000
102.924046
77.402404
53.956126
33.026264
15.053872
0.480000
0.000000
0.000000
0.000000
0.000000
0.000000
12.480000
35.530642
63.169429
92.936060
122.370233
149.011647
170.400000
184.542772
191.318576
191.073807
184.154858
170.908124
151.680000
127.144935
99.289599
70.428713
42.877003
18.949191
0.960000
0.000000
0.000000
0.000000
0.000000
13.052891
29.760000
49.065121
70.298287
92.845928
116.094474
139.430355
162.240000
183.679808
201.986045
215.164948
221.222752
218.165690
204.000000
177.784537
142.788642
103.334279
63.743409
28.337995
1.440000
0.000000
0.000000
0.000000
0.000000
8.551219
23.520000
38.038394
51.462703
63.473972
73.753247
81.981575
87.840000
91.086601
91.787581
90.086175
86.125620
80.049150
72.000000
62.170758
50.951418
38.781327
26.099829
13.346272
0.960000
0.000000
0.000000
0.000000
0.000000
1.721320
31.200000
74.783332
128.026045
185.104603
240.195472
287.475116
321.120000
336.740749
335.684630
320.733069
294.667493
260.269328
220.320000
177.515892
134.213211
92.683119
55.196778
24.025351
1.440000
0.000000
0.000000
0.000000
0.000000
13.658157
29.760000
46.683606
64.114468
82.019064
100.363867
119.115354
138.240000
157.354341
174.675158
188.069291
195.403582
194.544871
183.360000
160.741252
129.682678
94.203772
58.324028
26.062939
1.440000
0.000000
0.000000
0.000000
0.000000
11.823371
28.800000
46.642807
64.314132
80.933744
95.621413
107.496908
115.680000
119.505897
119.171564
115.089404
107.671821
97.331219
84.480000
69.638049
53.755168
37.888640
23.095747
10.433773
0.960000
0.000000
0.000000
0.000000
1.100745
9.138133
19.680000
32.325431
46.462662
61.427212
76.554605
91.180360
104.640000
116.254145
125.283811
130.975114
132.574169
129.327093
120.480000
105.715768
86.464318
64.592333
41.966497
20.453491
1.920000
0.000000
0.000000
0.000000
0.000000
0.000000
24.480000
58.577541
98.775568
140.685455
179.918573
212.086297
232.800000
238.898163
232.127698
215.462629
191.876975
164.344758
135.840000
108.827586
83.735860
60.484031
38.991305
19.176892
0.960000
0.000000
0.000000
0.000000
0.000000
0.000000
18.240000
64.746442
121.828698
182.770973
240.857477
289.372417
321.600000
332.627182
324.751904
302.074858
268.696732
228.718216
186.240000
144.864831
106.203685
71.369596
41.475596
17.634720
0.960000
0.000000
0.000000
0.000000
6.289772
21.274016
39.840000
61.052304
83.991784
107.743368
131.391981
154.022549
174.720000
192.506180
206.150619
214.359770
215.840082
209.298009
193.440000
167.762977
134.925739
98.377553
61.567690
27.945416
0.960000
0.000000
0.000000
0.000000
0.000000
10.904773
41.280000
80.096041
124.061890
169.262379
211.782340
247.706603
273.120000
285.076147
284.503791
273.300467
253.363705
226.591038
194.880000
160.101595
124.020723
88.375755
54.905064
25.347021
1.440000
0.000000
0.000000
0.000000
0.000000
2.178654
30.240000
67.968513
111.606005
156.538187
198.150773
231.829473
252.960000
258.230698
249.540441
230.090736
203.083090
171.719009
139.200000
108.275362
79.885565
54.518869
32.663535
14.807825
1.440000
0.000000
0.000000
0.000000
0.000000
13.671913
33.600000
59.468783
89.369682
120.965974
151.920939
179.897854
202.560000
217.979236
225.861751
226.322314
219.475697
205.436669
184.320000
156.640939
124.516648
90.464768
57.002940
26.648804
1.920000
0.000000
0.000000
0.000000
0.000000
9.461450
41.280000
83.606586
132.761172
184.220783
233.462442
275.963173
307.200000
323.707760
326.252544
316.658257
296.748800
268.348080
233.280000
193.451262
151.099761
108.546191
68.111245
32.115617
2.880000
0.000000
0.000000
0.000000
0.000000
5.145007
40.320000
87.648858
142.777705
200.345892
254.992769
301.357688
334.080000
349.135153
347.842991
332.859454
306.840482
272.442017
232.320000
189.050529
144.890331
102.016294
62.605302
28.834243
2.880000
0.000000
0.000000
0.000000
0.000000
15.294346
44.640000
81.760764
123.784711
167.322224
208.983688
245.379485
273.120000
289.523099
294.736583
289.615732
275.015830
251.792158
220.800000
183.275727
141.980070
100.054848
60.641882
26.882993
1.920000
0.000000
0.000000
0.000000
0.000000
5.582536
16.800000
26.599413
34.976262
42.385648
49.282667
56.122418
63.360000
71.199467
78.840700
85.232534
89.323804
90.063348
86.400000
77.693829
64.949826
49.584218
33.013228
16.653080
1.920000
0.000000
0.000000
0.000000
0.000000
3.270998
28.800000
65.160853
108.774640
155.053403
199.409188
237.254039
264.000000
276.198035
274.954780
262.515793
241.126630
213.032847
180.480000
145.638119
110.375128
76.483424
45.755403
19.983463
0.960000
0.000000
0.000000
0.000000
0.000000
0.479968
9.120000
17.468373
25.881602
35.094533
45.842012
58.858885
74.880000
94.054798
114.191109
132.511359
146.237973
152.593378
148.800000
133.212435
108.713962
79.320032
49.046095
21.907601
1.920000
0.000000
0.000000
0.000000
9.577648
24.376219
40.320000
55.719045
70.140529
83.465910
95.576645
106.354189
115.680000
123.337247
128.715950
131.107844
129.804661
124.098135
113.280000
97.103079
77.164559
55.522715
34.235823
15.362159
0.960000
0.000000
0.000000
0.000000
0.000000
1.468783
8.640000
15.732956
22.714408
29.772097
37.093764
44.867152
53.280000
62.306628
71.067665
78.470315
83.421784
84.829277
81.600000
73.100530
60.534933
45.566644
29.859101
15.075741
2.880000
0.000000
0.000000
0.000000
0.000000
8.983315
25.440000
47.116691
72.312429
98.940921
124.915876
148.151000
166.560000
178.459765
183.779904
182.853207
176.012464
163.590465
145.920000
123.588694
98.203512
71.626252
45.718714
22.342697
3.360000
0.000000
0.000000
0.000000
0.000000
17.527637
48.000000
88.569472
135.052290
182.266603
225.030560
258.162309
276.480000
276.381099
260.580347
233.371802
199.049524
161.907570
126.240000
95.503910
69.808545
48.426188
30.629123
15.689633
2.880000
0.000000
0.000000
0.000000
0.000000
5.542788
34.080000
75.763042
126.569559
181.240032
234.514943
281.134772
315.840000
334.586794
338.194069
328.696425
308.128465
278.524790
241.920000
200.416450
156.387500
112.274267
70.517863
33.559402
3.840000
0.000000
0.000000
0.000000
0.000000
3.986490
36.000000
78.393919
126.908779
176.379700
221.641798
257.530192
278.880000
282.041362
269.424508
244.954692
212.557166
176.157185
139.680000
106.418413
77.135412
51.961533
31.027315
14.463291
2.400000
0.000000
0.000000
0.000000
0.000000
5.456317
16.800000
30.972747
47.298094
65.021769
83.389494
101.646996
119.040000
134.728470
147.529332
156.173751
159.392892
155.917920
144.480000
124.580039
98.797910
70.483227
42.985604
19.654657
3.840000
0.000000
0.283473
8.413342
19.740246
31.707895
41.760000
47.958910
50.841530
51.563405
51.280078
51.147095
52.320000
55.564098
60.083740
64.693039
68.206107
69.437056
67.200000
60.711366
50.796844
38.684440
25.602161
12.778012
1.440000
0.000000
0.000000
0.000000
0.000000
10.144227
33.600000
66.191321
104.243173
143.098760
178.101290
204.593968
217.920000
214.893165
198.209536
172.035759
140.538480
107.884345
78.240000
54.871574
37.443128
24.718205
15.460347
8.433097
2.400000
0.000000
0.000000
0.000000
0.000000
5.863266
24.960000
53.439610
88.991735
128.496105
168.832452
206.880507
239.520000
264.069912
279.606222
285.644157
281.698946
267.285818
241.920000
205.907409
162.716712
116.607267
71.838429
32.669554
3.360000
0.000000
0.000000
0.000000
0.000000
4.918187
15.840000
24.212999
30.393344
35.385626
40.194436
45.824364
53.280000
63.107552
74.019694
84.270719
92.114917
95.806580
93.600000
84.421238
69.883435
52.271500
33.870342
16.964872
3.840000
0.000000
0.000000
0.000000
2.572603
11.865042
23.520000
36.797672
50.961413
65.275370
79.003689
91.410517
101.760000
109.404040
114.045560
115.475238
113.483752
107.861780
98.400000
85.139501
69.123014
51.643679
33.994638
17.469031
3.360000
0.000000
0.000000
0.000000
0.000000
10.370985
35.040000
69.235346
110.040782
153.736138
196.601241
234.915919
264.960000
283.765107
291.370043
288.565403
276.141785
254.889785
225.600000
189.430892
149.012380
107.342250
67.418287
32.238275
4.800000
0.000000
0.000000
0.000000
0.000000
0.000000
10.560000
27.228250
45.021430
63.015367
80.285890
95.908825
108.960000
118.631231
124.578289
126.572935
124.386929
117.792030
106.560000
90.802382
71.989858
51.932892
32.441950
15.327498
2.400000
0.000000
0.000000
0.000000
8.316382
23.986867
45.120000
71.318432
101.023242
132.385118
163.554746
192.682811
217.920000
237.580365
250.631416
256.204030
253.429081
241.437446
219.360000
187.151220
148.059982
106.158764
65.520042
30.216296
4.320000
0.000000
0.000000
0.000000
3.868527
17.099595
30.240000
41.187533
50.287615
58.497574
66.774738
76.076438
87.360000
101.052889
115.463107
128.368790
137.548075
140.779100
135.840000
121.400911
99.699958
73.867266
47.032960
22.327163
2.880000
0.000000
0.000000
0.000000
0.000000
0.423359
10.080000
20.322993
31.734019
45.284155
61.944479
82.686068
108.480000
139.406782
171.984642
201.841236
224.604222
235.901258
231.360000
208.354323
171.242970
126.130901
79.123076
36.324456
3.840000
0.000000
0.000000
0.000000
2.939030
21.905364
42.720000
63.021972
82.663113
102.048454
121.583028
141.671866
162.720000
184.616185
205.184069
221.731021
231.564414
231.991616
220.320000
195.055510
159.498390
118.147460
75.501539
36.059446
4.320000
0.000000
0.000000
0.000000
0.000000
5.257266
31.680000
64.312942
100.536571
137.395989
171.936298
201.202601
222.240000
232.806454
233.511344
225.676907
210.625380
189.678998
164.160000
135.461240
105.258051
75.296382
47.322184
23.081406
4.320000
0.000000
0.000000
0.000000
0.000000
15.506488
38.400000
67.491090
100.329475
133.993358
165.560938
192.110418
210.720000
219.195945
218.256758
209.349005
193.919250
173.414060
149.280000
122.940686
95.727937
68.950624
43.917617
21.937785
4.320000
0.000000
0.000000
0.000000
0.000000
8.772577
31.200000
61.096289
95.523866
130.875377
163.543471
189.920796
206.400000
210.389087
203.357488
187.789992
166.171386
140.986460
114.720000
89.527364
66.246183
45.384656
27.450983
12.953365
2.400000
0.000000
0.000000
0.000000
0.415792
8.268970
18.720000
31.364583
45.664912
61.049803
76.948071
92.788531
108.000000
121.922433
133.540348
141.749404
145.445259
143.523572
134.880000
118.992352
97.667028
73.292581
48.257560
24.950516
5.760000
0.000000
0.000000
0.000000
0.000000
12.687698
37.440000
70.179450
108.162371
148.026326
186.408875
219.947580
245.280000
259.787374
263.825642
258.494422
244.893330
224.121984
197.280000
165.624388
131.041727
95.575987
61.271139
30.171153
4.320000
0.000000
0.000000
0.000000
0.000000
4.513405
37.920000
83.797543
137.746253
194.277492
247.902622
293.133004
324.480000
337.861421
334.820870
318.308401
291.274064
256.667913
217.440000
176.334551
135.272487
95.968904
60.138899
29.497565
5.760000
0.000000
0.000000
0.000000
0.000000
8.597381
31.680000
61.130610
94.504119
128.927169
161.526404
189.428467
209.760000
220.319406
221.592121
214.735343
200.906265
181.262086
156.960000
129.276211
99.962951
70.891461
43.932979
20.958745
3.840000
0.000000
0.000000
0.000000
0.000000
2.265155
9.120000
15.334122
21.279422
27.693281
35.313077
44.876190
57.120000
72.287763
88.646238
103.968063
116.025874
122.592308
121.440000
111.163717
93.646736
71.594467
47.712316
24.705691
5.280000
0.000000
0.000000
0.000000
0.000000
18.367151
49.440000
91.095687
139.517107
189.949254
237.637122
277.825706
305.760000
317.882103
315.422533
300.808914
276.468870
244.830024
208.320000
169.287014
129.761651
91.695090
57.038509
27.743086
5.760000
0.000000
0.000000
0.000000
1.421540
18.053188
40.320000
67.122503
95.866002
123.581999
147.301997
164.057497
170.880000
165.809036
150.916240
129.281275
103.983805
78.103492
54.720000
36.274688
22.655706
13.112900
6.896116
3.255201
1.440000
0.929989
2.123157
5.647124
12.129508
22.197927
36.480000
55.249800
77.367220
101.338603
125.670297
148.868647
169.440000
186.006365
197.652409
203.578463
202.984859
195.071928
179.040000
154.729185
124.538701
91.507544
58.674711
29.079197
5.760000
0.000000
0.000000
0.000000
0.000000
12.549061
34.560000
61.672119
92.041254
123.587009
154.228984
181.886780
204.480000
220.267963
228.868860
230.240602
224.341100
211.128262
190.560000
163.033809
130.705528
96.170581
62.024395
30.862393
5.280000
0.000000
0.000000
0.000000
0.000000
12.422167
46.080000
91.114537
143.222798
197.101128
247.445875
288.953384
316.320000
325.673939
318.870891
299.198414
269.944067
234.395410
195.840000
157.196374
119.906973
85.045216
53.684523
26.898311
5.760000
0.000000
0.000000
0.000000
0.000000
13.162458
41.760000
80.074694
124.754821
171.651897
216.617441
255.502969
284.160000
299.407324
301.932833
293.391690
275.439060
249.730109
217.920000
181.722675
143.087181
104.021343
66.532984
32.629928
4.320000
0.000000
0.000000
0.000000
0.000000
0.000000
19.680000
59.411646
105.736831
153.046907
195.733226
228.187140
244.800000
241.740331
222.285346
191.489434
154.406981
116.092374
81.600000
54.893699
35.575118
22.155357
13.145517
7.056698
2.400000
0.000000
0.000000
0.000000
0.000000
5.225277
19.200000
39.944580
65.790373
94.488095
123.788463
151.442192
175.200000
193.130137
204.570990
209.178481
206.608532
196.517065
178.560000
152.941539
122.059000
88.857979
56.284074
27.282882
4.800000
0.000000
0.000000
0.000000
1.730726
20.535851
46.080000
77.530300
112.902290
149.923613
186.321910
219.824825
248.160000
269.328426
282.424495
286.815946
281.870521
266.955959
241.440000
205.498217
162.537507
116.772601
72.418228
33.689118
4.800000
0.000000
0.000000
0.000000
0.000000
12.107570
26.400000
39.280292
50.747258
61.332805
71.568840
81.987269
93.120000
105.146793
116.838827
126.615132
132.894742
134.096687
128.640000
115.568091
96.421880
73.366666
48.567749
24.190428
2.400000
0.000000
0.000000
0.000000
0.000000
0.000000
22.080000
63.137421
112.634614
165.460524
216.504096
260.654273
292.800000
309.062806
310.494556
299.379700
278.002689
248.647973
213.600000
175.113578
135.324940
96.340674
60.267369
29.211615
5.280000
0.000000
0.000000
0.000000
0.000000
15.018901
40.800000
73.330453
110.376766
149.328909
187.576850
222.510557
251.520000
272.386419
284.456139
287.466760
281.155878
265.261092
239.520000
204.323873
162.678677
118.244052
74.679638
35.645074
4.800000
0.000000
0.000000
0.000000
0.000000
13.814167
45.120000
84.457103
128.671382
174.087825
217.031418
253.827148
280.800000
295.122388
297.356429
288.911668
271.197646
245.623909
213.600000
176.715567
137.280678
97.785504
60.720218
28.574993
3.840000
0.000000
0.000000
0.000000
0.000000
11.938341
35.520000
64.465279
96.493659
129.009231
159.416085
185.118311
203.520000
212.652428
213.055614
205.896760
192.343071
173.561749
150.720000
125.025008
97.843886
70.583730
44.651633
21.454692
2.400000
0.000000
0.000000
0.000000
0.000000
3.175040
27.360000
60.362609
99.062968
139.582982
178.044556
210.569593
233.280000
243.277579
241.583730
230.199749
211.126936
186.366587
157.920000
127.702630
97.286557
68.158021
41.803257
19.708504
3.360000
0.000000
0.000000
0.000000
0.060037
10.819397
24.480000
40.318654
58.184392
78.069305
99.965484
123.865019
149.760000
177.120151
203.325725
225.234611
239.704694
243.593861
233.760000
208.414077
171.179373
127.032252
80.949075
37.906204
2.880000
0.000000
0.000000
0.000000
0.000000
0.000000
25.920000
60.213974
98.291281
136.722229
172.077125
200.926280
219.840000
226.329449
221.669206
208.074706
187.761382
162.944669
135.840000
108.448230
81.911895
57.158948
35.117347
16.715046
2.880000
0.000000
0.000000
0.000000
0.000000
0.208482
8.160000
17.414583
28.101911
40.523049
54.979066
71.771027
91.200000
113.066260
135.166920
154.798302
169.256728
175.838520
171.840000
155.615933
129.754854
97.903743
63.709578
30.819337
2.880000
0.000000
0.000000
0.000000
0.000000
5.968576
41.280000
88.912920
144.021602
200.629350
252.759464
294.435247
319.680000
324.251646
310.846594
283.895873
247.830514
207.081546
166.080000
128.516052
95.116467
65.867158
40.754035
19.763012
2.880000
0.000000
0.000000
0.000000
0.000000
6.246406
33.120000
70.767363
115.893382
164.290856
211.752584
254.071366
287.040000
307.317511
315.027822
311.161079
296.707429
272.657021
240.000000
200.124814
156.013109
111.044829
68.599921
32.058329
4.800000
0.000000
0.000000
0.000000
0.000000
6.960773
19.680000
31.515589
42.494583
53.116750
63.881863
75.289689
87.840000
101.643300
115.253037
126.833393
134.548551
136.562692
131.040000
116.917876
96.226602
71.769677
46.350601
22.772876
3.840000
0.000000
0.000000
0.000000
0.000000
10.130249
29.280000
53.148015
79.824512
107.098727
132.759891
154.597237
170.400000
178.478303
179.225840
173.557194
162.386949
146.629690
127.200000
105.094327
81.636572
58.232498
36.287868
17.208448
2.400000
0.000000
0.000000
0.000000
0.000000
0.858741
11.520000
24.423677
38.376381
52.056239
64.141377
73.309922
78.240000
78.038683
73.528826
65.962229
56.590692
46.666016
37.440000
29.861591
23.668315
18.294845
13.175854
7.746015
1.440000
0.000000
0.000000
0.000000
0.000000
0.000000
15.360000
45.896369
84.482247
127.031591
169.458360
207.676510
237.600000
255.995126
263.037543
259.755245
247.176226
226.328479
198.240000
164.252016
126.958692
89.267429
54.085626
24.320683
2.880000
0.000000
0.000000
0.000000
2.845713
13.584343
24.000000
32.385186
39.446113
46.492419
54.833743
65.779724
80.640000
99.966888
121.283415
141.355285
156.948203
164.827873
161.760000
145.756150
119.811338
88.166440
55.062333
24.739894
1.440000
0.000000
0.000000
0.000000
0.000000
7.943661
20.640000
32.676467
43.477056
52.757736
60.234474
65.623239
68.640000
69.112286
67.313873
63.630100
58.446305
52.147826
45.120000
37.709945
30.111895
22.481863
14.975861
7.749902
0.960000
0.000000
0.000000
0.000000
0.000000
0.000000
7.200000
24.453878
46.178367
70.468344
95.418690
119.124282
139.680000
155.454333
165.910211
170.784175
169.812767
162.732529
149.280000
129.579903
105.309680
78.534955
51.321352
25.734492
3.840000
0.000000
0.000000
0.000000
0.000000
0.000000
21.600000
56.611429
98.130491
141.861032
183.506899
218.771939
243.360000
254.083783
252.191414
240.039871
219.986134
194.387184
165.600000
135.724549
105.832744
76.739486
49.259675
24.208213
2.400000
0.000000
0.000000
0.000000
0.000000
0.000000
13.440000
52.581140
100.239031
151.291768
200.617445
243.094158
273.600000
288.288529
288.415153
276.510742
255.106166
226.732295
193.920000
159.004743
123.540356
88.885263
56.397890
27.436661
3.360000
0.000000
0.000000
0.000000
0.000000
2.616616
35.520000
81.251925
134.979283
190.641920
242.179686
283.532430
308.640000
313.188687
299.850557
273.044115
237.187870
196.700330
156.000000
118.799991
85.991824
57.761619
34.295498
15.779585
2.400000
0.000000
0.000000
0.000000
0.000000
2.621332
12.000000
23.041289
34.932915
46.820739
57.850622
67.168422
73.920000
77.463499
78.006191
75.967632
71.767377
65.824981
58.560000
50.346938
41.380098
31.808731
21.782092
11.449430
0.960000
0.000000
0.000000
0.000000
0.000000
0.000000
7.200000
36.380285
72.424007
110.621501
146.263107
174.639161
191.040000
192.158998
180.301666
159.176553
132.492206
103.957172
77.280000
55.417057
38.315995
25.172286
15.181403
7.538817
1.440000
0.000000
0.000000
0.000000
0.000000
4.432005
18.720000
39.445182
64.853261
92.630509
120.463200
146.037606
167.040000
181.564277
189.334827
190.483662
185.142794
173.444236
155.520000
131.862154
104.402987
75.434843
47.250068
22.141005
2.400000
0.000000
0.000000
0.000000
0.000000
4.856187
22.080000
43.378306
67.295222
92.197299
116.451086
138.423136
156.480000
169.259667
176.485886
178.153841
174.258721
164.795712
149.760000
129.425247
105.179013
78.687336
51.616251
25.631793
2.400000
0.000000
0.000000
0.000000
0.000000
0.000000
12.480000
52.999593
102.046522
154.005407
203.260868
244.197526
271.200000
280.184505
273.193629
253.801557
225.582473
192.110559
156.960000
123.202389
91.898961
63.608363
38.889240
18.300237
2.400000
0.000000
0.000000
0.000000
0.000000
4.017383
21.600000
44.902740
72.290048
101.771675
131.357375
159.056899
182.880000
201.094209
212.998171
218.148308
216.101043
206.412800
188.640000
162.864867
131.272823
96.575092
61.482896
28.707458
0.960000
0.000000
0.000000
0.000000
0.000000
0.000000
12.960000
49.096507
91.698367
136.379613
178.754278
214.436396
239.040000
249.329871
246.673775
233.590226
212.597738
186.214825
156.960000
127.072899
97.677645
69.619483
43.743658
20.895416
1.920000
0.000000
0.000000
0.000000
0.000000
0.000000
22.080000
56.201856
97.050885
140.673150
183.114715
220.421644
248.640000
264.698487
269.056371
263.055558
248.037955
225.345466
196.320000
162.477529
126.030297
89.364617
54.866800
24.923157
1.920000
0.000000
0.000000
0.000000
0.000000
3.279684
20.160000
40.147994
62.128835
84.971490
107.544924
128.718106
147.360000
162.405516
173.053332
178.568068
178.214344
171.256782
156.960000
135.169942
108.057838
78.376239
48.877699
22.314768
1.440000
0.000000
0.000000
0.000000
0.000000
1.490812
16.320000
33.757861
52.334226
70.475859
86.609523
99.161982
106.560000
107.704952
103.396668
94.909590
83.518157
70.496814
57.120000
44.475663
32.905767
22.565783
13.611180
6.197429
0.480000
0.000000
0.000000
0.000000
0.000000
4.200135
12.960000
24.703639
38.604291
53.625103
68.729226
82.879808
95.040000
104.299713
110.255908
112.632310
111.152643
105.540632
95.520000
81.155288
63.874300
45.445657
27.637979
12.219887
0.960000
0.000000
0.000000
0.000000
3.930995
12.404265
22.080000
32.130394
42.195916
52.034102
61.402487
70.058608
77.760000
84.223732
89.005001
91.618533
91.579059
88.401305
81.600000
70.983565
57.535192
42.531765
27.250168
12.967285
0.960000
0.000000
0.000000
0.000000
0.000000
0.000000
8.640000
24.868410
44.807889
67.550611
92.188754
117.814491
143.520000
168.184353
189.834215
206.283149
215.344716
214.832479
202.560000
177.460844
142.948584
103.556794
63.819050
28.268927
1.440000
0.000000
0.000000
0.000000
0.000000
11.202924
25.920000
39.685628
52.650060
65.484505
78.860171
93.448266
109.920000
128.400773
146.832754
162.612306
173.135790
175.799567
168.000000
148.269058
119.681145
86.446272
52.774449
22.875688
0.960000
0.000000
0.000000
0.000000
2.735303
12.788792
21.120000
25.796746
28.290420
30.923301
36.017671
45.895810
62.880000
88.125577
118.120101
148.184189
173.638457
189.803522
192.000000
177.176503
148.793622
111.939945
71.704057
33.174547
1.440000
0.000000
0.000000
0.000000
0.000000
0.000000
24.960000
57.303182
93.771401
131.695924
168.408019
201.238955
227.520000
245.072192
253.675653
253.600272
245.115943
228.492555
204.000000
172.343604
135.970433
97.762987
60.603766
27.375270
0.960000
0.000000
0.000000
0.000000
0.000000
0.808587
24.000000
53.262835
85.939110
118.945896
149.200260
173.619272
189.120000
193.486383
187.969834
174.688638
155.761078
133.305437
109.440000
86.031635
63.941554
43.779553
26.155429
11.678979
0.960000
0.000000
0.000000
0.000000
0.000000
6.307534
17.280000
30.737836
45.704868
61.067848
75.713529
88.528662
98.400000
104.439358
106.658801
105.295459
100.586458
92.768929
82.080000
68.893622
54.131039
38.850318
24.109526
10.966731
0.480000
0.000000
0.000000
0.000000
0.000000
4.764145
17.760000
34.786202
54.796341
76.516603
98.673176
119.992246
139.200000
155.104592
166.842037
173.630318
174.687418
169.231318
156.480000
136.195431
110.315511
81.322123
51.697153
23.922484
0.480000
0.000000
0.000000
0.000000
0.000000
0.000000
22.560000
58.632052
101.158586
146.093125
189.389191
227.000309
254.880000
269.924772
272.803068
265.126313
248.505932
224.553353
194.880000
161.159969
125.318031
89.341625
55.218191
24.935169
0.480000
0.000000
0.000000
0.000000
0.000000
0.000000
12.000000
39.125291
70.236064
102.149620
131.683260
155.654286
170.880000
175.076816
169.557600
156.534332
138.218990
116.823553
94.560000
73.331889
53.809089
36.353052
21.325225
9.087058
0.000000
0.000000
0.000000
0.000000
0.000000
0.000000
4.320000
11.210038
18.842300
26.873107
34.958779
42.755636
49.920000
56.113108
61.015870
64.314113
65.693664
64.840351
61.440000
55.319752
46.871998
36.630441
25.128787
12.900739
0.480000
0.000000
0.000000
0.000000
0.000000
0.000000
13.440000
49.586489
94.165669
141.793074
187.084240
224.654704
249.120000
256.572826
249.014520
229.923584
202.778518
171.057824
138.240000
107.279986
79.038474
53.852590
32.059464
13.996224
0.000000
0.000000
0.000000
0.000000
0.000000
0.000000
5.280000
20.102210
37.244073
55.103184
72.077144
86.563550
96.960000
102.068374
102.307680
98.501206
91.472242
82.044077
71.040000
59.199849
46.929653
34.551992
22.389444
10.764587
0.000000
0.000000
0.000000
0.000000
0.000000
0.000000
12.000000
39.291225
73.175514
110.384701
147.650621
181.705109
209.280000
227.729534
236.897569
237.250370
229.254200
213.375322
190.080000
160.201750
126.043098
90.273819
55.563692
24.582493
0.000000
0.000000
0.000000
0.000000
0.000000
0.000000
19.680000
45.693280
74.787854
104.408767
132.001066
155.009795
170.880000
177.718972
176.282990
167.990578
154.260259
136.510558
116.160000
94.539720
72.631297
51.328922
31.526787
14.119083
0.000000
0.000000
0.000000
0.000000
0.000000
0.000000
10.560000
30.067238
52.965855
77.076145
100.218402
120.212923
134.880000
142.555565
143.638091
139.041688
129.680465
116.468533
100.320000
82.181614
63.130670
44.277103
26.730847
11.601835
0.000000
0.000000
0.000000
0.000000
0.000000
0.000000
5.280000
13.433131
22.365750
31.783303
41.391233
50.894984
60.000000
68.358385
75.408881
80.536890
83.127811
82.567048
78.240000
69.817772
58.114279
44.229138
29.261966
14.312381
0.480000
0.000000
0.000000
0.000000
0.000000
0.000000
16.800000
48.924570
87.465270
127.644631
164.685185
193.809464
210.240000
210.642305
197.453808
174.554920
145.826049
115.147606
86.400000
62.668433
43.857275
29.075690
17.432840
8.037889
0.000000
0.000000
0.000000
0.000000
0.000000
0.000000
6.240000
26.722375
52.367688
80.575023
108.743464
134.272095
154.560000
167.533203
173.225490
172.197588
165.010221
152.224116
134.400000
112.315923
87.619240
62.174627
37.846764
16.500329
0.000000
0.000000
0.000000
0.000000
0.000000
0.000000
9.120000
21.096110
33.786113
46.349757
57.946788
67.736953
74.880000
78.736903
79.473553
77.457069
73.054570
66.633174
58.560000
49.220722
39.075229
28.601966
18.279377
8.585907
0.000000
0.000000
0.000000
0.000000
0.000000
0.165419
15.360000
37.267328
64.093760
93.497770
123.137830
150.672416
173.760000
190.430478
200.199429
202.953855
198.580758
186.967139
168.000000
142.059650
111.499636
79.166809
47.908026
20.570138
0.000000
0.000000
0.000000
0.000000
0.000000
1.334532
10.560000
18.883333
26.145583
32.517562
38.170083
43.273958
48.000000
52.411303
56.140085
58.710846
59.648085
58.476304
54.720000
48.129234
39.356300
29.279055
18.775353
8.723050
0.000000
0.000000
0.000000
0.000000
0.000000
0.000000
10.080000
26.210382
45.358178
65.509212
84.649310
100.764298
111.840000
116.395597
115.083686
109.090218
99.601147
87.802424
74.880000
61.833897
48.920413
36.209914
23.772768
11.679341
0.000000
0.000000
0.000000
0.000000
0.000000
0.000000
11.040000
43.406400
83.545380
126.909586
168.951661
205.124251
230.880000
242.816697
242.112706
231.091533
212.076686
187.391673
159.360000
130.069034
100.661575
72.044283
45.123817
20.806836
0.000000
0.000000
0.000000
0.000000
0.000000
0.000000
9.120000
42.857853
83.298895
125.710377
165.359554
197.513678
217.440000
221.768088
212.576761
193.307155
167.400403
138.297640
109.440000
83.647574
61.256282
41.981002
25.536610
11.637983
0.000000
0.000000
0.000000
0.000000
0.000000
0.000000
9.120000
32.512627
60.884611
91.043646
119.797427
143.953647
160.320000
166.554543
163.716780
153.716578
138.463803
119.868321
99.840000
80.026979
61.030490
43.190042
26.845140
12.335290
0.000000
0.000000
0.000000
0.000000
0.000000
0.000000
12.000000
36.242851
65.364477
96.136940
125.332306
149.722638
166.080000
172.042163
168.709724
158.048985
142.026250
122.607820
101.760000
81.186273
61.538849
43.207119
26.580474
12.048304
0.000000
0.000000
0.000000
0.000000
0.000000
0.000000
9.600000
29.976084
54.348301
80.182727
104.945435
126.102501
141.120000
148.102921
147.711917
141.246555
130.006403
115.291029
98.400000
80.521120
62.395142
44.651052
27.917840
12.824493
0.000000
0.000000
0.000000
0.000000
0.000000
0.000000
6.240000
26.537379
50.845905
76.452003
100.642101
120.702624
133.920000
138.326775
134.939976
125.522752
111.838249
95.649616
78.720000
62.533299
47.456413
33.576990
20.982681
9.761135
0.000000
0.000000
0.000000
0.000000
0.000000
0.000000
6.720000
26.528812
50.823878
77.065864
102.715436
125.233259
142.080000
151.306948
153.327896
149.147258
139.769452
126.198894
109.440000
90.505618
70.442318
50.305104
31.148978
14.028942
0.000000
0.000000
0.000000
0.000000
0.000000
0.000000
6.240000
23.367612
43.830797
66.085592
88.588033
109.794157
128.160000
142.347861
151.845092
156.345307
155.542120
149.129146
136.800000
118.612055
96.077725
71.073182
45.474598
21.158147
0.000000
0.000000
0.000000
0.000000
0.000000
0.000000
10.560000
43.263384
82.395130
123.738951
163.078560
196.197672
218.880000
228.024769
224.993251
212.262231
192.308493
167.608821
140.640000
113.555319
87.214089
62.152126
38.905246
18.009265
0.000000
0.000000
0.000000
0.000000
0.000000
0.000000
9.600000
41.751082
80.682116
122.030812
161.434884
194.532043
216.960000
225.517272
221.645589
207.947485
187.025497
161.482157
133.920000
106.608720
80.486641
56.159246
34.232019
15.310442
0.000000
0.000000
0.000000
0.000000
0.000000
0.000000
4.800000
23.595438
45.686408
68.698631
90.257824
107.989707
119.520000
123.141511
119.815407
111.169947
98.833387
84.433986
69.600000
55.669631
42.820853
30.941583
19.919739
9.643239
0.000000
0.000000
0.000000
0.000000
0.000000
0.000000
8.160000
33.603841
64.881088
98.143534
129.542973
155.231197
171.360000
175.175780
168.303354
153.462142
133.371565
110.751044
88.320000
68.288592
50.829939
35.607896
22.286321
10.529070
0.000000
0.000000
0.000000
0.000000
0.000000
0.000000
5.760000
30.069785
60.284722
93.107013
125.238855
153.382451
174.240000
185.293232
187.141998
181.165677
168.743650
151.255298
130.080000
106.583953
82.080620
57.870280
35.253210
15.529691
0.000000
0.000000
0.000000
0.000000
0.000000
0.000000
6.720000
20.943339
36.986183
53.536901
69.283863
82.915440
93.120000
98.886800
100.408636
98.179192
92.692149
84.441191
73.920000
61.665017
48.383717
34.826333
21.743097
9.884241
0.000000
0.000000
0.000000
0.000000
0.000000
0.000000
3.360000
15.773570
30.359193
45.531758
59.706155
71.297272
78.720000
80.843700
78.355622
72.397490
64.111027
54.637956
45.120000
36.462742
28.627207
21.338280
14.320846
7.299791
0.000000
0.000000
0.000000
0.000000
0.000000
0.000000
4.320000
27.260372
55.826148
86.284162
114.901252
137.944252
151.680000
153.470956
145.062081
129.293962
109.007184
87.042335
66.240000
48.862471
34.858862
23.599992
14.456679
6.799742
0.000000
0.000000
0.000000
0.000000
0.000000
0.000000
5.760000
24.240893
47.291257
72.395721
97.038914
118.705464
134.880000
143.637270
145.412502
141.231044
132.118242
119.099445
103.200000
85.423360
66.685401
47.880104
29.901450
13.643422
0.000000
0.000000
0.000000
0.000000
0.000000
0.000000
4.800000
23.299479
45.451018
69.085729
92.034722
112.129109
127.200000
135.583905
137.638920
134.228542
126.216266
114.465587
99.840000
83.202681
65.415523
47.340102
29.837992
13.770766
0.000000
0.000000
0.000000
0.000000
0.000000
0.000000
4.800000
25.349160
49.975195
75.935699
100.488271
120.890505
134.400000
139.031319
135.826901
126.586154
113.108483
97.193296
80.640000
64.930008
50.272756
36.559686
23.682242
11.531866
0.000000
0.000000
0.000000
0.000000
0.000000
0.000000
6.720000
36.010948
72.243385
110.999911
147.863123
178.415620
198.240000
204.138670
197.793273
182.105257
159.976072
134.307170
108.000000
83.496593
61.401302
41.859063
25.014810
11.013477
0.000000
0.000000
0.000000
0.000000
0.000000
0.000000
2.880000
15.470239
30.325957
46.026972
61.153104
74.284174
84.000000
89.217418
90.201321
87.553621
81.876228
73.771051
63.840000
52.686757
40.922091
29.158542
18.008651
8.084956
0.000000
0.000000
0.000000
0.000000
0.000000
0.000000
3.360000
12.711031
23.436657
34.292623
44.034672
51.418550
55.200000
54.544769
50.258616
43.557301
35.656586
27.772232
21.120000
16.567671
13.591103
11.318175
8.876763
5.394745
0.000000
0.000000
0.000000
0.000000
0.000000
0.000000
1.920000
29.978587
65.736568
104.361822
141.022226
170.885660
189.120000
192.283328
182.494534
163.262712
138.096953
110.506351
84.000000
61.419212
42.934184
28.047332
16.261073
7.077823
0.000000
0.000000
0.000000
0.000000
0.000000
0.000000
2.400000
12.599272
24.693118
37.200826
48.641683
57.534979
62.400000
62.216422
57.805465
50.448737
41.427845
32.024397
23.520000
16.903930
11.996134
8.324227
5.415826
2.798545
0.000000
0.000000
0.000000
0.000000
0.000000
0.000000
1.920000
12.980188
26.968307
42.138353
56.744319
69.040203
77.280000
80.193609
78.414547
73.052234
65.216092
56.015540
46.560000
37.743153
29.595727
21.932710
14.569090
7.319858
0.000000
0.000000
0.000000
0.000000
0.000000
0.000000
3.840000
25.068399
51.407423
79.399583
105.587392
126.513360
138.720000
139.779293
131.381097
116.244741
97.089554
76.634864
57.600000
42.123319
30.019301
20.521452
12.863280
6.278293
0.000000
0.000000
0.000000
0.000000
0.000000
0.000000
2.880000
21.838074
45.502788
70.800740
94.658528
114.002749
125.760000
127.753608
121.393814
108.987587
92.841896
75.263710
58.560000
44.547493
33.081956
23.528913
15.253889
7.622410
0.000000
0.000000
0.000000
0.000000
0.000000
0.000000
2.880000
26.013499
54.977928
86.044041
115.482589
139.564324
154.560000
157.809586
150.929925
136.607075
117.527098
96.376053
75.840000
58.068157
43.062373
30.287658
19.209018
9.291463
0.000000
0.000000
0.000000
0.000000
0.000000
0.000000
3.360000
27.202917
56.713075
88.023169
117.265891
140.573937
154.080000
155.068322
145.429339
128.205032
106.437385
83.168380
61.440000
43.674904
29.818458
19.196703
11.135681
4.961432
0.000000
0.000000
0.000000
0.000000
0.000000
0.000000
0.480000
9.854634
21.616452
34.570676
47.522528
59.277229
68.640000
74.671626
77.455141
77.329139
74.632218
69.702973
62.880000
54.496639
44.865208
34.292767
23.086377
11.553101
0.000000
0.000000
0.000000
0.000000
0.000000
0.000000
2.880000
31.284981
66.389787
103.528056
138.033423
165.239526
180.480000
180.507148
167.747932
146.047982
119.252924
91.208387
65.760000
45.906427
31.258483
20.580017
12.634881
6.186925
0.000000
0.000000
0.000000
0.000000
0.000000
0.000000
1.920000
22.545000
48.508970
76.412181
102.854908
124.437423
137.760000
140.403967
133.874874
120.659325
103.243927
84.115283
65.760000
50.150243
37.200425
26.310518
16.880496
8.310332
0.000000
0.000000
0.000000
0.000000
0.000000
0.000000
2.400000
25.478404
54.216977
84.815071
113.472038
136.387230
149.760000
150.922434
141.737553
125.201113
104.308871
82.056581
61.440000
44.807417
31.917256
21.880476
13.808034
6.810889
0.000000
0.000000
0.000000
0.000000
0.000000
0.000000
2.400000
23.587652
50.242383
79.011587
106.542661
129.483000
144.480000
149.108158
144.650378
133.316666
117.317029
98.861471
80.160000
63.021938
47.653883
33.861747
21.451446
10.228892
0.000000
0.000000
0.000000
0.000000
0.000000
0.000000
2.400000
24.523931
51.827533
80.892874
108.302021
130.637040
144.480000
147.400188
140.915776
127.532158
109.754727
90.088877
71.040000
54.604207
40.740474
28.898494
18.527959
9.078564
0.000000
0.000000
0.000000
0.000000
0.000000
0.000000
1.440000
25.068300
54.645768
86.446038
116.742744
141.809520
157.920000
162.390484
156.707934
143.401982
125.002256
104.038385
83.040000
64.083099
47.429161
32.886035
20.261567
9.363606
0.000000
0.000000
0.000000
0.000000
0.000000
0.000000
1.440000
18.152868
38.624715
60.398446
81.016966
98.023182
108.960000
112.062518
108.334609
99.472337
87.171768
73.128967
59.040000
46.283726
34.970184
24.892207
15.842628
7.614281
0.000000
0.000000
0.000000
0.000000
0.000000
0.000000
1.440000
18.648182
39.988966
62.792445
84.388715
102.107868
113.280000
115.993581
111.370590
101.291382
87.636310
72.285732
57.120000
43.670826
32.075340
22.122028
13.599377
6.295872
0.000000
0.000000
0.000000
0.000000
0.000000
0.000000
0.960000
12.672268
26.896903
41.715949
55.211452
65.465454
70.560000
69.192259
62.519895
52.315697
40.352456
28.402961
18.240000
11.200921
6.881297
4.441261
3.040945
1.840481
0.000000
0.000000
0.000000
0.000000
0.000000
0.000000
0.960000
13.167286
28.694590
45.301711
60.748452
72.794615
79.200000
78.417906
71.675613
60.893899
47.993541
34.895316
23.520000
15.329979
9.954068
6.562692
4.326272
2.415234
0.000000
0.000000
0.000000
0.000000
0.000000
0.000000
0.960000
13.870197
30.484589
48.735971
66.557137
81.880882
92.640000
97.297035
96.433532
91.160783
82.590082
71.832723
60.000000
48.070551
36.492395
25.580898
15.651423
7.019336
0.000000
0.000000
0.000000
0.000000
0.000000
0.000000
0.960000
8.908627
18.257835
27.996601
37.113899
44.598707
49.440000
50.918065
49.478440
45.857972
40.793511
35.021904
29.280000
24.134667
19.472849
15.011510
10.467613
5.558122
0.000000
0.000000
0.000000
0.000000
0.000000
0.000000
0.960000
19.654488
43.144273
68.224536
91.690458
110.337219
120.960000
121.318781
113.032743
98.685866
80.862129
62.145514
45.120000
31.799276
21.915865
14.632000
9.109913
4.511836
0.000000
0.000000
0.000000
0.000000
0.000000
0.000000
0.480000
15.228708
33.864508
53.943468
73.021658
88.655145
98.400000
100.512162
96.047060
86.759993
74.406261
60.741164
47.520000
36.147087
26.622806
18.596558
11.717741
5.635755
0.000000
0.000000
0.000000
0.000000
0.000000
0.000000
0.480000
13.854947
30.570331
48.548340
65.711162
79.980986
89.280000
92.105164
89.252516
82.092866
71.997024
60.335799
48.480000
37.568843
27.815162
19.200197
11.705188
5.311376
0.000000
0.000000
0.000000
0.000000
0.000000
0.000000
0.480000
8.253294
17.597486
27.354413
36.365915
43.473831
47.520000
47.700690
44.629885
39.276000
32.607448
25.592643
19.200000
14.175058
10.371863
7.421588
4.955404
2.604484
0.000000
0.000000
0.000000
0.000000
0.000000
0.000000
0.480000
10.093074
22.133045
34.847819
46.485300
55.293392
59.520000
57.981959
51.771823
42.551075
31.981200
21.723680
13.440000
8.336867
5.801884
4.767879
4.167679
2.934110
0.000000
0.000000
0.000000
0.000000
0.000000
0.000000
0.480000
21.531954
48.444449
77.322493
104.271094
125.395260
136.800000
135.786057
124.437122
106.032622
83.851984
61.174634
41.280000
26.688262
16.882618
10.587018
6.525415
3.421758
0.000000
0.000000
0.000000
0.000000
0.000000
0.000000
0.480000
16.685940
37.369981
59.735766
80.986936
98.327134
108.960000
110.899792
105.403226
94.537632
80.370343
64.968688
50.400000
38.286004
28.466006
20.333706
13.282805
6.707002
0.000000
0.000000
0.000000
0.000000
0.000000
0.000000
0.000000
19.807005
44.585211
70.856115
95.141216
113.962012
123.840000
122.384675
111.557515
94.407994
73.985585
53.339762
35.520000
22.840961
14.678062
9.671910
6.463112
3.692273
0.000000
0.000000
0.000000
0.000000
0.000000
0.000000
0.000000
20.037557
45.636548
73.190630
99.093461
119.738699
131.520000
131.913847
122.728017
106.853115
87.179743
66.598504
48.000000
33.627057
23.131383
15.516909
9.787567
4.947287
0.000000
0.000000
0.000000
0.000000
0.000000
0.000000
0.000000
17.254569
39.109478
62.626102
84.865815
102.889989
113.760000
115.390464
109.108968
97.096344
81.533421
64.601029
48.480000
34.930242
24.027982
15.428522
8.787169
3.759227
0.000000
0.000000
0.000000
0.000000
0.000000
0.000000
0.480000
5.064378
10.526707
16.273211
21.710112
26.243634
29.280000
30.389477
29.798510
27.897589
25.077204
21.727844
18.240000
14.928826
11.808143
8.816433
5.892183
2.973877
0.000000
0.000000
0.000000
0.000000
0.000000
0.000000
0.480000
8.594748
18.911734
30.296855
41.616008
51.735091
59.520000
64.092457
65.597477
64.435901
61.008570
55.716323
48.960000
41.139870
32.653913
23.899539
15.274156
7.175173
0.000000
0.000000
0.000000
0.000000
0.000000
0.000000
0.480000
11.656763
25.229717
39.576690
53.075509
64.104003
71.040000
72.727105
69.872038
63.647297
55.225379
45.778780
36.480000
28.272593
21.184351
15.014122
9.560754
4.623097
0.000000
0.000000
0.000000
0.000000
0.000000
0.000000
0.000000
10.599546
23.831198
38.021014
51.495049
62.579359
69.600000
71.361519
68.582428
62.459728
54.190422
44.971512
36.000000
28.221044
21.572423
15.740073
10.409929
5.267926
0.000000
0.000000
0.000000
0.000000
0.000000
0.000000
0.000000
14.930624
33.667171
53.700012
72.519517
87.616056
96.480000
97.345423
91.421215
80.659974
67.014294
52.436771
38.880000
27.887686
19.367968
12.820093
7.743308
3.636861
0.000000
0.000000
0.000000
0.000000
0.000000
0.000000
0.000000
8.814761
19.866602
31.761286
43.104573
52.502224
58.560000
60.279347
58.244456
53.435200
46.831455
39.413097
32.160000
25.834517
20.328908
15.317914
10.476272
5.478721
0.000000
0.000000
0.000000
0.000000
0.000000
0.000000
0.000000
17.295139
39.031447
62.209507
83.829898
100.893202
110.400000
110.263526
102.047633
88.228828
71.283616
53.688505
37.920000
25.897423
17.311352
11.295182
6.982304
3.506112
0.000000
0.000000
0.000000
0.000000
0.000000
0.000000
0.000000
12.742117
28.874154
46.183036
62.455688
75.479034
83.040000
83.584752
78.196429
68.617411
56.590080
43.856816
32.160000
22.865542
15.833464
10.547320
6.490660
3.147036
0.000000
0.000000
0.000000
0.000000
0.000000
0.000000
0.000000
9.082135
20.527682
32.839442
44.520214
54.072800
60.000000
61.238379
58.459558
52.768924
45.271862
37.073759
29.280000
22.751017
17.367420
12.764864
8.579005
4.445499
0.000000
0.000000
0.000000
0.000000
0.000000
0.000000
0.000000
14.112101
31.896195
50.948656
68.865860
83.244183
91.680000
92.480708
86.797791
76.493756
63.431108
49.472354
36.480000
25.931734
17.765974
11.536320
6.796373
3.099733
0.000000
0.000000
0.000000
0.000000
0.000000
0.000000
0.000000
6.594394
14.765214
23.439823
31.545582
38.009853
41.760000
42.047844
39.423051
34.759745
28.932051
22.814094
17.280000
12.994228
9.782582
7.261198
5.046214
2.753769
0.000000
0.000000
0.000000
0.000000
0.000000
0.000000
0.000000
10.855913
24.679817
39.636944
53.892528
65.611803
72.960000
74.627772
71.407444
64.616759
55.573461
45.595294
36.000000
27.826332
20.997074
15.156020
9.946960
5.013690
0.000000
0.000000
0.000000
0.000000
0.000000
0.000000
0.000000
14.272736
32.159224
51.227329
69.044917
83.179852
91.200000
91.408824
85.052179
74.111521
60.568302
46.403977
33.600000
23.691969
16.432058
11.126587
7.081875
3.604239
0.000000
0.000000
0.000000
0.000000
0.000000
0.000000
0.000000
12.654827
28.609592
45.624893
61.461329
73.879498
80.640000
80.190723
73.728711
63.138299
50.303820
37.109609
25.440000
16.748948
10.768898
6.801912
4.150058
2.115399
0.000000
0.000000
0.000000
0.000000
0.000000
0.000000
0.000000
8.837117
20.128308
32.381881
44.106147
53.809417
60.000000
61.609158
59.259959
53.998424
46.870573
38.922425
31.200000
24.526251
18.831855
13.824422
9.211562
4.700885
0.000000
0.000000
0.000000
0.000000
0.000000
0.000000
0.000000
13.768169
31.019880
49.380024
66.473497
79.925191
87.360000
87.130372
80.498970
69.456014
55.991721
42.096310
29.760000
20.510344
14.024240
9.515920
6.199618
3.289567
0.000000
0.000000
0.000000
0.000000
0.000000
0.000000
0.000000
13.607757
30.848363
49.282855
66.472267
79.977637
87.360000
86.927387
79.975809
68.548275
54.687790
40.437363
27.840000
18.469363
12.021733
7.724046
4.803238
2.486244
0.000000
0.000000
0.000000
0.000000
0.000000
0.000000
0.000000
10.527770
23.891456
38.213790
51.617505
62.225331
68.160000
68.113760
63.056918
54.529298
44.070722
33.221015
23.520000
16.157191
10.920873
7.249019
4.579606
2.350608
0.000000
0.000000
0.000000
0.000000
0.000000
0.000000
0.000000
8.968465
20.325206
32.492477
43.892531
52.947621
58.080000
58.186443
54.061806
46.975465
38.196800
28.995185
20.640000
14.125764
9.347572
5.925661
3.480270
1.631637
0.000000
0.000000
0.000000
0.000000
0.000000
0.000000
0.000000
4.647785
10.505241
16.806779
22.786811
27.679748
30.720000
31.362803
29.946683
27.030992
23.175081
18.938300
14.880000
11.441004
8.588026
6.169251
4.032865
2.027052
0.000000
0.000000
0.000000
0.000000
0.000000
0.000000
0.000000
5.748499
12.944905
20.602737
27.735517
33.356765
36.480000
36.419492
33.692503
29.117047
23.511137
17.692783
12.480000
8.506868
5.671749
3.689073
2.273269
1.138768
0.000000
0.000000
0.000000
0.000000
0.000000
0.000000
0.000000
4.127659
9.339586
14.904281
20.090247
24.165986
26.400000
26.287439
24.230047
20.856215
16.794335
12.672799
9.120000
6.602585
4.940228
3.790861
2.812413
1.662816
0.000000
0.000000
0.000000
0.000000
0.000000
0.000000
0.000000
8.261862
18.810275
30.187768
40.936869
49.600103
54.720000
55.270332
51.949859
45.888584
38.216513
30.063650
22.560000
16.583476
12.003624
8.437896
5.503748
2.818631
0.000000
0.000000
0.000000
0.000000
0.000000
0.000000
0.000000
9.326805
21.080458
33.642780
45.395597
54.720729
60.000000
60.105906
55.873635
48.629047
39.698005
30.406369
22.080000
15.736238
11.158337
7.821030
5.199050
2.767129
0.000000
0.000000
0.000000
0.000000
0.000000
0.000000
0.000000
10.891640
24.665154
39.371645
53.062215
63.787966
69.600000
69.146522
63.464145
54.186588
42.947567
31.380798
21.120000
13.435607
8.144932
4.702003
2.560852
1.175507
0.000000
0.000000
0.000000
0.000000
0.000000
0.000000
0.000000
4.349086
9.861668
15.776399
21.331929
25.766912
28.320000
28.459274
26.570533
23.269006
19.169923
14.888511
11.040000
8.093819
5.936201
4.307577
2.948380
1.599044
0.000000
0.000000
0.000000
0.000000
0.000000
0.000000
0.000000
6.375494
14.454028
23.109675
31.216505
37.648589
41.280000
41.325909
38.365889
33.320614
27.110758
20.656996
14.880000
10.487538
7.335751
5.067870
3.327129
1.756761
0.000000
0.000000
0.000000
0.000000
0.000000
0.000000
0.000000
6.885599
15.570925
24.800503
33.318858
39.870516
43.200000
42.447000
38.331858
31.970081
24.477174
16.968645
10.560000
6.099735
3.368310
1.879174
1.145777
0.681569
0.000000
0.000000
0.000000
0.000000
0.000000
0.000000
0.000000
5.037359
11.478745
18.367931
24.748688
29.664787
32.160000
31.578728
28.467894
23.675052
18.047753
12.433552
7.680000
4.427729
2.489677
1.471862
0.980300
0.621007
0.000000
0.000000
0.000000
0.000000
0.000000
0.000000
0.000000
4.688622
10.718958
17.238136
23.393283
28.331529
31.200000
31.401822
29.364105
25.769956
21.302484
16.644797
12.480000
9.324092
7.024624
5.262039
3.716779
2.069285
0.000000
0.000000
0.000000
0.000000
0.000000
0.000000
0.000000
8.673104
19.661332
31.410411
42.366065
50.974019
55.680000
55.403551
50.959494
43.636469
34.723118
25.508082
17.280000
11.046026
6.687359
3.803712
1.994795
0.860320
0.000000
0.000000
0.000000
0.000000
0.000000
0.000000
0.000000
2.582369
5.890585
9.541551
13.152172
16.339354
18.720000
20.004843
20.279925
19.725113
18.520275
16.845282
14.880000
12.771591
10.536383
8.157999
5.620060
2.906186
0.000000
0.000000
0.000000
0.000000
0.000000
0.000000
0.000000
8.115457
18.223227
28.890438
38.684218
46.171696
49.920000
48.951600
44.110328
36.695358
28.005865
19.341021
12.000000
6.964810
3.948795
2.348129
1.558991
0.977555
0.000000
0.000000
0.000000
0.000000
0.000000
0.000000
0.000000
7.214112
16.437677
26.303372
35.443873
42.491857
46.080000
45.269950
40.839243
33.994387
25.941889
17.888258
11.040000
6.312755
3.458684
1.939080
1.215236
0.748445
0.000000
0.000000
0.000000
0.000000
0.000000
0.000000
0.000000
5.773344
13.175008
21.123750
28.538326
34.337490
37.440000
37.098706
33.902834
28.775706
22.640644
16.420968
11.040000
7.198501
4.706990
3.153425
2.125766
1.211972
0.000000
0.000000
0.000000
0.000000
0.000000
0.000000
0.000000
6.390113
14.518402
23.204202
31.266846
37.525668
40.800000
40.276703
36.612739
30.832598
23.960769
17.021740
11.040000
6.796409
4.097307
2.505404
1.583412
0.894040
0.000000
0.000000
0.000000
0.000000
0.000000
0.000000
0.000000
5.259612
11.963893
19.131458
25.780921
30.930896
33.600000
33.115000
30.035282
25.228384
19.561845
13.903204
9.120000
5.860386
3.894978
2.775005
2.051698
1.276286
0.000000
0.000000
0.000000
0.000000
0.000000
0.000000
0.000000
7.748018
17.623577
28.178617
37.965074
45.534889
49.440000
48.684473
44.080885
36.893939
28.388341
19.828793
12.480000
7.307423
4.079550
2.265627
1.334897
0.756606
0.000000
0.000000
0.000000
0.000000
0.000000
0.000000
0.000000
5.229239
11.916793
19.080155
25.736816
30.904267
33.600000
33.148322
30.100802
25.315825
19.651776
13.967039
9.120000
5.757473
3.679998
2.476544
1.736080
1.047575
0.000000
0.000000
0.000000
0.000000
0.000000
0.000000
0.000000
6.293166
14.305404
22.851459
30.746079
36.804010
39.840000
39.043327
35.101402
29.076164
22.029557
15.023522
9.120000
5.120191
2.782323
1.603884
1.082359
0.715236
0.000000
0.000000
0.000000
0.000000
0.000000
0.000000
0.000000
5.853949
13.322678
21.262916
28.531395
33.984846
36.480000
35.241627
30.966651
24.720037
17.566748
10.571748
4.800000
1.059544
0.000000
0.000000
0.000000
0.000000
0.000000
0.097976
0.000000
0.000000
0.000000
0.000000
0.000000
1.375220
3.271820
5.414199
7.526756
9.333890
10.560000
11.005589
10.775577
10.050988
9.012846
7.842176
6.720000
5.775757
4.932538
4.061848
3.035192
1.724074
0.000000
0.000000
0.000000
0.000000
0.000000
0.000000
0.000000
6.889823
15.579270
24.811675
33.330375
39.878704
43.200000
42.431547
38.286429
31.871682
24.294338
16.661433
10.080000
5.403990
2.475013
0.881599
0.212273
0.055565
0.000000
0.000000
0.000000
0.000000
0.000000
0.000000
0.000000
1.548253
3.568695
5.770709
7.863676
9.556979
10.560000
10.670048
10.036146
8.895241
7.484282
6.040219
4.800000
3.931553
3.326722
2.808328
2.199195
1.322145
0.000000
0.000000
0.000000
0.000000
0.000000
0.000000
0.000000
6.306825
14.312077
22.865890
30.818393
37.019720
40.320000
39.924518
36.459168
30.904995
24.243046
17.454365
11.520000
7.195102
4.331250
2.554129
1.489423
0.762819
0.000000
0.000000
0.000000
0.000000
0.000000
0.000000
0.000000
3.793493
8.636534
13.851914
18.762424
22.690856
24.960000
25.095398
23.433587
20.513855
16.875488
13.057774
9.600000
6.918248
4.935783
3.452666
2.268956
1.184714
0.000000
0.000000
0.000000
0.000000
0.000000
0.000000
0.000000
4.321980
9.744432
15.465407
20.682959
24.595139
26.400000
25.556026
22.563438
18.182889
13.175030
8.300517
4.320000
1.800581
0.535148
0.123038
0.163586
0.256128
0.000000
0.000000
0.000000
0.000000
0.000000
0.000000
0.000000
4.268376
9.765421
15.657121
21.109461
25.288426
27.360000
26.753736
23.953457
19.706554
14.760416
9.862435
5.760000
3.016679
1.460749
0.736662
0.488873
0.361835
0.000000
0.000000
0.000000
0.000000
0.000000
0.000000
0.000000
3.740690
8.569509
13.796153
18.730319
22.681702
24.960000
25.082139
23.393975
20.448592
16.799078
12.998519
9.600000
7.024087
5.161259
3.769477
2.606701
1.430888
0.000000
0.000000
0.000000
0.000000
0.000000
0.000000
0.000000
5.903189
13.341453
21.216530
28.430156
33.884067
36.480000
35.472397
31.526531
25.660380
18.891922
12.239136
6.720000
3.100555
1.139088
0.341949
0.215489
0.266056
0.000000
0.000000
0.000000
0.000000
0.000000
0.000000
0.000000
4.566799
10.463554
16.810758
22.728905
27.338488
29.760000
29.387420
26.708667
22.485144
17.478256
12.449407
8.160000
5.183521
3.341780
2.268666
1.598071
0.963886
0.000000
0.000000
0.000000
0.000000
0.000000
0.000000
0.000000
5.731387
13.032474
20.830570
28.052984
33.627024
36.480000
35.875957
32.425889
27.077528
20.778605
14.476852
9.120000
5.424786
3.183971
1.959319
1.312596
0.805568
0.000000
0.000000
0.000000
0.000000
0.000000
0.000000
0.000000
5.526734
12.592009
20.159898
27.194476
32.659819
35.520000
35.061498
31.860405
26.815214
20.824419
14.786517
9.600000
5.947272
3.646373
2.299248
1.507846
0.874114
0.000000
0.000000
0.000000
0.000000
0.000000
0.000000
0.000000
5.208414
11.843876
18.929578
25.488706
30.544450
33.120000
32.545823
29.381501
24.493896
18.749870
13.016284
8.160000
4.834963
2.843454
1.774838
1.218480
0.763746
0.000000
0.000000
0.000000
0.000000
0.000000
0.000000
0.000000
5.349954
12.195587
19.538153
26.378907
31.719105
34.560000
34.210300
31.208522
26.400635
20.632606
14.750405
9.600000
5.835511
3.343656
1.819308
0.957336
0.452610
0.000000
0.000000
0.000000
0.000000
0.000000
0.000000
0.000000
2.267193
5.175604
8.332160
11.343792
13.817429
15.360000
15.692458
14.991845
13.549228
11.655671
9.602239
7.680000
6.109641
4.830348
3.710929
2.620193
1.426947
0.000000
0.000000
0.000000
0.000000
0.000000
0.000000
0.000000
5.270009
11.907053
18.960852
25.481128
30.517604
33.120000
32.635432
29.600585
24.849539
19.216373
13.535167
8.640000
5.168265
2.970609
1.700993
1.013379
0.561728
0.000000
0.000000
0.000000
0.000000
0.000000
0.000000
0.000000
3.547920
8.099250
13.013057
17.648406
21.364365
23.520000
23.665698
22.117130
19.381285
15.965155
12.375730
9.120000
6.589286
4.712230
3.301802
2.170973
1.132716
0.000000
0.000000
0.000000
0.000000
0.000000
0.000000
0.000000
4.108755
9.285302
14.792170
19.891889
23.846989
25.920000
25.603378
23.309286
19.679812
15.357047
10.983080
7.200000
4.497733
2.757556
1.708581
1.079921
0.600690
0.000000
0.000000
0.000000
0.000000
0.000000
0.000000
0.000000
3.348399
7.631591
12.247960
16.595894
20.073778
22.080000
22.191825
20.702035
18.082296
14.804268
11.339615
8.160000
5.637636
3.746934
2.362858
1.360369
0.614429
0.000000
0.000000
0.000000
0.000000
0.000000
0.000000
0.000000
1.409612
3.154379
4.992051
6.680379
7.977112
8.640000
8.503920
7.712257
6.485523
5.044227
3.608882
2.400000
1.581373
1.089925
0.805858
0.609379
0.380692
0.000000
0.000000
0.000000
0.000000
0.000000
0.000000
0.000000
2.262947
5.171231
8.329966
11.344264
13.819237
15.360000
15.684292
14.960363
13.469092
11.491356
9.308033
7.200000
5.393219
3.893982
2.653666
1.623646
0.755299
0.000000
0.000000
0.000000
0.000000
0.000000
0.000000
0.000000
1.491007
3.335632
5.301359
7.155674
8.666059
9.600000
9.793141
9.353766
8.458320
7.283247
6.004992
4.800000
3.803097
2.982639
2.265362
1.578005
0.847306
0.000000
0.000000
0.000000
0.000000
0.000000
0.000000
0.000000
2.996796
6.776865
10.813713
14.580847
17.551774
19.200000
19.160565
17.714637
15.304917
12.374103
9.364898
6.720000
4.774276
3.431252
2.486621
1.736073
0.975302
0.000000
0.000000
0.000000
0.000000
0.000000
0.000000
0.000000
4.416399
10.007330
15.958974
21.457513
25.689128
27.840000
27.352072
24.690325
20.575502
15.728346
10.869597
6.720000
3.828647
2.058036
1.099017
0.642438
0.379150
0.000000
0.000000
0.000000
0.000000
0.000000
0.000000
0.000000
2.960213
6.769619
10.887261
14.772178
17.883411
19.680000
19.781364
18.448436
16.102525
13.164942
10.056997
7.200000
4.927663
3.223302
1.982638
1.101387
0.475268
0.000000
0.000000
0.000000
0.000000
0.000000
0.000000
0.000000
0.880400
1.983282
3.189665
4.380567
5.437006
6.240000
6.699306
6.839630
6.714416
6.377111
5.881157
5.280000
4.615711
3.884866
3.072670
2.164324
1.145033
0.000000
0.000000
0.000000
0.000000
0.000000
0.000000
0.000000
3.490664
7.853736
12.467712
16.711085
19.962350
21.600000
21.199495
19.124150
15.934248
12.190068
8.451892
5.280000
3.098024
1.782995
1.075296
0.715309
0.443417
0.000000
0.000000
0.000000
0.000000
0.000000
0.000000
0.000000
3.166114
7.223753
11.586437
15.667692
18.881038
20.640000
20.538243
18.890010
16.189684
12.931650
9.610294
6.720000
4.634245
3.242875
2.314828
1.619041
0.924453
0.000000
0.000000
0.000000
0.000000
0.000000
0.000000
0.000000
4.495542
10.194281
16.261157
21.861110
26.159077
28.320000
27.773057
25.004386
20.764367
15.803377
10.871795
6.720000
3.912231
2.268175
1.421376
1.005383
0.653742
0.000000
0.000000
0.000000
0.000000
0.000000
0.000000
0.000000
4.837920
11.017941
17.618112
23.716480
28.391093
30.720000
30.072525
26.983098
22.277426
16.781214
11.320170
6.720000
3.605313
1.796333
0.912186
0.571997
0.394893
0.000000
0.000000
0.000000
0.000000
0.000000
0.000000
0.000000
3.852024
8.815171
14.172491
19.207036
23.201855
25.440000
25.421237
23.512191
20.296204
16.356616
12.276767
8.640000
5.896362
3.962731
2.622694
1.659835
0.000000
0.000000
0.000000
0.000000
0.000000
0.000000
0.000000
0.000000
0.000000
0.000000
0.000000
0.000000
0.000000
