0.000000
0.000000
0.000000
0.000000
0.000000
0.000000
5.915610
12.033115
17.794411
22.641394
26.015958
27.360000
26.320186
23.362268
19.156767
14.374207
9.685111
5.760000
3.103646
1.557815
0.798521
0.501777
0.343599
0.000000
0.000000
0.000000
0.000000
0.000000
0.000000
0.000000
3.297660
7.554074
12.164878
16.525709
20.032205
22.080000
22.244132
20.817233
18.271338
15.078479
11.710688
8.640000
6.232480
4.430326
3.069770
1.987043
1.018376
0.000000
0.000000
0.000000
0.000000
0.000000
0.000000
0.000000
3.499281
7.928270
12.691902
17.195112
20.842833
23.040000
23.365817
22.096569
19.682810
16.575092
13.223971
10.080000
7.497449
5.445453
3.796860
2.424520
1.201284
0.000000
0.000000
0.000000
0.000000
0.000000
0.000000
0.000000
3.402789
7.650291
12.144136
16.285950
19.477362
21.120000
20.804460
18.877215
15.873705
12.329372
8.779657
5.760000
3.672704
2.387516
1.641044
1.169895
0.710678
0.000000
0.000000
0.000000
0.000000
0.000000
0.000000
0.000000
4.241738
9.668270
15.510478
20.999248
25.365460
27.840000
27.886104
25.896424
22.495967
18.309740
13.962749
10.080000
7.140514
5.039369
3.525654
2.348460
1.256878
0.000000
0.000000
0.000000
0.000000
0.000000
0.000000
0.000000
5.067687
11.460670
18.248672
24.501414
29.288616
31.680000
31.039637
27.908995
23.123893
17.520147
11.933577
7.200000
3.953766
2.023349
1.035758
0.617998
0.397076
0.000000
0.000000
0.000000
0.000000
0.000000
0.000000
0.000000
3.607254
8.243997
13.231935
17.892776
21.548229
23.520000
23.339016
21.373073
18.199185
14.394367
10.535634
7.200000
4.823349
3.277046
2.291326
1.596422
0.922568
0.000000
0.000000
0.000000
0.000000
0.000000
0.000000
0.000000
4.772970
10.861321
17.406626
23.550460
28.434393
31.200000
31.247201
29.009309
25.177982
20.444882
15.501668
11.040000
7.598226
5.101445
3.321444
2.030012
0.998934
0.000000
0.000000
0.000000
0.000000
0.000000
0.000000
0.000000
3.333301
7.527792
11.993591
16.140814
19.379578
21.120000
20.955790
19.215030
16.409395
13.050562
9.650205
6.720000
4.643540
3.292089
2.408828
1.736939
1.019602
0.000000
0.000000
0.000000
0.000000
0.000000
0.000000
0.000000
5.220706
11.877012
19.030005
25.740775
31.070411
34.080000
34.113792
31.648672
27.444687
22.261883
16.860305
12.000000
8.270794
5.581633
3.671246
2.278360
1.141702
0.000000
0.000000
0.000000
0.000000
0.000000
0.000000
0.000000
4.025960
9.110298
14.547442
19.631821
23.657864
25.920000
25.926459
24.040680
20.839903
16.901371
12.802323
9.120000
6.301538
4.273650
2.832944
1.776029
0.899511
0.000000
0.000000
0.000000
0.000000
0.000000
0.000000
0.000000
3.264460
7.431914
11.973778
16.361470
20.066405
22.560000
23.456993
22.945402
21.356568
19.021830
16.272527
13.440000
10.794235
8.359811
6.099950
3.977878
1.956820
0.000000
0.000000
0.000000
0.000000
0.000000
0.000000
0.000000
4.605947
10.334323
16.425522
22.119938
26.657966
29.280000
29.454590
27.562908
24.214281
20.018036
15.583500
11.520000
8.302358
5.867377
4.017354
2.554585
1.281368
0.000000
0.000000
0.000000
0.000000
0.000000
0.000000
0.000000
4.089293
9.266737
14.857431
20.186474
24.578964
27.360000
28.046852
26.925469
24.473972
21.170481
17.493117
13.920000
10.829967
8.204721
5.926682
3.878269
1.941902
0.000000
0.000000
0.000000
0.000000
0.000000
0.000000
0.000000
5.299136
11.910472
18.916119
25.398184
30.438775
33.120000
32.810178
30.022464
25.556224
20.210823
14.785627
10.080000
6.700153
4.479671
3.058984
2.078524
1.178719
0.000000
0.000000
0.000000
0.000000
0.000000
0.000000
0.000000
5.971891
13.596030
21.809663
29.550038
35.754401
39.360000
39.621001
37.059249
32.513509
26.822544
20.825120
15.360000
11.077438
7.873640
5.456303
3.533120
1.811787
0.000000
0.000000
0.000000
0.000000
0.000000
0.000000
0.000000
6.232241
14.074937
22.418574
30.153638
36.170618
39.360000
38.957344
35.578509
30.184425
23.736025
17.194239
11.520000
7.445048
4.784362
3.123727
2.048930
1.145759
0.000000
0.000000
0.000000
0.000000
0.000000
0.000000
0.000000
5.962880
13.581681
21.793598
29.535827
35.745562
39.360000
39.632685
37.082566
32.544940
26.855105
20.848359
15.360000
11.039712
7.794722
5.346643
3.417088
1.727669
0.000000
0.000000
0.000000
0.000000
0.000000
0.000000
0.000000
5.704201
12.913318
20.659405
27.974513
33.890694
37.440000
37.939176
35.843737
31.893892
26.829849
21.391815
16.320000
12.192429
8.938399
6.325026
4.119425
2.088711
0.000000
0.000000
0.000000
0.000000
0.000000
0.000000
0.000000
6.465358
14.588713
23.250961
31.332995
37.715710
41.280000
41.247460
38.202480
33.070153
26.775570
20.243822
14.400000
9.958137
6.788032
4.548425
2.898058
1.495669
0.000000
0.000000
0.000000
0.000000
0.000000
0.000000
0.000000
5.710783
12.941512
20.686994
27.942033
33.701433
36.960000
37.016877
34.388559
29.895878
24.359670
18.600766
13.440000
9.508377
6.677587
4.629492
3.045955
1.608837
0.000000
0.000000
0.000000
0.000000
0.000000
0.000000
0.000000
6.284269
14.286923
22.945893
31.199109
37.984501
42.240000
43.206641
41.337879
37.390274
32.120386
26.284775
20.640000
15.789167
11.721560
8.273010
5.279347
2.576400
0.000000
0.000000
0.000000
0.000000
0.000000
0.000000
0.000000
6.388511
14.330475
22.736250
30.516191
36.580655
39.840000
39.540375
36.271108
30.957316
24.524121
17.896643
12.000000
7.556654
4.478428
2.474485
1.253990
0.526107
0.000000
0.000000
0.000000
0.000000
0.000000
0.000000
0.000000
1.620199
3.691956
5.966543
8.195231
10.129293
11.520000
12.183971
12.199215
11.709085
10.856936
9.786123
8.640000
7.523915
6.391185
5.157119
3.737026
2.046217
0.000000
0.000000
0.000000
0.000000
0.000000
0.000000
0.000000
7.187945
16.291298
26.093119
35.376469
42.924409
47.520000
48.298961
45.807650
40.945082
34.610274
27.702241
21.120000
15.582876
11.091435
7.466552
4.529101
2.099959
0.000000
0.000000
0.000000
0.000000
0.000000
0.000000
0.000000
4.278987
9.602124
15.318602
20.777613
25.328349
28.320000
29.281185
28.458228
26.276880
23.162892
19.542015
15.840000
12.409607
9.311632
6.533878
4.064152
1.890258
0.000000
0.000000
0.000000
0.000000
0.000000
0.000000
0.000000
3.211066
7.125162
11.235696
15.036075
18.019707
19.680000
19.668683
18.270773
15.929610
13.088534
10.190884
7.680000
5.880870
4.645080
3.705864
2.796456
1.650090
0.000000
0.000000
0.000000
0.000000
0.000000
0.000000
0.000000
7.827786
17.799295
28.526400
38.620971
46.694881
51.360000
51.641021
48.213913
42.167467
34.590472
26.571720
19.200000
13.334799
8.918387
5.663734
3.283806
1.491572
0.000000
0.000000
0.000000
0.000000
0.000000
0.000000
0.000000
3.446060
7.751459
12.365874
16.738984
20.320466
22.560000
23.067085
22.090515
20.038906
17.320873
14.345033
11.520000
9.158932
7.193146
5.458501
3.790856
2.026070
0.000000
0.000000
0.000000
0.000000
0.000000
0.000000
0.000000
7.025651
15.885918
25.353144
34.199671
41.197843
45.120000
45.109098
41.790539
36.160335
29.214502
21.949052
15.360000
10.231290
6.498594
3.885514
2.115653
0.912615
0.000000
0.000000
0.000000
0.000000
0.000000
0.000000
0.000000
2.061300
4.765508
7.924054
11.348366
14.849872
18.240000
21.329060
23.922881
25.826175
26.843652
26.780023
25.440000
22.722462
18.902968
14.351247
9.437026
4.530035
0.000000
0.000000
0.000000
0.000000
0.000000
0.000000
0.000000
7.377613
16.391603
25.953403
34.974446
42.366167
47.040000
48.217343
46.359453
42.237552
36.622862
30.286604
24.000000
18.393015
13.530585
9.336389
5.734107
2.647417
0.000000
0.000000
0.000000
0.000000
0.000000
0.000000
0.000000
4.571262
10.209919
16.256046
22.049718
26.931011
30.240000
31.495465
30.931005
28.958925
25.991528
22.441118
18.720000
15.166878
11.826060
8.668254
5.664170
2.784516
0.000000
0.000000
0.000000
0.000000
0.000000
0.000000
0.000000
6.431695
14.448251
23.019514
31.115329
37.705543
41.760000
42.545087
40.513353
36.413887
30.995780
25.008121
19.200000
14.181291
10.005006
6.584938
3.834885
1.668640
0.000000
0.000000
0.000000
0.000000
0.000000
0.000000
0.000000
1.941938
4.306272
6.889624
9.488615
11.899866
13.920000
15.382498
16.268285
16.595144
16.380861
15.643218
14.400000
12.681401
10.567254
8.149798
5.521276
2.773930
0.000000
0.000000
0.000000
0.000000
0.000000
0.000000
0.000000
6.471013
14.621943
23.507549
32.182588
39.701819
45.120000
47.728495
47.765081
45.704142
42.020060
37.187219
31.680000
25.921675
20.131066
14.475884
9.123838
4.242640
0.000000
0.000000
0.000000
0.000000
0.000000
0.000000
0.000000
6.312437
14.092983
22.554825
30.911150
38.375146
44.160000
47.652114
48.930749
48.248379
45.857481
42.010529
36.960000
30.979107
24.424023
17.671659
11.098927
5.082736
0.000000
0.000000
0.000000
0.000000
0.000000
0.000000
0.000000
5.877288
12.981122
20.668407
28.296045
35.220942
40.800000
44.517169
46.364575
46.461389
44.926784
41.879931
37.440000
31.780704
25.293912
18.426036
11.623485
5.332669
0.000000
0.000000
0.000000
0.000000
0.000000
0.000000
0.000000
6.034787
13.311428
21.176096
28.974966
36.054209
41.760000
45.569725
47.485624
47.641148
46.169750
43.204884
38.880000
33.366313
26.986078
20.099312
13.066033
6.246256
0.000000
0.000000
0.000000
0.000000
0.000000
0.000000
0.000000
10.609145
23.658104
37.614273
50.945047
62.117824
69.600000
72.276172
70.699740
65.841306
58.671470
50.160835
41.280000
32.839500
25.009602
17.800504
11.222405
5.285504
0.000000
0.000000
0.000000
0.000000
0.000000
0.000000
0.000000
9.512749
21.267434
33.872779
45.937506
56.070339
62.880000
65.354288
63.997299
59.692205
53.322176
45.770384
37.920000
30.496765
23.596702
17.158402
11.120457
5.421459
0.000000
0.000000
0.000000
0.000000
0.000000
0.000000
0.000000
12.081968
27.166396
43.384850
58.868892
71.750088
80.160000
82.746813
80.225190
73.826414
64.781768
54.322536
43.680000
33.877447
25.106177
17.349494
10.590701
4.813102
0.000000
0.000000
0.000000
0.000000
0.000000
0.000000
0.000000
6.897847
15.324529
24.368067
33.116478
40.657783
46.080000
48.700771
48.756227
46.712124
43.034215
38.188256
32.640000
26.805737
20.903896
15.103439
9.573328
4.482528
0.000000
0.000000
0.000000
0.000000
0.000000
0.000000
0.000000
7.033589
15.658905
24.900076
33.781230
41.326496
46.560000
48.764921
48.260637
45.625574
41.438163
36.276828
30.720000
25.246727
19.938549
14.777626
9.746120
4.826191
0.000000
0.000000
0.000000
0.000000
0.000000
0.000000
0.000000
11.351703
25.489668
40.566688
54.735554
66.149061
72.960000
73.865016
69.736158
61.989327
52.040423
41.305347
31.200000
22.848232
16.205699
10.936004
6.702753
3.169550
0.000000
0.000000
0.000000
0.000000
0.000000
0.000000
0.000000
7.436885
16.696783
26.557369
35.796317
43.191303
47.520000
47.925963
45.016268
39.763868
33.141721
26.122779
19.680000
14.565929
10.651480
7.587158
5.023467
2.610913
0.000000
0.000000
0.000000
0.000000
0.000000
0.000000
0.000000
9.032791
20.637273
33.462841
46.158889
57.374811
65.760000
70.280740
71.170874
68.981134
64.262254
57.564965
49.440000
40.430916
31.052565
21.812622
13.218763
5.778663
0.000000
0.000000
0.000000
0.000000
0.000000
0.000000
0.000000
3.266700
6.951964
11.033860
15.490453
20.299811
25.440000
30.802048
35.928830
40.276181
43.299936
44.455930
43.200000
39.198440
32.959382
25.201417
16.643138
8.003135
0.000000
0.000000
0.000000
0.000000
0.000000
0.000000
0.000000
12.887012
28.683822
45.565979
61.709029
75.288520
84.480000
87.949982
86.328845
80.737933
72.298592
62.132166
51.360000
40.933060
31.120799
22.022289
13.736603
6.362816
0.000000
0.000000
0.000000
0.000000
0.000000
0.000000
0.000000
9.891388
22.011804
34.986062
47.438972
57.995347
65.280000
68.283338
67.458155
63.622840
57.595783
50.195373
42.240000
34.415259
26.875575
19.642576
12.737895
6.183159
0.000000
0.000000
0.000000
0.000000
0.000000
0.000000
0.000000
13.080021
29.428465
47.110009
64.189329
78.731100
88.800000
92.970959
91.859927
86.593110
78.296713
68.096941
57.120000
46.316144
35.931827
26.037551
16.703819
8.001134
0.000000
0.000000
0.000000
0.000000
0.000000
0.000000
0.000000
15.548218
34.594885
54.555700
72.846359
86.882560
94.080000
92.671553
84.158804
70.860513
55.095441
39.182350
25.440000
15.638902
9.356566
5.622249
3.465210
1.914707
0.000000
0.000000
0.000000
0.000000
0.000000
0.000000
0.000000
11.098638
25.534815
41.555784
57.408802
71.341122
81.600000
86.857055
87.481365
84.266372
78.005518
69.492247
59.520000
48.819809
37.873060
27.098729
16.915791
7.743223
0.000000
0.000000
0.000000
0.000000
0.000000
0.000000
0.000000
9.603126
21.043574
32.966415
44.016719
52.839557
58.080000
58.790451
55.652639
49.755626
42.188474
34.040245
26.400000
20.115071
15.065871
10.891081
7.229384
3.719463
0.000000
0.000000
0.000000
0.000000
0.000000
0.000000
0.000000
11.823425
26.803058
43.008716
58.510215
71.377371
79.680000
82.030370
79.210555
72.545084
63.358483
52.975279
42.720000
33.648430
25.741387
18.710947
12.269185
6.128178
0.000000
0.000000
0.000000
0.000000
0.000000
0.000000
0.000000
16.223485
36.687474
58.864543
80.227270
98.248230
110.400000
114.832371
112.403985
104.650699
93.108369
79.312850
64.800000
50.880365
37.963252
26.232661
15.872590
7.067036
0.000000
0.000000
0.000000
0.000000
0.000000
0.000000
0.000000
7.474953
16.184722
25.072710
33.082317
39.156947
42.240000
41.616241
37.935883
32.190504
25.371680
18.470986
12.480000
8.153417
5.298411
3.485273
2.284297
1.265776
0.000000
0.000000
0.000000
0.000000
0.000000
0.000000
0.000000
6.359555
14.526363
23.421119
31.964514
39.077244
43.680000
44.993912
43.441852
39.747124
34.633035
28.822892
23.040000
17.871462
13.359564
9.410387
5.930013
2.824523
0.000000
0.000000
0.000000
0.000000
0.000000
0.000000
0.000000
5.947582
13.680865
22.644299
32.282332
42.039416
51.360000
59.696098
66.529980
71.351477
73.650425
72.916654
68.640000
60.588025
49.639217
36.949792
23.675970
10.973966
0.000000
0.000000
0.000000
0.000000
0.000000
0.000000
0.000000
12.506991
27.365945
42.972793
57.723464
70.013890
78.240000
81.235790
79.587510
74.319476
66.456002
57.021405
47.040000
37.383184
28.310682
19.929305
12.345860
5.667155
0.000000
0.000000
0.000000
0.000000
0.000000
0.000000
0.000000
8.144245
17.996941
28.377476
38.105239
45.999617
50.880000
51.911543
49.642475
44.966791
38.778487
31.971558
25.440000
19.882915
15.219825
11.175360
7.474148
3.840818
0.000000
0.000000
0.000000
0.000000
0.000000
0.000000
0.000000
11.694337
26.422829
42.217559
57.110609
69.134062
76.320000
77.281411
72.954905
64.857995
54.508198
43.423028
33.120000
24.780019
18.237553
12.990460
8.536598
4.373826
0.000000
0.000000
0.000000
0.000000
0.000000
0.000000
0.000000
14.077043
31.871805
51.028884
69.192878
84.008384
93.120000
94.851094
90.240119
81.004299
68.860856
55.527015
42.720000
31.818581
22.847719
15.493921
9.443697
4.383554
0.000000
0.000000
0.000000
0.000000
0.000000
0.000000
0.000000
8.714200
19.605143
31.426013
42.929991
52.870259
60.000000
63.390841
63.388198
60.655932
55.857902
49.657971
42.720000
35.602435
28.442063
21.270261
14.118400
7.017855
0.000000
0.000000
0.000000
0.000000
0.000000
0.000000
0.000000
16.506551
37.037078
58.877635
79.314272
95.633043
105.120000
105.872155
99.230361
87.346435
72.372190
56.459440
41.760000
29.964831
20.921476
14.016626
8.636969
4.169198
0.000000
0.000000
0.000000
0.000000
0.000000
0.000000
0.000000
11.516635
26.068029
41.835123
56.998856
69.740168
78.240000
81.176048
79.213037
73.512446
65.235756
55.544447
45.600000
36.352505
27.906491
20.155095
12.991456
6.308711
0.000000
0.000000
0.000000
0.000000
0.000000
0.000000
0.000000
13.987325
31.573950
50.736203
69.450411
85.692901
97.440000
103.172325
103.387643
99.088013
91.275491
80.952134
69.120000
56.676710
44.102143
31.771745
20.060959
9.345229
0.000000
0.000000
0.000000
0.000000
0.000000
0.000000
0.480000
14.795502
32.327169
51.168228
69.411903
85.151418
96.480000
101.970491
102.114206
97.882081
90.245049
80.174044
68.640000
56.506980
44.211560
32.083447
20.452346
9.647961
0.000000
0.000000
0.000000
0.000000
0.000000
0.000000
0.000000
16.064438
35.772454
56.780032
76.743158
93.317819
104.160000
107.571769
104.439523
96.295743
84.672909
71.103501
57.120000
44.021821
32.176123
21.716998
12.778540
5.494843
0.000000
0.000000
0.000000
0.000000
0.000000
0.000000
0.000000
3.676614
7.937707
12.657935
17.711956
22.974425
28.320000
33.572598
38.353187
42.231993
44.779245
45.565172
44.160000
40.292993
34.329546
26.794093
18.211063
9.104889
0.000000
0.000000
0.000000
0.000000
0.000000
0.000000
0.000000
19.720837
44.320388
70.799366
96.158485
117.398459
131.520000
136.343442
132.967598
123.310900
109.291779
92.828669
75.840000
59.918726
45.355885
32.117034
20.167731
9.473533
0.000000
0.000000
0.000000
0.000000
0.000000
0.000000
0.480000
17.783556
39.159781
62.099107
84.091965
102.628786
115.200000
119.970791
117.805347
110.242606
98.821508
85.080993
70.560000
56.551058
43.361055
31.050469
19.679780
9.309464
0.000000
0.000000
0.000000
0.000000
0.000000
0.000000
0.480000
17.753474
39.112763
62.047464
84.047172
102.601485
115.200000
120.003346
117.856290
110.274628
98.774160
84.870685
70.080000
55.697584
42.137634
29.594025
18.260632
8.331332
0.000000
0.000000
0.000000
0.000000
0.000000
0.000000
0.480000
12.010485
25.996334
40.928880
55.299452
67.599382
76.320000
80.336190
80.057044
76.275207
69.783324
61.374040
51.840000
41.902534
31.997712
22.490292
13.745029
6.126680
0.000000
0.000000
0.000000
0.000000
0.000000
0.000000
0.480000
6.418321
13.598306
21.635210
30.144290
38.740801
47.040000
54.637485
61.050225
65.775535
68.310725
68.153109
64.800000
57.982851
48.369681
36.862651
24.363920
11.775650
0.000000
0.000000
0.000000
0.000000
0.000000
0.000000
0.480000
21.054925
46.243897
72.941903
98.043930
118.444966
131.040000
133.626965
127.615585
115.318528
99.048465
81.118066
63.840000
49.048325
36.662653
26.123985
16.873320
8.351658
0.000000
0.000000
0.000000
0.000000
0.000000
0.000000
0.960000
23.599405
51.975473
82.433885
111.320323
134.980467
149.760000
153.042646
146.364307
132.298928
113.420454
92.302829
71.520000
53.192232
37.625076
24.670403
14.180085
6.005994
0.000000
0.000000
0.000000
0.000000
0.000000
0.000000
0.480000
5.062955
10.384478
16.171757
22.151979
28.052331
33.600000
38.519756
42.526698
45.333511
46.652877
46.197479
43.680000
38.955801
32.450951
24.734199
16.374291
7.939976
0.000000
0.000000
0.000000
0.000000
0.000000
0.000000
0.480000
14.938257
32.888841
52.367029
71.408100
88.047331
100.320000
106.741043
107.744030
104.242190
97.148753
87.376946
75.840000
63.355350
50.357262
37.184210
24.174666
11.667105
0.000000
0.000000
0.000000
0.000000
0.000000
0.000000
1.440000
24.838864
53.890606
85.231907
115.499452
141.329922
159.360000
167.104764
165.592878
156.731400
142.427388
124.587902
105.120000
85.648745
66.671216
48.402494
31.057663
14.851804
0.000000
0.000000
0.000000
0.000000
0.000000
0.000000
1.920000
31.256902
67.293082
105.443012
141.121161
169.742000
186.720000
188.829915
178.287634
158.669329
133.551174
106.509340
81.120000
60.201216
43.538604
30.159671
19.091922
9.362863
0.000000
0.000000
0.000000
0.000000
0.000000
0.000000
1.440000
27.764562
60.842928
96.472377
130.450186
158.573634
176.640000
181.618751
175.168114
160.118504
139.300338
115.544031
91.680000
70.053767
51.071283
34.653606
20.721795
9.196907
0.000000
0.000000
0.000000
0.000000
0.000000
0.000000
1.440000
13.177061
27.186140
41.938106
55.903826
67.554168
75.360000
78.212241
76.682017
71.760504
64.438879
55.708319
46.560000
37.807307
29.552458
21.719877
14.233990
7.019223
0.000000
0.000000
0.000000
0.000000
0.000000
0.000000
1.440000
18.774127
40.699377
64.860168
88.900923
110.466060
127.200000
137.267182
140.912118
138.899338
131.993371
120.958749
106.560000
89.597144
71.012151
51.782481
32.885593
15.298946
0.000000
0.000000
0.000000
0.000000
0.000000
0.000000
2.880000
25.565884
52.990734
82.114560
109.897373
133.299183
149.280000
155.612221
153.317785
144.231019
130.186248
113.017800
94.560000
76.371900
58.911460
42.361365
26.904300
12.722950
0.000000
0.000000
0.000000
0.000000
0.000000
0.000000
2.400000
26.518500
56.391934
88.724550
120.220600
147.584333
167.520000
177.536932
178.364780
171.538279
158.592159
141.061156
120.480000
98.295995
75.606723
53.422336
32.752985
14.608822
0.000000
0.000000
0.000000
0.000000
0.000000
0.000000
2.880000
17.347654
33.959968
50.968150
66.623410
79.176957
86.880000
88.496963
84.845136
77.255021
67.057124
55.581949
44.160000
33.884493
24.899490
17.111765
10.428093
4.755246
0.000000
0.000000
0.000000
0.000000
0.000000
0.000000
1.440000
9.619691
19.628448
30.376565
40.774334
49.732048
56.160000
59.240616
59.244858
56.715821
52.196603
46.230297
39.360000
32.084513
24.725454
17.560149
10.865922
4.920098
0.000000
0.000000
0.000000
0.000000
0.000000
0.000000
2.880000
10.034595
18.776797
28.505522
38.619686
48.518207
57.600000
65.298062
71.181707
74.854329
75.919323
73.980082
68.640000
59.766491
48.283042
35.377161
22.236356
10.048133
0.000000
0.000000
0.000000
0.000000
0.000000
0.000000
1.920000
11.040716
21.541342
32.554731
43.213735
52.651207
60.000000
64.578937
66.450727
65.864049
63.067582
58.310006
51.840000
43.947979
35.091305
25.769073
16.480380
7.724324
0.000000
0.000000
0.000000
0.000000
0.000000
0.000000
2.880000
15.813217
31.834701
49.572286
67.653808
84.707101
99.360000
110.444654
117.610476
120.711194
119.600536
114.132228
104.160000
89.808166
72.283394
53.062936
33.624049
15.443985
0.000000
0.000000
0.000000
0.000000
0.000000
0.000000
5.280000
25.038888
48.275032
72.428822
94.940652
113.250914
124.800000
127.768433
123.297258
113.267651
99.560789
84.057846
68.640000
54.802936
42.500382
31.300574
20.771749
10.482146
0.000000
0.000000
0.000000
0.000000
0.000000
0.000000
5.280000
36.855551
76.436977
119.179207
160.237169
194.765790
217.920000
226.160196
221.168653
205.933117
183.441333
156.681045
128.640000
101.839222
76.932855
54.108325
33.553056
15.454473
0.000000
0.000000
0.000000
0.000000
0.000000
0.000000
5.760000
32.346885
64.569660
98.697342
130.998948
157.743495
175.200000
180.669541
175.581432
162.397049
143.577765
121.584958
98.880000
77.528285
58.011279
40.414464
24.823324
11.323341
0.000000
0.000000
0.000000
0.000000
0.000000
0.000000
5.760000
25.162443
48.654911
73.685153
97.700916
118.149949
132.480000
138.797355
137.842459
131.014292
119.711839
105.334081
89.280000
72.781469
56.401921
40.537677
25.585061
11.940394
0.000000
0.000000
0.000000
0.000000
0.000000
0.000000
2.880000
23.107015
47.923092
74.682329
100.738826
123.446684
140.160000
148.879615
150.193330
145.335686
135.541222
122.044480
106.080000
88.754523
70.663587
52.274928
34.056286
16.475398
0.000000
0.000000
0.000000
0.000000
0.000000
0.000000
7.680000
44.354083
89.349342
137.086669
181.986959
218.471105
240.960000
245.479153
234.472532
211.988722
182.076308
148.783872
116.160000
87.507084
63.142752
42.638441
25.565588
11.495628
0.000000
0.000000
0.000000
0.000000
0.000000
0.000000
5.280000
25.193982
49.280300
74.771507
98.900157
118.898804
132.000000
136.207116
132.606785
123.056458
109.413584
93.535615
77.280000
62.153111
48.257005
35.342662
23.161061
11.463180
0.000000
0.000000
0.000000
0.000000
0.000000
0.000000
8.640000
41.507347
82.459995
126.685763
169.372473
205.707945
230.880000
241.332392
238.532604
225.204055
204.070159
177.854336
149.280000
120.696419
92.956255
66.538019
41.920223
19.581380
0.000000
0.000000
0.000000
0.000000
0.000000
0.000000
9.600000
46.500294
91.389791
139.086501
184.408432
222.173596
247.200000
255.716891
249.598458
232.130127
206.597323
176.285472
144.480000
113.974365
85.594155
59.672992
36.544498
16.542294
0.000000
0.000000
0.000000
0.000000
0.000000
0.000000
5.760000
30.209701
59.799491
91.595393
122.663430
150.069624
170.880000
182.824434
186.288225
182.320524
171.970485
156.287260
136.320000
113.185895
88.274275
63.042509
38.947963
17.448004
0.000000
0.000000
0.000000
0.000000
0.000000
0.000000
7.200000
26.315049
48.218143
70.579734
91.070273
107.360211
117.120000
118.707818
113.232754
102.491624
88.281244
72.398431
56.640000
42.500346
30.264174
19.913769
11.431416
4.799398
0.000000
0.000000
0.000000
0.000000
0.000000
0.000000
2.400000
6.296456
11.053626
16.873037
23.956218
32.504696
42.720000
54.521153
66.697168
77.754552
86.199813
90.539460
89.280000
81.481152
68.415479
51.908754
33.786750
15.875241
0.000000
0.000000
0.000000
0.000000
0.000000
0.000000
7.200000
31.017453
59.225305
88.489521
115.476066
136.850904
149.280000
150.431505
141.982308
126.611484
106.998108
85.821255
65.760000
48.943194
35.298797
24.204544
15.038169
7.177410
0.000000
0.000000
0.000000
0.000000
0.000000
0.000000
7.680000
28.980602
55.224521
83.154089
109.511636
131.039496
144.480000
147.506317
141.514966
128.833303
111.788684
92.708464
73.920000
57.298573
42.911169
30.372699
19.298073
9.302203
0.000000
0.000000
0.000000
0.000000
0.000000
0.000000
6.240000
30.754980
61.176293
93.903695
125.336943
151.875793
169.920000
176.829580
173.805582
163.009317
146.602092
126.745217
105.600000
84.991145
65.396933
46.959038
29.819134
14.118897
0.000000
0.000000
0.000000
0.000000
0.000000
0.000000
12.960000
46.063278
86.558547
129.842832
171.313154
206.366536
230.400000
240.016607
236.643569
222.914139
201.461566
174.919103
145.920000
116.783629
88.573843
62.040614
37.933915
17.003719
0.000000
0.000000
0.000000
0.000000
0.000000
0.000000
8.640000
31.454196
58.168582
85.805758
111.388320
131.938868
144.480000
146.898784
140.540166
127.613562
110.328389
90.894063
71.520000
54.044002
38.817421
25.819993
15.031455
6.431545
0.000000
0.000000
0.000000
0.000000
0.000000
0.000000
5.760000
13.828505
23.408646
33.994144
45.078721
56.156099
66.720000
76.231883
84.024155
89.396959
91.650438
90.084738
84.000000
73.097296
58.681402
42.458022
26.132859
11.411617
0.000000
0.000000
0.000000
0.000000
0.000000
0.577682
7.200000
14.295857
21.668757
29.238160
36.923527
44.644320
52.320000
59.759859
66.332513
71.296407
73.909989
73.431704
69.120000
60.598040
48.947859
35.616212
22.049850
9.695529
0.000000
0.000000
0.000000
0.000000
0.000000
4.286181
13.440000
24.516699
37.201272
51.188803
66.174378
81.853082
97.920000
113.858556
128.305530
139.686042
146.425211
146.948157
139.680000
123.766856
101.238832
74.847030
47.342556
21.476511
0.000000
0.000000
0.000000
0.000000
0.000000
0.000000
13.440000
38.221508
66.880149
96.969621
126.043621
151.655848
171.360000
183.237726
187.482483
184.815681
175.958727
161.633030
142.560000
119.605366
94.212140
67.967657
42.459250
19.274253
0.000000
0.000000
0.000000
0.000000
0.000000
0.000000
17.760000
47.460279
82.063148
117.717581
150.572551
176.777033
192.480000
194.971405
186.105118
168.875986
146.278857
121.308579
96.960000
75.618544
57.231935
41.138476
26.676466
13.184207
0.000000
0.000000
0.000000
0.000000
0.000000
0.000000
15.360000
57.708221
109.655056
164.281079
214.666863
253.892979
275.040000
273.317142
252.448190
218.285571
176.681715
133.489048
94.560000
64.458768
42.596630
27.096635
16.081833
7.675272
0.000000
0.000000
0.000000
0.000000
0.000000
0.000000
12.000000
42.672303
81.079983
122.731817
163.136580
197.803049
222.240000
233.098556
231.599221
220.104847
200.978284
176.582385
149.280000
121.171253
93.305356
66.468797
41.448061
19.029633
0.000000
0.000000
0.000000
0.000000
0.000000
0.000000
13.440000
46.514123
86.066117
127.611343
166.665159
198.742925
219.360000
225.280409
218.262844
201.314663
177.443223
149.655883
120.960000
93.908685
69.238062
47.230006
28.166392
12.329099
0.000000
0.000000
0.000000
0.000000
0.000000
0.216611
14.400000
33.576361
56.457860
81.448735
106.953224
131.375567
153.120000
170.729708
183.303653
190.079746
190.295896
183.190011
168.000000
144.593698
115.358638
83.312280
51.472081
22.855502
0.480000
0.000000
0.000000
0.000000
0.000000
3.276871
20.160000
40.033187
61.745297
84.123180
105.993691
126.183680
143.520000
156.945084
165.863686
169.796144
168.262791
160.783965
146.880000
126.528700
101.537735
74.172245
46.697367
21.378239
0.480000
0.000000
0.000000
0.000000
0.000000
0.000000
11.520000
35.590832
63.320775
91.968246
118.791663
141.049442
156.000000
161.641000
158.927083
149.552137
135.210050
117.594708
98.400000
79.111836
60.384227
42.663205
26.394804
12.025058
0.000000
0.000000
0.000000
0.000000
0.000000
0.293949
18.720000
44.781544
76.351734
110.696621
145.082259
176.774701
203.040000
221.611057
232.088167
234.538473
229.029118
215.627246
194.400000
165.847562
132.202266
96.129488
60.294602
27.362981
0.000000
0.000000
0.000000
0.000000
0.000000
0.000000
24.000000
63.528761
109.715550
157.996217
203.806613
242.582590
269.760000
281.935146
280.346143
267.391560
245.469963
216.979920
184.320000
149.726210
114.784322
80.917545
49.549092
22.102173
0.000000
0.000000
0.000000
0.000000
0.000000
0.000000
12.000000
38.813739
70.029398
102.629417
133.596232
159.912280
178.560000
187.287255
186.903614
178.984073
165.103627
146.837271
125.760000
103.315019
80.418367
57.854291
36.407039
16.860860
0.000000
0.000000
0.000000
0.000000
0.000000
0.000000
12.000000
42.603194
79.561068
118.910654
156.688983
188.933088
211.680000
221.970111
220.857253
210.398621
192.651406
169.672801
143.520000
116.089696
88.636585
62.254863
38.038727
17.082374
0.480000
0.000000
0.000000
0.000000
0.000000
5.626591
26.880000
55.105882
87.697785
121.457429
153.186533
179.686817
197.760000
205.034255
202.443562
191.748356
174.709071
153.086141
128.640000
103.032655
77.532411
53.309146
31.532737
13.373062
0.000000
0.000000
0.000000
0.000000
0.000000
7.063832
18.720000
32.200181
46.947083
62.430610
78.120669
93.487164
108.000000
121.039708
131.629321
138.702498
141.192898
138.034179
128.160000
111.114321
88.882300
64.059398
39.241074
17.022788
0.000000
0.000000
0.000000
0.000000
0.000000
11.625780
27.840000
46.618085
66.827339
87.280959
106.792144
124.174092
138.240000
147.989095
153.164722
153.696253
149.513060
140.544519
126.720000
108.261089
86.558219
63.294031
40.151169
18.812278
0.960000
0.000000
0.000000
0.000000
0.000000
0.000000
17.280000
44.463834
76.401054
109.915471
141.830895
168.971134
188.160000
197.018118
196.353379
187.770490
172.874159
153.269093
130.560000
106.265917
81.563209
57.542568
35.294690
15.910270
0.480000
0.000000
0.000000
0.000000
0.000000
0.714273
17.280000
39.223454
64.559423
90.880484
115.779216
136.848196
151.680000
158.470195
157.826300
150.958825
139.078278
123.395166
105.120000
85.424656
65.326487
45.804215
27.836562
12.402249
0.480000
0.000000
0.000000
0.000000
0.000000
0.913613
11.040000
23.723949
38.349169
54.238522
70.714869
87.101075
102.720000
116.826355
128.402238
136.361598
139.618380
137.086532
127.680000
110.935076
88.877433
64.155087
39.416054
17.308353
0.480000
0.000000
0.000000
0.000000
0.000000
6.388944
17.280000
28.709342
40.832669
54.092690
68.932113
85.793647
105.120000
126.818181
148.652404
167.851183
181.643032
187.256467
181.920000
163.955711
136.059937
102.022578
65.633535
30.682708
0.960000
0.000000
0.000000
0.000000
0.000000
0.000000
30.240000
74.997282
127.259780
181.843396
233.564036
277.237603
307.680000
321.034120
318.750811
303.607908
278.383248
245.854667
208.800000
169.784015
130.519199
92.504971
57.240750
26.225953
0.960000
0.000000
0.000000
0.000000
0.000000
0.000000
26.880000
66.898925
113.609008
161.986201
207.006461
243.645743
266.880000
273.096700
264.329355
244.022988
215.622624
182.573287
148.320000
115.800942
85.926907
59.101846
35.729708
16.214443
0.960000
0.000000
0.000000
0.000000
0.000000
0.000000
16.320000
38.685370
64.816584
92.259648
118.560568
141.265350
157.920000
166.654544
167.935094
162.811782
152.334741
137.554103
119.520000
99.278676
77.860818
56.293223
35.602690
16.816016
0.960000
0.000000
0.000000
0.000000
0.000000
0.000000
13.440000
39.491649
70.639308
103.765474
135.752645
163.483321
183.840000
194.451540
195.932246
189.642780
176.943808
159.195993
137.760000
113.966634
89.027266
64.123406
40.436568
19.148262
1.440000
0.000000
0.000000
0.000000
0.000000
3.475403
28.800000
63.807895
105.075746
148.302217
189.185974
223.425680
246.720000
255.893163
252.271658
238.307536
216.452851
189.159655
158.880000
127.830563
97.286511
68.287638
41.873733
19.084590
0.960000
0.000000
0.000000
0.000000
0.000000
2.024207
23.040000
51.188871
83.886523
117.964708
150.255180
177.589693
196.800000
205.522152
204.609390
195.719255
180.509285
160.637020
137.760000
113.402522
88.555916
64.078273
40.827680
19.662226
1.440000
0.000000
0.000000
0.000000
0.000000
0.594077
29.760000
71.317546
120.945197
173.131111
222.363444
263.130355
289.920000
298.713166
291.461157
271.607904
242.597338
207.873393
170.880000
134.632010
100.427953
69.137275
41.629425
18.773851
1.440000
0.000000
0.000000
0.000000
0.000000
9.877869
30.720000
57.541712
88.335034
120.690745
152.199623
180.452449
203.040000
217.998805
225.148389
224.754026
217.080991
202.394557
180.960000
153.394179
121.720299
88.313151
55.547525
25.798211
1.440000
0.000000
0.000000
0.000000
0.000000
4.343710
33.600000
72.732352
118.113602
165.293370
209.821278
247.246947
273.120000
284.135001
281.566291
267.833152
245.354868
216.550723
183.840000
149.460976
114.927903
81.574024
50.732584
23.736828
1.920000
0.000000
0.000000
0.000000
0.000000
6.235299
35.520000
75.274648
121.863700
170.762960
217.448228
257.395308
286.080000
300.075871
300.347545
288.957407
267.967846
239.441248
205.440000
168.026311
129.261676
91.207411
55.924833
25.475257
1.920000
0.000000
0.000000
0.000000
0.000000
7.851059
31.200000
60.571487
93.701988
127.960796
160.717205
189.340509
211.200000
224.221836
228.559632
224.923868
214.025021
196.573572
173.280000
145.090057
113.890594
81.803733
50.951598
23.456313
1.440000
0.000000
0.000000
0.000000
0.000000
0.572288
21.600000
48.953762
80.481884
113.631468
145.849615
174.583425
197.280000
211.884796
218.336693
217.072927
208.530732
193.147345
171.360000
143.938165
112.980231
80.916824
50.178567
23.196085
2.400000
0.000000
0.000000
0.000000
0.000000
10.932762
30.720000
54.722766
81.419133
109.124071
136.152549
160.819536
181.440000
196.557503
205.629976
208.343939
204.385917
193.442429
175.200000
149.838332
119.509853
86.860171
54.534896
25.179636
1.440000
0.000000
0.000000
0.000000
0.000000
4.963471
30.720000
64.247214
102.385471
141.338324
177.309327
206.502035
225.120000
230.437531
224.011948
208.471329
186.443747
160.557279
133.440000
107.300441
82.668958
59.656361
38.373462
18.931071
1.440000
0.000000
0.000000
0.000000
0.000000
0.000000
12.480000
51.043409
98.855499
150.970736
202.443588
248.328520
283.680000
304.645659
311.745784
306.593829
290.803245
265.987485
233.760000
195.860622
154.534696
112.153947
71.090099
33.714875
2.400000
0.000000
0.000000
0.000000
0.000000
0.000000
33.600000
85.618633
146.336917
208.624523
265.351125
309.386393
333.600000
333.035838
311.434681
274.711524
228.781362
179.559189
132.960000
93.798015
62.484359
38.329380
20.643427
8.736851
1.920000
0.000000
0.458995
3.970958
9.053819
14.764519
20.160000
24.578027
28.479662
32.606790
37.701299
44.505073
53.760000
65.751347
78.937914
91.321882
100.905431
105.690743
103.680000
93.636584
77.368682
57.445683
36.436978
16.911953
1.440000
0.000000
0.000000
0.000000
0.000000
11.003665
27.360000
47.229698
69.366326
92.372776
114.851943
135.406720
152.640000
165.336667
173.009560
175.353510
172.063347
162.833900
147.360000
125.781414
100.017657
72.433184
45.392448
21.259902
2.400000
0.000000
0.000000
0.000000
0.000000
5.006492
20.160000
38.330091
58.240872
78.511798
97.762324
114.611906
127.680000
135.855289
139.103367
137.659055
131.757176
121.632550
107.520000
89.884309
70.110106
49.811982
30.604529
14.102338
1.920000
0.000000
0.000000
0.000000
4.349152
14.793653
27.840000
42.872453
59.478385
77.295953
95.963308
115.118606
134.400000
153.187158
169.825803
182.403173
189.006504
187.723034
176.640000
154.796693
125.040624
91.171355
56.988452
26.291479
2.880000
0.000000
0.000000
0.000000
0.000000
8.817715
22.080000
35.127920
47.303679
58.203022
67.421693
74.555438
79.200000
81.057808
80.258027
77.036507
71.629096
64.271644
55.200000
44.756404
33.708656
22.930950
13.297478
5.682430
0.960000
0.000000
1.422903
5.239692
10.345438
15.914191
21.120000
25.370619
29.008621
32.610283
36.751882
42.009695
48.960000
57.825390
67.413725
76.179178
82.575925
85.058140
82.080000
72.734486
58.669814
42.173007
25.531087
11.031077
0.960000
0.000000
0.000000
4.548795
13.628618
24.668664
36.480000
48.065523
59.195446
69.831812
79.936665
89.472046
98.400000
106.550133
113.222309
117.583956
118.802501
116.045373
108.480000
95.680612
78.848652
59.592365
39.519997
20.239794
3.360000
0.000000
0.000000
0.000000
0.000000
6.631008
34.560000
73.807489
120.721235
170.641298
218.907740
260.860620
291.840000
308.273735
310.940865
301.708222
282.442641
255.010956
221.280000
183.170903
142.821973
102.425814
64.175029
30.262224
2.880000
0.000000
0.000000
0.000000
0.000000
6.991261
40.320000
84.816261
135.995273
188.360095
236.413784
274.659400
297.600000
301.338969
288.380997
262.831099
228.794289
190.375585
151.680000
116.163417
84.685183
57.455511
34.684614
16.582706
3.360000
0.000000
0.000000
0.000000
3.507255
17.873592
38.400000
64.824910
94.983952
126.237053
155.944143
181.465149
200.160000
209.995218
211.363698
205.264928
192.698396
174.663590
152.160000
126.296440
98.619035
70.783237
44.444497
21.258267
2.880000
0.000000
0.000000
0.000000
0.000000
11.950007
36.000000
67.467472
103.620315
141.128259
176.661035
206.888372
228.480000
238.915535
238.914133
230.004837
213.716688
191.578728
165.120000
135.879277
105.434263
75.372393
47.281102
22.747826
3.360000
0.000000
0.000000
0.000000
0.000000
12.227745
37.440000
70.553521
108.868259
149.085244
187.905509
222.030084
248.160000
263.694116
268.822596
264.433433
251.414618
230.654143
203.040000
169.738905
133.032468
95.481024
59.644908
28.084455
3.360000
0.000000
0.000000
0.000000
0.000000
9.743591
34.560000
65.835588
101.141844
137.649092
172.527653
202.947848
226.080000
239.702940
244.029534
239.881161
228.079197
209.445017
184.800000
155.181543
122.491129
88.846263
56.364450
27.163194
3.360000
0.000000
0.000000
0.000000
0.000000
7.853317
37.920000
78.268235
125.271741
174.458595
221.356872
261.494649
290.400000
304.673949
305.209308
293.971834
272.927285
244.041421
209.280000
170.684857
130.602139
91.454070
55.662875
25.650777
3.840000
0.000000
0.000000
0.000000
0.438993
11.537694
23.520000
34.910876
46.127097
58.058391
71.594488
87.625115
107.040000
130.027652
153.971700
175.554550
191.458611
198.366292
192.960000
173.242960
142.501660
105.343409
66.375511
30.205272
1.440000
0.000000
0.000000
0.000000
0.000000
0.000000
12.960000
30.248335
47.758371
64.289332
78.640441
89.610922
96.000000
96.990594
93.300412
86.030858
76.283336
65.159248
53.760000
43.002621
33.066646
23.947235
15.639550
8.138751
1.440000
0.000000
0.000000
0.000000
0.000000
6.254635
23.520000
48.506136
79.156892
112.751961
146.571039
177.893821
204.000000
222.614312
233.241651
235.831954
230.335156
216.701193
194.880000
165.354395
130.738725
94.180221
58.826113
27.823629
4.320000
0.000000
0.000000
0.000000
4.511505
24.033181
49.440000
79.575393
112.465265
145.931138
177.794536
205.876982
228.000000
242.388097
248.877717
247.708289
239.119241
223.350002
200.640000
171.558886
137.997200
102.175706
66.315166
32.636343
3.360000
0.000000
0.000000
0.000000
0.000000
0.000000
22.560000
72.071232
131.673317
195.168746
256.360009
309.049597
347.040000
365.658714
366.333251
352.016130
325.659869
290.216987
248.640000
203.740581
157.767013
112.826733
71.027180
34.475790
5.280000
0.000000
0.000000
0.000000
0.000000
2.637632
32.160000
71.310230
116.531526
163.525520
207.993843
245.638125
272.160000
284.337894
283.257419
271.080984
249.970997
222.089866
189.600000
154.582640
118.794354
83.910546
51.606616
23.557967
1.440000
0.000000
0.000000
0.000000
0.000000
2.211601
24.480000
53.560057
87.336098
123.282119
158.872112
191.580075
218.880000
238.639335
250.299331
253.694692
248.660121
235.030323
212.640000
181.880382
145.368801
106.279115
67.785181
33.060857
5.280000
0.000000
0.000000
0.000000
0.000000
11.946250
41.760000
80.038628
123.453788
168.045493
209.853755
244.918587
269.280000
279.979686
278.066050
265.589179
244.599157
217.146069
185.280000
150.998185
116.086455
82.277791
51.305173
24.901583
4.800000
0.000000
0.000000
0.000000
0.000000
15.692045
37.920000
65.638183
96.814359
129.083578
160.080890
187.441347
208.800000
222.250803
227.723323
225.606032
216.287400
200.155899
177.600000
149.354161
117.536793
84.612295
53.045064
25.299500
3.840000
0.000000
0.000000
0.000000
0.000000
12.841657
34.080000
60.104516
89.056301
118.828549
147.314452
172.407204
192.000000
204.393826
209.520846
207.721016
199.334294
184.700636
164.160000
138.373512
109.286981
79.167386
50.281705
24.896917
5.280000
0.000000
0.000000
0.000000
0.000000
3.720585
15.840000
29.633544
44.072550
58.134859
70.798310
81.040743
87.840000
90.451476
89.240792
84.851126
77.925654
69.107553
59.040000
48.338330
37.506503
27.020638
17.356854
8.991268
2.400000
0.000000
0.000000
0.000000
0.000000
2.227374
8.640000
17.009737
26.671823
36.834076
46.704312
55.490348
62.400000
66.803624
68.721732
68.337374
65.833599
61.393458
55.200000
47.484654
38.672358
29.236429
19.650181
10.386933
1.920000
0.000000
0.000000
0.000000
0.000000
15.534365
41.760000
78.955419
123.701190
171.535923
217.998229
258.626718
288.960000
305.545008
308.961960
300.799395
282.645854
256.089876
222.720000
184.297882
143.277637
102.286496
63.951689
30.900447
5.760000
0.000000
0.000000
0.000000
0.000000
5.019448
20.160000
37.046042
54.754621
72.475023
89.396531
104.708428
117.600000
127.334592
133.471802
135.645288
133.488711
126.635728
114.720000
97.780033
77.473726
55.863824
35.013072
16.984215
3.840000
0.000000
0.000000
1.379416
10.636781
23.569633
39.360000
57.214427
76.437547
96.358511
116.306472
135.610585
153.600000
169.492573
182.060965
189.966541
191.870663
186.434695
172.320000
148.979725
119.034147
85.895326
52.975321
23.686192
1.440000
0.000000
0.000000
0.000000
0.000000
11.629424
27.840000
45.232836
62.769403
79.516051
94.539133
106.904999
115.680000
120.164574
120.595499
117.443639
111.179860
102.275025
91.200000
78.413314
64.324159
49.329392
33.825872
18.210455
2.880000
0.000000
0.000000
0.000000
0.000000
0.000000
22.560000
67.922445
124.079929
184.855439
244.071963
295.552487
333.120000
352.079159
353.661306
340.579452
315.546608
281.275787
240.480000
195.843140
149.932625
105.286755
64.443827
29.942143
4.320000
0.000000
0.000000
0.000000
0.000000
2.037864
12.960000
23.241517
32.896825
42.359126
52.061622
62.437512
73.920000
86.601208
99.208951
110.129965
117.750987
120.458753
116.640000
105.329206
88.151815
67.381013
45.289986
24.151920
6.240000
0.000000
0.000000
0.000000
0.000000
2.009123
20.160000
44.582921
72.553029
100.755057
125.873739
144.593809
153.600000
150.644126
137.746319
117.993791
94.473753
70.273419
48.480000
31.538353
19.323919
11.069781
6.009025
3.374737
2.400000
2.438016
3.322451
5.007085
7.445701
10.592079
14.400000
18.874026
24.221833
30.701877
38.572616
48.092505
59.520000
72.774770
86.421330
98.685406
107.792725
111.969014
109.440000
99.120228
82.679516
62.476500
40.869818
20.218106
2.880000
0.000000
0.000000
0.000000
0.000000
2.774118
21.600000
46.651385
75.869164
106.749126
136.787059
163.478754
184.320000
197.330140
202.622736
200.834904
192.603760
178.566420
159.360000
135.774721
109.213225
81.231258
53.384567
27.228899
4.320000
0.000000
0.000000
0.000000
0.000000
0.000000
19.200000
59.676934
108.333765
159.708490
208.339107
248.763611
275.520000
284.630179
278.051688
259.225976
231.594491
198.598683
163.680000
129.806795
98.055039
69.027606
43.327372
21.557212
4.320000
0.000000
0.000000
0.000000
0.000000
2.454693
21.600000
47.638195
78.516775
111.697992
144.644100
174.817352
199.680000
217.122356
226.746966
228.584431
222.665357
209.020345
187.680000
159.152380
125.855362
90.684282
56.534473
26.301267
2.880000
0.000000
0.000000
0.000000
0.000000
10.943474
32.160000
57.701785
85.751632
114.301959
141.345184
164.873725
182.880000
193.775846
197.650777
195.013725
186.373623
172.239404
153.120000
129.725942
103.574151
76.383143
49.871437
25.757550
5.760000
0.000000
0.000000
0.000000
0.000000
6.939286
32.640000
67.683629
108.624255
151.182040
191.077150
224.029749
245.760000
253.145098
247.690361
232.058135
208.910768
180.910607
150.720000
120.684866
91.885413
65.085420
41.048667
20.538934
4.320000
0.000000
0.000000
0.000000
0.000000
3.738103
21.600000
45.608938
73.807077
103.793834
133.168629
159.530878
180.480000
194.079920
200.252592
199.384476
191.862031
178.071719
158.400000
133.538047
105.395888
76.188263
48.129913
23.435579
4.320000
0.000000
0.000000
0.000000
0.276094
15.908189
37.440000
64.143722
93.895355
124.221849
152.650155
176.707221
193.920000
202.401664
202.610278
195.590131
182.385510
164.040704
141.600000
116.209622
89.423532
62.897628
38.287806
17.249965
1.440000
0.000000
0.000000
0.000000
0.000000
11.463882
27.360000
46.437655
68.007432
91.364944
115.805802
140.625617
165.120000
188.353978
208.470234
223.380866
230.997972
229.233651
216.000000
190.255323
155.142745
114.851594
73.571199
35.490892
4.800000
0.000000
0.000000
0.000000
0.000000
4.533893
30.240000
62.236871
97.750992
133.617365
166.670990
193.746868
211.680000
218.158900
214.286134
202.017781
183.309922
160.118635
134.400000
107.951975
81.940029
57.371511
35.253768
16.594149
2.400000
0.000000
0.000000
0.000000
0.000000
8.818104
24.480000
44.310778
67.169418
91.723791
116.641765
140.591212
162.240000
180.308132
193.724133
201.468662
202.522378
195.865938
180.480000
156.070029
125.240717
91.321560
57.642056
27.531704
4.320000
0.000000
0.000000
0.000000
0.000000
4.909469
17.760000
31.356298
45.613947
60.758045
77.013688
94.605974
113.760000
134.260835
154.133433
170.962722
182.333628
185.831079
179.040000
160.553697
132.998988
100.011067
65.225132
32.276378
4.800000
0.000000
0.000000
0.000000
0.000000
6.161188
36.480000
76.648795
123.198547
171.916899
218.591496
259.009982
288.960000
305.195999
308.339642
299.979396
281.703729
255.101108
221.760000
183.436099
142.553998
101.705518
63.482478
30.476699
5.280000
0.000000
0.000000
0.000000
0.000000
17.683208
43.200000
74.243252
107.970756
141.120349
170.429864
192.637136
204.480000
203.720720
192.219274
172.860072
148.527520
122.106027
96.480000
73.984980
54.761035
38.399364
24.491168
12.627647
2.400000
0.000000
0.000000
0.000000
0.000000
13.705609
42.720000
84.268691
134.061508
186.530748
236.108711
277.227696
304.320000
313.310320
306.092938
286.054536
256.581792
221.061386
182.880000
145.032252
108.944516
75.651109
46.186344
21.584537
2.880000
0.000000
0.000000
0.000000
0.000000
0.000000
8.640000
22.747275
39.037278
57.184781
76.864555
97.751371
119.520000
141.521338
161.810781
178.119848
188.180060
189.722938
180.480000
159.254039
129.132932
94.275826
58.841870
26.990212
2.880000
0.000000
0.000000
0.000000
0.968014
14.980658
30.720000
46.498163
62.014880
77.316787
92.450518
107.462711
122.400000
137.024843
149.962989
159.556007
164.145468
162.072942
151.680000
132.144686
105.990942
76.579185
47.269832
21.423298
2.400000
0.000000
0.000000
0.000000
3.468538
13.420533
23.040000
30.758552
37.147201
43.311809
50.358238
59.392347
71.520000
87.236045
104.591286
121.025511
133.978512
140.890078
139.200000
127.270599
107.154322
81.826146
54.261049
27.434008
4.320000
0.000000
0.000000
0.000000
0.000000
1.736113
29.280000
67.072062
111.831090
159.474241
205.918672
247.081540
278.880000
298.087974
304.906437
300.393131
285.605796
261.602172
229.440000
190.542710
147.796494
104.453233
63.764810
28.983105
3.360000
0.000000
0.000000
0.000000
0.063854
14.276520
30.240000
46.225880
62.119826
78.211025
94.788663
112.141926
130.560000
149.895294
168.253108
183.301963
192.710382
194.146887
185.280000
164.792944
135.427743
100.941122
65.089808
31.630526
4.320000
0.000000
0.000000
0.000000
0.000000
0.000000
10.560000
31.684219
54.899681
78.084688
99.117542
115.876546
126.240000
128.719082
124.356466
114.827701
101.808335
86.973919
72.000000
58.230565
45.683345
34.044510
23.000228
12.236668
1.440000
0.000000
0.000000
0.000000
0.000000
0.000000
15.360000
51.268130
95.742702
143.418446
188.930091
226.912366
252.000000
260.277709
253.630147
235.391954
208.897772
177.482241
144.480000
112.774369
83.443378
57.113736
34.412153
15.965338
2.400000
0.000000
0.000000
0.000000
3.213614
17.476406
37.440000
62.817476
92.020142
123.133863
154.244503
183.437927
208.800000
228.600835
241.847534
247.731449
245.443932
234.176331
213.120000
182.239185
144.589721
104.000340
64.299771
29.316748
2.880000
0.000000
0.000000
0.000000
0.000000
15.083344
34.560000
55.575560
76.911511
97.470891
116.156740
131.872097
143.520000
150.228669
152.027043
149.169243
141.909389
130.501601
115.200000
96.476433
75.673652
54.352139
34.072372
16.394833
2.880000
0.000000
0.000000
0.000000
0.000000
1.185735
8.160000
15.630052
23.444064
31.599050
40.092025
48.920003
58.080000
67.407524
76.092063
83.161598
87.644111
88.567585
84.960000
76.257629
63.529907
48.254559
31.909308
15.971880
1.920000
0.000000
0.000000
0.000000
0.000000
1.873784
23.040000
52.921205
89.050196
128.264771
167.402731
203.301874
232.800000
253.299888
264.464243
266.520747
259.697085
244.220941
220.320000
188.641464
151.510612
111.672242
71.871151
34.852138
3.360000
0.000000
0.000000
0.000000
0.000000
0.000000
20.640000
66.239289
120.418369
177.606610
232.233383
278.728056
311.520000
326.453034
325.028770
310.163273
284.772603
251.772825
214.080000
174.379688
134.435439
95.780299
59.947315
28.469533
2.880000
0.000000
0.000000
0.000000
0.000000
3.413487
35.520000
79.374127
130.940005
185.197582
237.126809
281.707632
313.920000
329.964169
330.921620
319.094141
296.783519
266.291543
229.920000
189.906975
148.235737
106.825854
67.596893
32.468419
3.360000
0.000000
0.000000
0.000000
0.000000
0.000000
24.000000
66.950186
117.053650
168.444378
215.256356
251.623568
271.680000
271.364659
253.836636
224.060046
186.999000
147.617614
110.880000
80.724513
56.986472
38.475439
24.000976
12.372642
2.400000
0.000000
0.000000
0.000000
0.000000
1.014039
23.520000
57.115215
98.534738
143.471774
187.619527
226.671201
256.320000
273.221851
277.883572
271.774706
256.364794
233.123378
203.520000
169.150716
132.117641
94.649403
58.974631
27.321954
1.920000
0.000000
0.000000
0.000000
0.000000
2.797696
29.760000
65.303702
106.383347
149.319867
190.434195
226.047262
252.480000
266.894353
269.816304
262.612849
246.650983
223.297702
193.920000
160.045555
123.844771
87.648737
53.788538
24.595264
2.400000
0.000000
0.000000
0.000000
0.000000
0.000000
7.200000
17.449618
27.567893
37.362446
46.640899
55.210877
62.880000
69.413653
74.408261
77.418013
77.997095
75.699695
70.080000
60.969104
49.305729
36.305502
23.184053
11.157010
1.440000
0.000000
0.000000
0.000000
0.000000
8.823377
23.040000
41.677838
63.512310
87.034588
110.735846
133.107259
152.640000
167.980937
178.399715
183.321672
182.172146
174.376476
159.360000
137.089524
109.697719
79.858726
50.246682
23.535727
2.400000
0.000000
0.000000
0.000000
0.000000
0.000000
6.720000
19.833272
34.317983
49.867572
66.175478
82.935141
99.840000
116.368166
131.136439
142.546288
148.999184
148.896598
140.640000
123.427396
99.642928
72.467277
45.081119
20.665134
2.400000
0.000000
0.000000
0.000000
3.991894
16.087310
29.760000
43.650266
57.163015
69.894304
81.440193
91.396738
99.360000
104.965573
108.007205
108.318179
105.731780
100.081292
91.200000
79.107441
64.568167
48.532981
31.952689
15.778093
0.960000
0.000000
0.000000
0.000000
0.000000
0.000000
23.520000
61.151690
106.613544
154.767433
200.475226
238.598791
264.000000
272.915246
267.079029
249.600371
223.588298
192.151833
158.400000
125.073991
93.443674
64.411081
38.878248
17.747210
1.920000
0.000000
0.000000
0.000000
0.000000
0.000000
6.720000
16.764191
27.357887
37.787701
47.340249
55.302143
60.960000
63.778892
63.937732
61.793891
57.704741
52.027653
45.120000
37.351351
29.140075
20.916735
13.111899
6.156132
0.480000
0.000000
0.000000
0.000000
0.000000
7.956707
20.160000
36.788063
56.709824
78.466591
100.599671
121.650372
140.160000
154.820935
164.929845
169.934467
169.282541
162.421806
148.800000
128.361529
103.037464
75.255541
47.443498
22.029072
1.440000
0.000000
0.000000
0.000000
0.000000
0.000000
12.960000
33.764455
57.423555
82.010981
105.600411
126.265524
142.080000
151.535900
154.798812
152.452707
145.081556
133.269330
117.600000
98.778614
77.994531
56.558191
35.780030
16.970487
1.440000
0.000000
0.000000
0.000000
0.000000
1.279831
20.160000
45.867246
76.028770
107.703690
137.951123
163.830187
182.400000
191.434702
191.568522
184.150710
170.530519
152.057199
130.080000
105.951723
81.039365
56.713468
34.344579
15.303241
0.960000
0.000000
0.000000
0.000000
0.000000
0.143170
8.160000
17.039104
27.180111
39.244863
53.895201
71.792966
93.600000
119.291847
146.098869
170.565130
189.234695
198.651630
195.360000
177.229064
147.428859
110.454618
70.801573
32.964956
1.440000
0.000000
0.000000
0.000000
0.000000
0.000000
19.680000
53.685565
92.486136
132.579790
170.464601
202.638646
225.600000
236.716953
236.838648
227.684443
210.973695
188.425761
161.760000
132.648846
102.577050
72.982440
45.302842
20.976086
1.440000
0.000000
0.000000
0.000000
0.000000
0.000000
19.200000
45.809396
76.641457
108.754364
139.206301
165.055452
183.360000
191.914753
191.461023
183.476746
169.439859
150.828298
129.120000
105.720480
81.745563
58.238653
36.243154
16.802468
0.960000
0.000000
0.000000
0.000000
0.000000
0.000000
16.800000
41.210655
69.663093
99.146779
126.651182
149.165766
163.680000
168.014052
163.310904
151.544241
134.687746
114.715104
93.600000
73.070914
53.875513
36.516258
21.495613
9.316039
0.480000
0.000000
0.000000
0.000000
0.000000
0.580739
5.280000
10.297698
16.078528
23.280832
32.562951
44.583226
60.000000
78.906918
99.138843
117.965946
132.658394
140.486356
138.720000
125.681298
103.899432
76.955385
48.430141
21.904685
0.960000
0.000000
0.000000
0.000000
0.000000
4.134905
18.240000
33.882701
49.891298
65.114558
78.401250
88.600141
94.560000
95.485750
92.006935
85.109253
75.778404
65.000087
53.760000
42.898743
32.676519
23.208429
14.609578
6.995067
0.480000
0.000000
0.000000
0.000000
0.000000
0.000000
5.280000
17.804149
33.215520
50.103453
67.057285
82.666355
95.520000
104.464129
109.370929
110.369158
107.587575
101.154936
91.200000
78.017114
62.562986
45.959914
29.330193
13.796123
0.480000
0.000000
0.000000
0.000000
0.000000
0.000000
15.360000
39.742118
68.639621
98.935336
127.512088
151.252700
167.040000
172.601893
169.046611
158.327467
142.397775
123.210848
102.720000
82.594756
63.369491
45.294795
28.621256
13.599461
0.480000
0.000000
0.000000
0.000000
0.000000
0.000000
13.440000
41.968907
76.648815
113.691800
149.309941
179.715315
201.120000
210.698620
209.475985
199.439450
182.576370
160.874102
136.320000
110.716612
85.127246
60.430402
37.504579
17.228279
0.480000
0.000000
0.000000
0.000000
0.000000
0.000000
15.360000
42.550323
74.545957
107.793823
138.740839
163.833925
179.520000
183.259332
176.565583
161.965765
141.986888
119.155962
96.000000
74.621238
55.422820
38.383117
23.480499
10.693337
0.000000
0.000000
0.000000
0.000000
0.000000
0.000000
13.920000
37.364787
65.515748
95.249817
123.443926
146.975009
162.720000
168.394025
165.064982
154.638966
139.022069
120.120382
99.840000
79.828004
60.695433
42.794318
26.476688
12.094572
0.000000
0.000000
0.000000
0.000000
0.000000
0.000000
13.440000
37.356151
66.371426
97.790635
128.918593
157.060110
179.520000
194.132544
200.849901
200.153697
192.525561
178.447119
158.400000
133.144783
104.557861
74.794577
46.010276
20.360302
0.000000
0.000000
0.000000
0.000000
0.000000
0.000000
5.760000
21.573037
38.896403
56.173439
71.847489
84.361895
92.160000
94.139529
91.015733
83.958248
74.136708
62.720747
50.880000
39.617737
29.271776
20.013568
12.014568
5.446227
0.480000
0.000000
0.000000
0.000000
0.000000
0.954344
5.760000
12.015285
19.708456
28.836514
39.396457
51.385286
64.800000
79.351562
93.606790
105.846466
114.351372
117.402289
113.280000
100.998468
82.504385
60.477623
37.598057
16.545558
0.000000
0.000000
0.000000
0.000000
0.000000
0.000000
5.760000
13.887715
22.108490
30.530214
39.260780
48.408078
58.080000
68.187906
77.857037
86.016102
91.593811
93.518874
90.720000
82.522881
69.841139
53.985376
36.266196
17.994203
0.480000
0.000000
0.000000
0.000000
0.000000
0.000000
14.880000
55.723733
105.356342
157.605051
206.297082
245.259657
268.320000
271.113390
256.507335
229.177403
193.799159
155.048169
117.600000
85.287153
58.569872
37.065337
20.390727
8.163221
0.000000
0.000000
0.000000
0.000000
0.000000
1.996724
6.720000
11.685297
17.412976
24.649662
34.141979
46.636550
62.880000
83.007480
104.708251
125.060100
141.140816
150.028187
148.800000
135.620339
112.998465
84.529937
53.810312
24.435147
0.000000
0.000000
0.000000
0.000000
0.000000
0.000000
8.640000
31.130555
56.814426
83.749459
109.993501
133.604399
152.640000
165.519948
172.111075
172.642014
167.341394
156.437845
140.160000
119.002988
94.527940
68.562486
42.934258
19.470886
0.000000
0.000000
0.000000
0.000000
0.000000
0.000000
8.160000
31.315720
58.132287
85.685350
111.050557
131.303557
143.520000
145.637907
139.044797
125.990560
108.725087
89.498270
70.560000
53.748205
39.252969
26.852410
16.324649
7.447805
0.000000
0.000000
0.000000
0.000000
0.000000
0.000000
12.480000
31.619157
55.249276
81.388388
108.054525
133.265719
155.040000
171.667436
182.526236
187.266647
185.538914
176.993283
161.280000
138.526656
110.770225
80.525024
50.305374
22.625593
0.000000
0.000000
0.000000
0.000000
0.000000
0.000000
15.360000
41.758472
72.209423
104.081952
134.745158
161.568141
181.920000
193.751283
197.338331
193.538936
183.210889
167.211980
146.400000
121.778620
94.935031
67.602303
41.513508
18.401717
0.000000
0.000000
0.000000
0.000000
0.000000
0.000000
3.840000
18.779984
35.743228
53.530290
70.941733
86.778116
99.840000
109.134713
114.496653
115.966987
113.586878
107.397494
97.440000
83.936719
67.834603
50.261763
32.346309
15.216351
0.000000
0.000000
0.000000
0.000000
0.000000
0.000000
8.640000
35.545187
67.630100
100.834390
131.097703
154.359691
166.560000
164.914174
151.741330
130.636480
105.194634
79.010804
55.680000
37.978117
25.404578
16.639690
10.363760
5.257095
0.000000
0.000000
0.000000
0.000000
0.000000
0.000000
12.000000
38.624004
71.838436
107.521275
141.550497
169.804080
188.160000
193.635071
187.801453
173.370141
153.052131
129.558418
105.600000
83.406823
63.284641
45.058162
28.552091
13.591135
0.000000
0.000000
0.000000
0.000000
0.000000
0.000000
5.760000
36.031515
73.506542
113.852993
152.738779
185.831810
208.800000
218.434080
216.016072
203.950817
184.643159
160.497939
133.920000
107.045497
80.935837
56.383738
34.181920
15.123101
0.000000
0.000000
0.000000
0.000000
0.000000
0.000000
12.480000
32.712114
56.288510
81.039342
104.794765
125.384932
140.640000
148.898724
150.534269
146.428402
137.462890
124.519501
108.480000
90.241879
70.765526
51.027050
32.002563
14.668176
0.000000
0.000000
0.000000
0.000000
0.000000
0.000000
10.560000
34.194196
62.428848
92.379354
121.161116
145.889531
163.680000
172.365013
172.645425
165.939184
153.664235
137.238524
118.080000
97.490197
76.305007
55.243911
35.026391
16.371927
0.000000
0.000000
0.000000
0.000000
0.000000
0.000000
9.600000
40.008559
77.041247
116.735400
155.128353
188.257441
212.160000
223.849342
224.242686
215.233228
198.714164
176.578689
150.720000
122.922962
94.539120
66.811689
40.983882
18.298914
0.000000
0.000000
0.000000
0.000000
0.000000
0.000000
9.120000
30.757357
55.981995
82.428244
107.730440
129.522914
145.440000
153.685095
154.737856
149.647006
139.461265
125.229356
108.000000
88.820041
68.728803
48.763734
29.962279
13.361886
0.000000
0.000000
0.000000
0.000000
0.000000
0.000000
8.160000
23.996543
42.167912
60.804025
78.034798
91.990151
100.800000
103.132417
99.808085
92.185841
81.624521
69.482962
57.120000
45.642677
35.150858
25.492611
16.516006
8.069113
0.000000
0.000000
0.000000
0.000000
0.000000
0.000000
3.360000
23.738717
49.126319
76.492528
102.807064
125.039648
140.160000
145.946037
143.408461
134.366171
120.638065
104.043042
86.400000
69.248246
53.008725
37.822787
23.831785
11.177072
0.000000
0.000000
0.000000
0.000000
0.000000
0.000000
3.360000
24.394511
50.578048
79.346488
108.135709
134.381587
155.520000
169.487645
176.224500
176.171365
169.769037
157.458316
139.680000
117.139354
91.599506
65.088052
39.632586
17.260704
0.000000
0.000000
0.000000
0.000000
0.000000
0.000000
3.360000
11.889774
21.041704
31.126239
42.453833
55.334936
70.080000
86.610407
103.291266
118.098615
129.008495
133.996943
131.040000
118.886374
99.375454
75.119299
48.729966
22.819513
0.000000
0.000000
0.000000
0.000000
0.000000
0.000000
8.640000
41.170576
79.903547
120.603943
159.036796
190.967138
212.160000
219.538043
214.654452
200.220038
178.945616
153.541999
126.720000
100.783916
76.411979
53.875904
33.447406
15.398199
0.000000
0.000000
0.000000
0.000000
0.000000
0.000000
4.320000
29.488697
59.819721
91.618717
121.191331
144.843210
158.880000
160.703365
152.099042
135.948789
115.134360
92.537511
71.040000
52.937844
38.184110
26.146129
16.191230
7.686744
0.000000
0.000000
0.000000
0.000000
0.000000
0.000000
6.240000
27.381114
53.797820
82.607088
110.925893
135.871206
154.560000
164.788060
167.066426
162.584951
152.533486
138.101885
120.480000
100.791089
79.892031
58.573109
37.624608
17.836810
0.000000
0.000000
0.000000
0.000000
0.000000
0.000000
7.200000
41.118580
82.486171
126.436442
168.103060
202.619690
225.120000
232.086988
225.400976
208.291618
183.988567
155.721477
126.720000
99.666802
75.056590
52.837084
32.956005
15.361070
0.000000
0.000000
0.000000
0.000000
0.000000
0.000000
6.720000
36.861087
73.781643
113.242740
151.005450
182.830846
204.480000
212.843179
209.327430
196.468996
176.804118
152.869039
127.200000
101.968419
77.886414
55.301277
34.560301
16.010777
0.000000
0.000000
0.000000
0.000000
0.000000
0.000000
5.760000
33.516784
67.348156
103.515139
138.278758
167.900037
188.640000
197.729720
196.280464
186.373549
170.090289
149.512001
126.720000
103.517669
80.596654
58.370667
37.253420
17.658627
0.000000
0.000000
0.000000
0.000000
0.000000
0.000000
6.720000
41.730580
84.364995
129.274194
171.109128
204.520746
224.160000
226.266964
213.438211
189.859440
159.716349
127.194636
96.480000
70.903788
50.379940
33.968047
20.727700
9.718487
0.000000
0.000000
0.000000
0.000000
0.000000
0.000000
6.720000
32.044667
63.211943
96.258471
127.220894
152.135856
167.040000
169.134555
160.279087
143.497747
121.814685
98.254052
75.840000
56.972668
41.556153
28.870542
18.195922
8.812379
0.000000
0.000000
0.000000
0.000000
0.000000
0.000000
5.760000
30.974904
62.271979
95.709124
127.344241
153.235233
169.440000
173.141164
166.020230
150.883422
130.536964
107.787082
85.440000
65.760439
48.847102
34.257190
21.547902
10.276439
0.000000
0.000000
0.000000
0.000000
0.000000
0.000000
5.280000
30.297902
61.000779
93.371530
123.393052
147.048242
160.320000
160.415756
149.441076
130.726061
107.600810
83.395423
61.440000
44.307964
31.546028
21.944227
14.292598
7.381177
0.000000
0.000000
0.000000
0.000000
0.000000
0.000000
5.280000
34.346925
70.990273
110.527649
148.276659
179.554908
199.680000
205.277689
198.206316
181.632372
158.722345
132.642724
106.560000
83.051208
62.335573
44.042864
27.802852
13.245307
0.000000
0.000000
0.000000
0.000000
0.000000
0.000000
3.840000
33.354436
69.903302
109.052443
146.367709
177.414945
197.760000
204.191443
198.388734
183.254053
161.689583
136.597505
110.880000
86.948680
65.252874
45.751343
28.402847
13.166146
0.000000
0.000000
0.000000
0.000000
0.000000
0.000000
3.360000
26.980411
55.743600
86.146360
114.685485
137.857768
152.160000
155.100074
148.230274
134.113984
115.314586
94.395464
73.920000
55.970404
40.704191
27.797703
16.927280
7.769266
0.000000
0.000000
0.000000
0.000000
0.000000
0.000000
4.320000
20.185245
39.715075
60.801477
81.336440
99.211952
112.320000
119.069597
119.937849
115.918886
108.006837
97.195832
84.480000
70.743032
56.426861
41.862979
27.382880
13.318056
0.000000
0.000000
0.000000
0.000000
0.000000
0.000000
3.840000
33.070541
68.927648
106.720233
141.757211
169.347495
184.800000
184.846228
171.908037
149.829872
122.456181
93.631408
67.200000
46.200102
30.444649
18.940278
10.693623
4.711318
0.000000
0.000000
0.000000
0.000000
0.000000
0.000000
1.920000
12.726436
26.381887
41.563660
56.949064
71.215408
83.040000
91.343112
96.016865
97.196346
95.016638
89.612828
81.120000
69.798895
56.412875
41.850958
27.002162
12.755503
0.000000
0.000000
0.000000
0.000000
0.000000
0.000000
1.920000
22.326983
47.149478
73.529755
98.610086
119.532744
133.440000
138.261869
135.079344
125.761159
112.176050
96.192752
79.680000
64.163317
49.795369
36.385610
23.743493
11.678472
0.000000
0.000000
0.000000
0.000000
0.000000
0.000000
3.360000
32.646116
69.079017
108.088779
145.105478
175.559193
194.880000
199.790670
192.184751
175.248483
152.168108
126.129866
100.320000
77.328980
57.364202
40.037290
24.959868
11.743564
0.000000
0.000000
0.000000
0.000000
0.000000
0.000000
3.360000
28.164053
58.535365
90.513276
120.137125
143.446253
156.480000
156.488157
145.562321
127.004539
104.116860
80.201331
58.560000
41.747763
29.330908
20.128568
12.959881
6.643979
0.000000
0.000000
0.000000
0.000000
0.000000
0.000000
1.920000
26.422409
57.519563
91.266680
123.718980
150.931680
168.960000
174.936240
170.301032
157.572090
139.267128
117.903860
96.000000
75.637075
57.151864
40.444959
25.416952
11.968435
0.000000
0.000000
0.000000
0.000000
0.000000
0.000000
2.880000
26.589972
55.673195
86.522739
115.531675
139.093072
153.600000
156.491318
149.389040
134.960967
115.874902
94.798645
74.400000
56.811421
42.023977
29.493391
18.675384
9.025680
0.000000
0.000000
0.000000
0.000000
0.000000
0.000000
2.400000
25.138811
53.533597
84.104734
113.372597
137.857560
154.080000
159.515093
155.457228
144.155596
127.859386
108.817791
89.280000
71.089705
54.468601
39.232884
25.198747
12.182388
0.000000
0.000000
0.000000
0.000000
0.000000
0.000000
1.920000
29.290398
63.213490
99.395637
133.543198
161.362532
178.560000
182.081212
173.828783
156.944581
134.570472
109.848323
85.920000
65.302532
48.013598
33.446037
20.992691
10.046398
0.000000
0.000000
0.000000
0.000000
0.000000
0.000000
1.920000
25.745055
55.376882
87.088885
117.154470
141.847040
157.440000
161.262233
154.864538
140.853190
121.834467
100.414644
79.200000
60.323790
44.027190
30.078355
18.245442
8.296605
0.000000
0.000000
0.000000
0.000000
0.000000
0.000000
1.440000
15.181338
32.150444
50.628091
68.895050
85.232096
97.920000
105.616485
108.487077
107.074249
101.920477
93.568236
82.560000
69.479387
55.074583
40.134914
25.449709
11.808295
0.000000
0.000000
0.000000
0.000000
0.000000
0.000000
1.440000
17.972306
37.791492
58.560708
77.943099
93.601814
103.200000
105.084812
100.339438
90.731074
78.026916
63.994159
50.400000
38.655113
28.744088
20.294995
12.935903
6.294881
0.000000
0.000000
0.000000
0.000000
0.000000
0.000000
1.440000
17.565938
37.639069
59.069217
79.266206
95.639859
105.600000
107.312623
101.968402
91.514184
77.896814
63.063138
48.960000
37.123571
27.447322
19.414045
12.506536
6.207590
0.000000
0.000000
0.000000
0.000000
0.000000
0.000000
0.960000
18.572950
40.614543
64.167413
86.314190
104.137508
114.720000
116.003997
109.370626
97.060714
81.315088
64.374574
48.480000
35.406619
25.067398
16.909732
10.381014
4.928638
0.000000
0.000000
0.000000
0.000000
0.000000
0.000000
0.960000
13.439719
29.049034
45.848832
61.900001
75.263428
84.000000
86.709376
84.146306
77.604312
68.376915
57.757637
47.040000
37.271665
28.516852
20.593920
13.321228
6.517135
0.000000
0.000000
0.000000
0.000000
0.000000
0.000000
0.960000
16.768038
36.462450
57.546045
77.521630
93.892013
104.160000
106.543886
102.123913
92.695810
80.055304
65.998125
52.320000
40.451973
30.366341
21.670716
13.972709
6.879933
0.000000
0.000000
0.000000
0.000000
0.000000
0.000000
0.960000
19.004025
41.501875
65.483973
87.980744
106.022611
116.640000
117.744565
110.772888
98.042780
81.872055
64.578524
48.480000
35.399937
25.184352
17.184906
10.753259
5.241071
0.000000
0.000000
0.000000
0.000000
0.000000
0.000000
0.480000
15.186197
33.727943
53.784717
73.035998
89.161266
99.840000
103.388411
100.669634
93.183538
82.429989
69.908853
57.120000
45.291270
34.562408
24.801131
15.875159
7.652209
0.000000
0.000000
0.000000
0.000000
0.000000
0.000000
0.480000
17.093811
37.683548
59.611123
80.238448
96.927437
107.040000
108.713803
103.189519
92.483571
78.612386
63.592387
49.440000
37.728754
28.260599
20.394591
13.489785
6.905237
0.000000
0.000000
0.000000
0.000000
0.000000
0.000000
0.960000
22.933189
50.480399
79.813157
107.142992
128.681430
140.640000
140.378286
129.848099
112.149308
90.381783
67.645390
47.040000
31.009224
19.371650
11.289609
5.925433
2.441453
0.000000
0.000000
0.000000
0.000000
0.000000
0.000000
0.000000
4.569282
10.269370
16.441375
22.426408
27.565579
31.200000
32.849165
32.746108
31.302245
28.928995
26.037774
23.040000
20.227390
17.412865
14.289643
10.550945
5.889991
0.000000
0.000000
0.000000
0.000000
0.000000
0.000000
0.480000
22.780851
51.004073
81.313631
109.873494
132.847627
146.400000
147.826433
138.950166
122.726295
102.109913
80.056117
59.520000
42.837862
29.870818
19.861190
12.051297
5.683461
0.000000
0.000000
0.000000
0.000000
0.000000
0.000000
0.480000
14.662548
32.414052
51.483032
69.618004
84.567488
94.080000
96.545468
92.919454
84.798929
73.780864
61.462231
49.440000
38.973359
29.970355
22.001254
14.636318
7.445812
0.000000
0.000000
0.000000
0.000000
0.000000
0.000000
0.480000
22.186697
49.428701
78.574522
105.992671
128.051660
141.120000
142.641002
134.357183
119.085857
99.644340
78.849949
59.520000
43.860404
31.631458
21.982052
14.061079
7.017431
0.000000
0.000000
0.000000
0.000000
0.000000
0.000000
0.000000
20.934516
47.296149
75.574206
102.257995
123.836824
136.800000
138.660110
131.022861
116.517240
97.772231
77.416823
58.080000
41.878376
28.879073
18.636836
10.706413
4.642552
0.000000
0.000000
0.000000
0.000000
0.000000
0.000000
0.000000
6.182754
13.810866
22.201491
30.671785
38.538903
45.120000
49.853710
52.664575
53.598617
52.701854
50.020308
45.600000
39.555739
32.277499
24.224043
15.854132
7.626530
0.000000
0.000000
0.000000
0.000000
0.000000
0.000000
0.000000
13.368710
29.843014
47.475105
64.317172
78.421407
87.840000
91.159607
89.104738
82.934368
73.907472
63.283024
52.320000
42.046196
32.564700
23.747423
15.466274
7.593163
0.000000
0.000000
0.000000
0.000000
0.000000
0.000000
0.000000
17.629148
39.431681
62.388816
83.481769
99.691758
108.000000
106.336688
96.427927
80.948796
62.574378
43.979752
27.840000
16.217432
8.723279
4.355999
2.114053
0.995900
0.000000
0.000000
0.000000
0.000000
0.000000
0.000000
0.000000
6.483793
14.765334
23.615173
31.803863
38.101954
41.280000
40.502356
36.508596
30.432102
23.406251
16.564424
11.040000
7.646784
5.920281
5.076420
4.331133
2.900350
0.000000
0.000000
0.000000
0.000000
0.000000
0.000000
0.000000
18.202292
41.487483
66.534712
90.023115
108.631832
119.040000
118.926991
109.973121
94.858937
76.264989
56.871827
39.360000
25.836409
16.113368
9.429541
5.023594
2.134192
0.000000
0.000000
0.000000
0.000000
0.000000
0.000000
0.000000
4.954108
11.353006
18.618869
26.173872
33.440191
39.840000
44.878420
48.392348
50.301627
50.526100
48.985611
45.600000
40.372214
33.637603
25.814623
17.321726
8.577367
0.000000
0.000000
0.000000
0.000000
0.000000
0.000000
0.000000
18.036881
40.213438
63.485848
84.810293
101.142950
109.440000
107.621971
97.466788
81.716725
63.114057
44.401057
28.320000
16.961902
9.812745
5.707252
3.480148
1.966156
0.000000
0.000000
0.000000
0.000000
0.000000
0.000000
0.000000
12.531967
28.542764
45.695679
61.653999
74.081010
80.640000
79.719489
72.608931
61.323015
47.876429
34.283861
22.560000
14.236745
8.914845
5.712261
3.746951
2.136878
0.000000
0.000000
0.000000
0.000000
0.000000
0.000000
0.000000
12.009134
27.358405
43.875970
59.389986
71.728611
78.720000
78.849935
73.234694
63.648178
51.864289
39.656929
28.800000
20.644459
14.849486
10.651318
7.286190
3.990339
0.000000
0.000000
0.000000
0.000000
0.000000
0.000000
0.000000
16.804401
38.063289
60.722479
81.727785
98.025021
106.560000
105.225722
95.703925
80.623531
62.613464
44.302646
28.320000
16.699377
9.094344
4.563395
2.165025
0.957728
0.000000
0.000000
0.000000
0.000000
0.000000
0.000000
0.000000
5.489103
12.635304
20.565049
28.404783
35.280952
40.320000
42.864597
43.122307
41.516915
38.472209
34.411975
29.760000
24.879175
19.888803
14.847292
9.813049
4.844483
0.000000
0.000000
0.000000
0.000000
0.000000
0.000000
0.000000
10.879343
24.367936
38.677038
52.017910
62.601811
68.640000
68.883924
64.245775
56.177930
46.132767
35.562664
25.920000
18.338293
12.675631
8.471243
5.264355
2.594198
0.000000
0.000000
0.000000
0.000000
0.000000
0.000000
0.000000
8.096765
18.370904
29.520357
40.243065
49.236966
55.200000
57.187817
55.686907
51.541471
45.595707
38.693817
31.680000
25.238633
19.414800
14.093760
9.160774
4.501100
0.000000
0.000000
0.000000
0.000000
0.000000
0.000000
0.000000
10.688546
24.031852
38.312285
51.812209
62.813993
69.600000
70.948166
67.618698
60.867372
51.949963
42.122247
32.640000
24.512123
17.760021
12.158226
7.481270
3.503684
0.000000
0.000000
0.000000
0.000000
0.000000
0.000000
0.000000
7.163394
15.986220
25.282886
33.867799
40.555368
44.160000
43.867525
40.349458
34.648735
27.808293
20.871069
14.880000
10.613173
7.789283
5.862175
4.285695
2.513688
0.000000
0.000000
0.000000
0.000000
0.000000
0.000000
0.000000
12.427696
28.157074
44.847563
60.158593
71.749595
77.280000
75.158321
66.789405
54.327184
39.925589
25.738551
13.920000
6.099021
1.805306
0.043700
0.000000
0.136202
0.000000
0.000000
0.000000
0.000000
0.000000
0.000000
0.000000
7.303037
16.832760
27.224244
37.112563
45.132790
49.920000
50.511146
47.550698
42.085009
35.160429
27.823309
21.120000
15.852381
11.844446
8.675718
5.925719
3.173972
0.000000
0.000000
0.000000
0.000000
0.000000
0.000000
0.000000
11.832519
26.767263
42.695808
57.509729
69.100602
75.360000
74.830594
68.659430
58.644648
46.584389
34.276793
23.520000
15.685105
10.435017
7.005599
4.632714
2.552227
0.000000
0.000000
0.000000
0.000000
0.000000
0.000000
0.000000
12.187837
27.714080
44.402574
60.077162
72.561690
79.680000
79.906333
74.316510
64.636749
52.593265
39.912277
28.320000
19.180164
12.406545
7.550432
4.163111
1.795871
0.000000
0.000000
0.000000
0.000000
0.000000
0.000000
0.000000
3.574463
8.057557
12.943470
17.726389
21.900503
24.960000
26.524694
26.716909
25.784597
23.975707
21.538191
18.720000
15.733428
12.648139
9.498144
6.317450
3.140066
0.000000
0.000000
0.000000
0.000000
0.000000
0.000000
0.000000
7.289079
16.340841
25.950548
34.913467
42.024863
46.080000
46.239865
43.128327
37.734980
31.049416
24.061225
17.760000
12.904796
9.332516
6.649530
4.462203
2.376904
0.000000
0.000000
0.000000
0.000000
0.000000
0.000000
0.000000
9.109170
20.643278
33.002870
44.588491
53.800686
59.040000
59.189035
55.058614
47.941620
39.130932
29.919432
21.600000
15.174692
10.482265
7.070650
4.487780
2.281586
0.000000
0.000000
0.000000
0.000000
0.000000
0.000000
0.000000
8.045408
18.179541
28.966234
38.969318
46.752629
50.880000
50.363948
46.011731
39.079287
30.822557
22.497481
15.360000
10.352131
7.160203
5.156620
3.713789
2.204113
0.000000
0.000000
0.000000
0.000000
0.000000
0.000000
0.000000
11.828876
26.898857
43.046451
58.108167
69.920514
76.320000
75.808081
69.546004
59.359963
47.076153
34.520767
23.520000
15.472133
10.063794
6.553697
4.200556
2.263085
0.000000
0.000000
0.000000
0.000000
0.000000
0.000000
0.000000
10.623210
24.092035
38.445301
51.721834
61.960458
67.200000
66.092662
59.744149
49.873544
38.199930
26.442388
16.320000
9.152810
4.664702
2.180521
1.025114
0.523325
0.000000
0.000000
0.000000
0.000000
0.000000
0.000000
0.000000
4.547237
10.422677
16.801996
22.860872
27.774981
30.720000
31.112730
29.334471
26.007644
21.754675
17.197986
12.960000
9.528509
6.852774
4.747426
3.027095
1.506409
0.000000
0.000000
0.000000
0.000000
0.000000
0.000000
0.000000
4.465219
10.102829
16.181970
21.971785
26.741414
29.760000
30.505889
29.294253
26.649469
23.095914
19.157965
15.360000
12.111224
9.360159
6.940154
4.684559
2.426724
0.000000
0.000000
0.000000
0.000000
0.000000
0.000000
0.000000
7.536363
16.974948
26.980181
36.216485
43.348283
47.040000
46.374224
42.106206
35.409359
27.457099
19.422841
12.480000
7.526740
4.360229
2.502382
1.475117
0.800351
0.000000
0.000000
0.000000
0.000000
0.000000
0.000000
0.000000
4.826890
11.019364
17.713168
24.044045
29.147741
32.160000
32.473627
30.509664
26.946217
22.461388
17.733281
13.440000
10.098604
7.581979
5.601964
3.870402
2.099134
0.000000
0.000000
0.000000
0.000000
0.000000
0.000000
0.000000
8.120236
18.381670
29.334334
39.528256
47.513468
51.840000
51.504879
47.293121
40.436740
32.167751
23.718166
16.320000
10.913583
7.272513
4.878705
3.214073
1.760534
0.000000
0.000000
0.000000
0.000000
0.000000
0.000000
0.000000
8.258814
18.704623
29.787535
39.957662
47.665113
51.360000
49.986175
44.462460
36.201420
26.615621
17.117626
9.120000
3.703153
0.618871
0.000000
0.000000
0.000000
0.000000
0.010102
0.000000
0.000000
0.000000
0.000000
0.000000
1.585327
3.719566
6.067436
8.293654
10.062936
11.040000
10.990813
10.086344
8.598810
6.800429
4.963420
3.360000
2.198086
1.428391
0.937324
0.611296
0.336718
0.000000
0.000000
0.000000
0.000000
0.000000
0.000000
0.000000
1.676770
3.869014
6.335094
8.833376
11.122223
12.960000
14.158299
14.741630
14.787728
14.374331
13.579176
12.480000
11.136699
9.537801
7.653995
5.455968
2.914407
0.000000
0.000000
0.000000
0.000000
0.000000
0.000000
0.000000
9.117012
20.540203
32.660835
43.870171
52.559472
57.120000
56.443714
51.425356
43.460367
33.944185
24.272249
15.840000
9.721467
5.705039
3.257698
1.846424
0.938198
0.000000
0.000000
0.000000
0.000000
0.000000
0.000000
0.000000
4.930186
11.223677
17.986939
24.326437
29.348635
32.160000
32.139947
29.759692
25.763403
20.895247
15.899390
11.520000
8.316694
6.110888
4.539448
3.239243
1.847138
0.000000
0.000000
0.000000
0.000000
0.000000
0.000000
0.000000
8.499080
19.253192
30.685339
41.218522
49.275742
53.280000
52.152625
46.808251
38.659840
29.120354
19.602753
11.520000
5.950421
2.633803
0.975300
0.380063
0.253246
0.000000
0.000000
0.000000
0.000000
0.000000
0.000000
0.000000
4.040147
9.246722
14.828860
19.995696
23.956364
25.920000
25.344832
22.685466
18.645601
13.928935
9.239168
5.280000
2.587190
1.024747
0.288737
0.075231
0.080295
0.000000
0.000000
0.000000
0.000000
0.000000
0.000000
0.000000
2.051630
4.708620
7.573461
10.248644
12.336660
13.440000
13.284853
12.092196
10.206707
7.973060
5.735933
3.840000
2.542293
1.749262
1.279712
0.952449
0.586276
0.000000
0.000000
0.000000
0.000000
0.000000
0.000000
0.000000
3.391585
7.709940
12.322512
16.596749
19.900096
21.600000
21.263241
19.253929
16.135507
12.471416
8.825099
5.760000
3.695450
2.474343
1.795461
1.357588
0.859507
0.000000
0.000000
0.000000
0.000000
0.000000
0.000000
0.000000
5.333606
12.121970
19.353942
26.018372
31.104108
33.600000
32.815063
29.338976
24.081582
17.952726
11.862250
6.720000
3.219474
1.188792
0.239729
0.000000
0.033558
0.000000
0.000000
0.000000
0.000000
0.000000
0.000000
0.000000
2.323474
5.356671
8.662257
11.802897
14.341256
15.840000
15.992396
15.014125
13.251467
11.050706
8.758123
6.720000
5.193607
4.080164
3.191875
2.340947
1.339587
0.000000
0.000000
0.000000
0.000000
0.000000
0.000000
0.000000
5.853696
13.258952
21.143989
28.437029
34.066292
36.960000
36.383152
32.947859
27.603008
21.297489
14.980190
9.600000
5.873696
3.589613
2.303978
1.573014
0.952946
0.000000
0.000000
0.000000
0.000000
0.000000
0.000000
0.000000
6.080268
13.813414
22.031700
29.567385
35.252732
37.920000
36.776864
32.532656
26.272121
19.080003
12.041048
6.240000
2.492274
0.535960
0.000000
0.000000
0.103078
0.000000
0.000000
0.000000
0.000000
0.000000
0.000000
0.000000
4.433795
10.187810
16.405740
22.231284
26.808139
29.280000
29.053004
26.583038
22.588428
17.787501
12.898583
8.640000
5.560857
3.533373
2.260547
1.445377
0.790862
0.000000
0.000000
0.000000
0.000000
0.000000
0.000000
0.000000
4.007086
9.110519
14.581913
19.692882
23.715039
25.920000
25.803641
23.758897
20.402963
16.353038
12.226318
8.640000
6.058349
4.333894
3.166235
2.254967
1.299690
0.000000
0.000000
0.000000
0.000000
0.000000
0.000000
0.000000
6.314239
14.319558
22.845374
30.721108
36.776177
39.840000
39.111190
35.265132
29.346405
22.399588
15.469260
9.600000
5.581001
3.179914
1.909006
1.280540
0.806783
0.000000
0.000000
0.000000
0.000000
0.000000
0.000000
0.000000
5.937554
13.541467
21.700704
29.304228
35.241006
38.400000
38.013868
34.690033
29.379613
23.033723
16.603480
11.040000
7.066975
4.498399
2.920844
1.920878
1.085074
0.000000
0.000000
0.000000
0.000000
0.000000
0.000000
0.000000
5.837871
13.258344
21.171106
28.485845
34.112247
36.960000
36.281395
32.699144
27.178563
20.684968
14.183675
8.640000
4.789881
2.451745
1.214641
0.667616
0.399720
0.000000
0.000000
0.000000
0.000000
0.000000
0.000000
0.000000
3.567134
8.159425
13.113864
17.767445
21.457159
23.520000
23.494606
21.726204
18.761669
15.147874
11.431693
8.160000
5.747775
4.082424
2.919459
2.014392
1.122735
0.000000
0.000000
0.000000
0.000000
0.000000
0.000000
0.000000
5.048383
11.447845
18.278560
24.620707
29.554461
32.160000
31.803284
28.993411
24.525264
19.193725
13.793676
9.120000
5.778481
3.618512
2.300385
1.484395
0.830835
0.000000
0.000000
0.000000
0.000000
0.000000
0.000000
0.000000
4.512577
10.269096
16.446828
22.223042
26.775009
29.280000
29.166902
26.871073
23.079492
18.479135
13.756979
9.600000
6.533150
4.433277
3.015203
1.993751
1.083742
0.000000
0.000000
0.000000
0.000000
0.000000
0.000000
0.000000
4.851523
10.996780
17.546014
23.609467
28.297381
30.720000
30.266742
27.443726
23.036248
17.829605
12.609090
8.160000
5.074844
3.174983
2.088993
1.445449
0.872926
0.000000
0.000000
0.000000
0.000000
0.000000
0.000000
0.000000
5.387398
12.261866
19.619882
26.457924
31.772471
34.560000
34.127635
31.025082
26.112691
20.250813
14.299799
9.120000
5.375394
2.944473
1.509354
0.752156
0.354999
0.000000
0.000000
0.000000
0.000000
0.000000
0.000000
0.000000
2.134788
4.854085
7.751072
10.418932
12.450847
13.440000
13.110059
11.706633
9.605819
7.183711
4.816407
2.880000
1.651644
1.012716
0.745653
0.632889
0.456860
0.000000
0.000000
0.000000
0.000000
0.000000
0.000000
0.000000
3.557112
8.115055
13.008072
17.570406
21.136301
23.040000
22.821517
20.843944
17.676143
13.886978
10.045309
6.720000
4.343487
2.802503
1.847355
1.228350
0.695796
0.000000
0.000000
0.000000
0.000000
0.000000
0.000000
0.000000
3.689480
8.382203
13.394892
18.044271
21.647066
23.520000
23.193098
21.049588
17.685995
13.698848
9.684674
6.240000
3.818126
2.299447
1.421128
0.920336
0.534238
0.000000
0.000000
0.000000
0.000000
0.000000
0.000000
0.000000
3.282068
7.472276
11.960898
16.138210
19.394486
21.120000
20.895109
19.060493
16.146913
12.685130
9.205905
6.240000
4.184162
2.899084
2.111449
1.547936
0.935226
0.000000
0.000000
0.000000
0.000000
0.000000
0.000000
0.000000
5.191749
11.799348
18.859384
25.408446
30.483122
33.120000
32.655869
29.628327
24.875171
19.234199
13.543209
8.640000
5.164773
2.967344
1.699933
1.014759
0.564041
0.000000
0.000000
0.000000
0.000000
0.000000
0.000000
0.000000
3.575072
8.143468
13.039674
17.598174
21.153454
23.040000
22.799116
20.799385
17.616207
13.824982
10.001113
6.720000
4.415129
2.952325
2.055500
1.448564
0.855427
0.000000
0.000000
0.000000
0.000000
0.000000
0.000000
0.000000
4.703399
10.682421
17.057329
22.948386
27.475856
29.760000
29.197148
26.287893
21.808892
16.536804
11.248287
6.720000
3.548008
1.606008
0.587103
0.184398
0.090996
0.000000
0.000000
0.000000
0.000000
0.000000
0.000000
0.000000
1.646495
3.783916
6.102120
8.290964
10.040306
11.040000
11.074314
10.305151
8.988825
7.381649
5.739936
4.320000
3.309583
2.622145
2.102578
1.595772
0.946615
0.000000
0.000000
0.000000
0.000000
0.000000
0.000000
0.000000
4.538775
10.295010
16.433977
22.120949
26.521199
28.800000
28.384210
25.747027
21.623232
16.747608
11.854936
7.680000
4.777717
2.983550
1.953096
1.341954
0.805723
0.000000
0.000000
0.000000
0.000000
0.000000
0.000000
0.000000
4.940375
11.243574
17.989368
24.257524
29.127812
31.680000
31.280246
28.440261
23.958145
18.631996
13.259915
8.640000
5.378640
3.315380
2.098053
1.374491
0.792529
0.000000
0.000000
0.000000
0.000000
0.000000
0.000000
0.000000
4.642813
10.549527
16.843372
22.647578
27.085378
29.280000
28.632445
25.654787
21.136870
15.868538
10.639633
6.240000
3.267407
1.551325
0.729148
0.438272
0.316091
0.000000
0.000000
0.000000
0.000000
0.000000
0.000000
0.000000
3.452003
7.897915
12.684704
17.159336
20.668779
22.560000
22.380731
20.481762
17.414648
13.730947
9.982212
6.720000
4.365075
2.815039
1.836702
1.196877
0.662372
0.000000
0.000000
0.000000
0.000000
0.000000
0.000000
0.000000
3.354603
7.637073
12.249130
16.592491
20.068875
22.080000
22.207063
20.749179
18.184938
14.992933
11.651756
8.640000
6.323810
4.619546
3.331120
2.262445
1.217434
0.000000
0.000000
0.000000
0.000000
0.000000
0.000000
0.000000
4.752071
10.743233
17.106545
22.975070
27.481868
29.760000
29.216240
26.352208
21.943236
16.764656
11.591800
7.200000
4.176302
2.354602
1.380512
0.899641
0.557600
0.000000
0.000000
0.000000
0.000000
0.000000
0.000000
0.000000
4.111709
9.385643
15.060622
20.375463
24.568983
26.880000
26.779057
24.663599
21.162795
16.905814
12.521826
8.640000
5.745395
3.746627
2.408199
1.494615
0.770381
0.000000
0.000000
0.000000
0.000000
0.000000
0.000000
0.000000
3.212714
7.298242
11.694158
15.838040
19.167462
21.120000
21.300893
19.986028
17.618957
14.643228
11.502392
8.640000
6.397047
4.704311
3.390016
2.282383
1.209637
0.000000
0.000000
0.000000
0.000000
0.000000
0.000000
0.000000
4.439281
10.028785
15.966061
21.448657
25.674121
27.840000
27.396404
24.803690
20.774774
16.022576
11.260012
7.200000
4.381769
2.649789
1.674841
1.127707
0.679166
0.000000
0.000000
0.000000
0.000000
0.000000
0.000000
0.000000
4.365486
9.948264
15.941719
21.539237
25.934202
28.320000
28.137091
25.814235
22.027264
17.452012
12.764313
8.640000
5.599482
3.541463
2.209226
1.346049
0.695214
0.000000
0.000000
0.000000
0.000000
0.000000
0.000000
0.000000
3.118367
7.081113
11.327444
15.296564
18.427681
20.160000
20.103770
18.553413
15.974393
12.832175
9.592222
6.720000
4.573218
3.078567
2.054983
1.321403
0.696764
0.000000
0.000000
0.000000
0.000000
0.000000
0.000000
0.000000
2.908905
6.596601
10.542323
14.225306
17.124787
18.720000
18.649909
17.192387
14.785034
11.865452
8.871240
6.240000
4.304792
2.980518
2.077540
1.406219
0.776919
0.000000
0.000000
0.000000
0.000000
0.000000
0.000000
0.000000
3.527071
8.001759
12.783231
17.230652
20.703187
22.560000
22.358572
20.449643
17.382267
13.705498
9.968391
6.720000
4.378640
2.839667
1.867700
1.227354
0.683249
0.000000
