0.000000
0.000000
0.000000
0.000000
0.000000
0.000000
6.436868
13.135605
19.504751
24.952840
28.888411
30.720000
30.063163
27.361530
23.265748
18.426468
13.494335
9.120000
5.810480
3.498276
1.972256
1.021290
0.434248
0.000000
0.000000
0.000000
0.000000
0.000000
0.000000
0.000000
1.269857
2.880253
4.626827
6.305218
7.711062
8.640000
8.945658
8.713620
8.087462
7.210756
6.227078
5.280000
4.474179
3.758599
3.043325
2.238423
1.253960
0.000000
0.000000
0.000000
0.000000
0.000000
0.000000
0.000000
4.839762
10.949019
17.459723
23.503821
28.213264
30.720000
30.425550
27.809716
23.621872
18.611389
13.527640
9.120000
5.958038
3.892115
2.592791
1.730624
0.976174
0.000000
0.000000
0.000000
0.000000
0.000000
0.000000
0.000000
5.043878
11.469481
18.359352
24.796033
29.862068
32.640000
32.493299
29.909141
25.655629
20.500866
15.212955
10.560000
7.129593
4.787290
3.218134
2.107170
1.139444
0.000000
0.000000
0.000000
0.000000
0.000000
0.000000
0.000000
5.114872
11.588129
18.474520
24.828796
29.705706
32.160000
31.543295
28.394673
23.550084
17.845476
12.116798
7.200000
3.738615
1.606512
0.485146
0.055969
0.000436
0.000000
0.000000
0.000000
0.000000
0.000000
0.000000
0.000000
1.214625
2.814153
4.577519
6.283658
7.711507
8.640000
8.910365
8.613000
7.900591
6.925829
5.841403
4.800000
3.917247
3.160516
2.460116
1.746357
0.949549
0.000000
0.000000
0.000000
0.000000
0.000000
0.000000
0.000000
3.411274
7.708622
12.284106
16.529789
19.837732
21.600000
21.396478
19.558352
16.604632
13.054326
9.426446
6.240000
3.896146
2.324636
1.337367
0.746239
0.363151
0.000000
0.000000
0.000000
0.000000
0.000000
0.000000
0.000000
1.665888
3.805171
6.139036
8.388671
10.275264
11.520000
11.921957
11.591768
10.717956
9.489042
8.093549
6.720000
5.512950
4.441089
3.429140
2.401827
1.283872
0.000000
0.000000
0.000000
0.000000
0.000000
0.000000
0.000000
4.315410
9.730070
15.468921
20.756900
24.818947
26.880000
26.409896
23.858064
19.918831
15.286525
10.655472
6.720000
4.005007
2.357674
1.455754
0.977000
0.599165
0.000000
0.000000
0.000000
0.000000
0.000000
0.000000
0.000000
4.090241
9.321811
14.931641
20.156662
24.233805
26.400000
26.128959
23.841516
20.195285
15.847879
11.456913
7.680000
5.013921
3.312123
2.267219
1.571822
0.918544
0.000000
0.000000
0.000000
0.000000
0.000000
0.000000
0.000000
5.024658
11.447917
18.369428
24.888844
30.105817
33.120000
33.299345
31.085010
27.186450
22.313124
17.174488
12.480000
8.784627
6.025377
3.984771
2.445327
1.189563
0.000000
0.000000
0.000000
0.000000
0.000000
0.000000
0.000000
3.580117
8.107367
12.997366
17.665727
21.528067
24.000000
24.661829
23.752606
21.676072
18.835966
15.636029
12.480000
9.692567
7.282208
5.178347
3.310409
1.607818
0.000000
0.000000
0.000000
0.000000
0.000000
0.000000
0.000000
3.760272
8.439106
13.419498
18.084446
21.816948
24.000000
24.202120
22.733905
20.091469
16.770930
13.268401
10.080000
7.584579
5.691941
4.194624
2.885169
1.556115
0.000000
0.000000
0.000000
0.000000
0.000000
0.000000
0.000000
5.912725
13.399177
21.425243
28.956810
34.959767
38.400000
38.553981
35.940516
31.388996
25.728810
19.789348
14.400000
10.204684
7.105424
4.818774
3.061285
1.549509
0.000000
0.000000
0.000000
0.000000
0.000000
0.000000
0.000000
5.288404
11.961208
19.097592
25.776733
31.077809
34.080000
34.139101
31.717380
27.553723
22.387017
16.956147
12.000000
8.101860
5.222605
3.167515
1.741865
0.750934
0.000000
0.000000
0.000000
0.000000
0.000000
0.000000
0.000000
1.519854
3.413045
5.447615
7.391603
9.013051
10.080000
10.427123
10.155620
9.433324
8.428067
7.307682
6.240000
5.344987
4.551141
3.739089
2.789462
1.582889
0.000000
0.000000
0.000000
0.000000
0.000000
0.000000
0.000000
6.321081
14.311812
22.839631
30.771976
36.976286
40.320000
40.018304
36.677380
31.251157
24.693567
17.958538
12.000000
7.559036
4.525335
2.575740
1.387091
0.636230
0.000000
0.000000
0.000000
0.000000
0.000000
0.000000
0.000000
2.485423
5.682883
9.200725
12.647294
15.630938
17.760000
18.741644
18.678301
17.771217
16.221641
14.230819
12.000000
9.708000
7.443915
5.274408
3.266143
1.485786
0.000000
0.000000
0.000000
0.000000
0.000000
0.000000
0.000000
1.806580
3.971923
6.260982
8.438711
10.270066
11.520000
12.018435
11.855157
11.184921
10.162480
8.942589
7.680000
6.493014
5.354116
4.199334
2.964701
1.586246
0.000000
0.000000
0.000000
0.000000
0.000000
0.000000
0.000000
5.217841
11.803472
18.869700
25.529327
30.895159
34.080000
34.456907
32.439952
28.703459
23.921753
18.769158
13.920000
9.914531
6.756720
4.316464
2.463660
1.068207
0.000000
0.000000
0.000000
0.000000
0.000000
0.000000
0.000000
1.550037
3.466160
5.560794
7.646362
9.535290
11.040000
12.012661
12.464413
12.446139
12.008723
11.203049
10.080000
8.692653
7.102855
5.374650
3.572078
1.759181
0.000000
0.000000
0.000000
0.000000
0.000000
0.000000
0.000000
3.718209
8.382702
13.464303
18.433837
22.762127
25.920000
27.510434
27.665025
26.647526
24.721688
22.151262
19.200000
16.093390
12.903864
9.665593
6.412746
3.179491
0.000000
0.000000
0.000000
0.000000
0.000000
0.000000
0.000000
7.293691
16.306952
25.793999
34.509046
41.206308
44.640000
43.958118
39.883784
33.533902
26.025375
18.475107
12.000000
7.447170
4.584577
2.910393
1.922787
1.119933
0.000000
0.000000
0.000000
0.000000
0.000000
0.000000
0.000000
6.693360
15.290465
24.611497
33.476642
40.706082
45.120000
45.880026
43.513569
38.889483
32.876623
26.343844
20.160000
15.013203
10.868594
7.510571
4.723532
2.291876
0.000000
0.000000
0.000000
0.000000
0.000000
0.000000
0.000000
5.882593
13.278739
21.256496
28.883920
35.229069
39.360000
40.604687
39.330765
36.165784
31.737296
26.672851
21.600000
17.025326
12.971536
9.340369
6.033565
2.952862
0.000000
0.000000
0.000000
0.000000
0.000000
0.000000
0.000000
6.996411
15.718314
25.028667
33.790428
40.866553
45.120000
45.747013
43.276983
38.572589
32.496509
25.911419
19.680000
14.488870
10.320419
6.980976
4.276871
2.014436
0.000000
0.000000
0.000000
0.000000
0.000000
0.000000
0.000000
4.549996
10.225326
16.304990
22.067990
26.793327
29.760000
30.453622
29.186244
26.476530
22.843143
18.804745
14.880000
11.482184
8.603031
6.128889
3.946104
1.941026
0.000000
0.000000
0.000000
0.000000
0.000000
0.000000
0.000000
4.942805
11.194890
18.019454
24.679695
30.438811
34.560000
36.493360
36.436586
34.774269
31.891004
28.171383
24.000000
19.710421
15.432101
11.243470
7.222957
3.448991
0.000000
0.000000
0.000000
0.000000
0.000000
0.000000
0.000000
6.376416
14.241189
22.629127
30.575037
37.113726
41.280000
42.382713
40.826900
37.291641
32.456018
26.999110
21.600000
16.806066
12.637879
8.984309
5.734226
2.776500
0.000000
0.000000
0.000000
0.000000
0.000000
0.000000
0.000000
6.355169
14.262445
22.691197
30.610794
36.990605
40.800000
41.312966
39.021968
34.724089
29.216413
23.296022
17.760000
13.232966
9.649683
6.772447
4.363556
2.185308
0.000000
0.000000
0.000000
0.000000
0.000000
0.000000
0.000000
6.459694
14.539781
23.103058
31.012322
37.130371
40.320000
39.799389
36.208242
30.541644
23.794680
16.962437
11.040000
6.789417
4.040586
2.390368
1.435624
0.773214
0.000000
0.000000
0.000000
0.000000
0.000000
0.000000
0.000000
4.354363
10.046197
16.422090
22.828629
28.612403
33.120000
35.844049
36.861353
36.394756
34.667102
31.901235
28.320000
24.136106
19.521724
14.638887
9.649631
4.715990
0.000000
0.000000
0.000000
0.000000
0.000000
0.000000
0.000000
9.604461
21.444605
33.962331
45.599539
54.798129
60.000000
60.119521
55.960942
48.800981
39.916357
30.583791
22.080000
15.404121
10.444962
6.813746
4.121697
1.980041
0.000000
0.000000
0.000000
0.000000
0.000000
0.000000
0.000000
5.833240
13.264864
21.410112
29.384224
36.302440
41.280000
43.654158
43.650222
41.715516
38.297362
33.843082
28.800000
23.563462
18.320914
13.207824
8.359662
3.911898
0.000000
0.000000
0.000000
0.000000
0.000000
0.000000
0.000000
6.159677
13.663486
21.599427
29.055495
35.119687
38.880000
39.687079
37.942154
34.309105
29.451811
24.034150
18.720000
14.052009
10.087897
6.764151
4.017261
1.783715
0.000000
0.000000
0.000000
0.000000
0.000000
0.000000
0.000000
2.361782
5.273733
8.478691
11.719495
14.738985
17.280000
19.130207
20.256587
20.670947
20.385097
19.410845
17.760000
15.470723
12.686587
9.577521
6.313449
3.064300
0.000000
0.000000
0.000000
0.000000
0.000000
0.000000
0.000000
5.730558
12.836267
20.486597
27.851016
34.098994
38.400000
40.144198
39.604533
37.274642
33.648163
29.218737
24.480000
19.845982
15.412268
11.194837
7.209664
3.472726
0.000000
0.000000
0.000000
0.000000
0.000000
0.000000
0.000000
7.022072
15.646600
24.701119
33.013167
39.410282
42.720000
42.139835
38.347207
32.389513
25.314149
18.168513
12.000000
7.605254
4.777905
3.060829
1.996902
1.129000
0.000000
0.000000
0.000000
0.000000
0.000000
0.000000
0.000000
6.220375
14.195182
22.830484
31.032346
37.706830
41.760000
42.414907
40.162543
35.810891
30.167929
24.041639
18.240000
13.406665
9.527977
6.425952
3.922604
1.839948
0.000000
0.000000
0.000000
0.000000
0.000000
0.000000
0.000000
4.106272
9.383169
15.352841
21.537437
27.459107
32.640000
36.672036
39.426222
40.843334
40.864150
39.429446
36.480000
32.032249
26.405276
19.993822
13.192629
6.396441
0.000000
0.000000
0.000000
0.000000
0.000000
0.000000
0.000000
11.694108
26.121803
41.540663
56.208264
68.382184
76.320000
78.760156
76.364556
70.275970
61.637169
51.590922
41.280000
31.671935
23.033306
15.455456
9.029727
3.847461
0.000000
0.000000
0.000000
0.000000
0.000000
0.000000
0.000000
2.164087
4.593370
7.255725
10.119030
13.151162
16.320000
19.547101
22.568746
25.074897
26.755515
27.300562
26.400000
23.867509
20.011646
15.264688
10.058910
4.826589
0.000000
0.000000
0.000000
0.000000
0.000000
0.000000
0.000000
7.667705
17.063010
27.109904
36.732375
44.854411
50.400000
52.581874
51.767736
48.614033
43.777211
37.913718
31.680000
25.624800
19.866047
14.413965
9.278780
4.470717
0.000000
0.000000
0.000000
0.000000
0.000000
0.000000
0.000000
9.123940
20.457201
32.605610
44.174994
53.771181
60.000000
61.854201
59.874230
54.987455
48.121246
40.202972
32.160000
24.765922
18.179212
12.404568
7.446687
3.310265
0.000000
0.000000
0.000000
0.000000
0.000000
0.000000
0.000000
3.838963
8.451770
13.378349
18.158628
22.332536
25.440000
27.130924
27.495110
26.732334
25.042373
22.625002
19.680000
16.397340
12.927790
9.412315
5.991882
2.807455
0.000000
0.000000
0.000000
0.000000
0.000000
0.000000
0.000000
4.288241
9.692844
15.794064
22.172159
28.407385
34.080000
38.807319
42.354895
44.525339
45.121264
43.945280
40.800000
35.629149
28.940911
21.384580
13.609453
6.264828
0.000000
0.000000
0.000000
0.000000
0.000000
0.000000
0.000000
6.726517
14.733237
23.250053
31.506857
38.733541
44.160000
47.197847
47.985588
46.843447
44.091651
40.050427
35.040000
29.368760
23.297745
17.076160
10.953205
5.178085
0.000000
0.000000
0.000000
0.000000
0.000000
0.000000
0.000000
8.416117
18.795197
29.996184
40.878018
50.299643
57.120000
60.483975
60.680225
58.283351
53.867955
48.008638
41.280000
34.187985
26.963905
19.770412
12.770161
6.125806
0.000000
0.000000
0.000000
0.000000
0.000000
0.000000
0.000000
11.517897
25.757245
40.989587
55.486465
67.519422
75.360000
77.762104
75.409084
69.466652
61.100519
51.476398
41.760000
32.900353
24.979752
17.863805
11.418125
5.508319
0.000000
0.000000
0.000000
0.000000
0.000000
0.000000
0.000000
12.015938
27.070390
43.383689
59.176168
72.668161
82.080000
86.095322
85.250977
80.547118
72.983900
63.561476
53.280000
43.002775
33.045703
23.587837
14.808230
6.885934
0.000000
0.000000
0.000000
0.000000
0.000000
0.000000
0.000000
10.654020
23.658343
37.486036
50.610166
61.503798
68.640000
70.914787
68.915974
63.654325
56.140603
47.385574
38.400000
30.026832
22.437761
15.636665
9.627421
4.413907
0.000000
0.000000
0.000000
0.000000
0.000000
0.000000
0.000000
6.650513
14.701419
23.147269
30.982615
37.202008
40.800000
41.075617
38.545786
34.031908
28.355383
22.337613
16.800000
12.380351
8.982103
6.325100
4.129186
2.114205
0.000000
0.000000
0.000000
0.000000
0.000000
0.000000
0.000000
6.994400
16.008024
26.044134
36.105992
45.196860
52.320000
56.692753
58.388768
57.695773
54.901495
50.293661
44.160000
36.827922
28.783570
20.552775
12.661363
5.635162
0.000000
0.000000
0.000000
0.000000
0.000000
0.000000
0.000000
4.223167
9.255296
14.974714
21.259751
27.988737
35.040000
42.200658
48.892979
54.448018
58.196831
59.470473
57.600000
52.180867
43.866122
33.573215
22.219593
10.722706
0.000000
0.000000
0.000000
0.000000
0.000000
0.000000
0.000000
17.855632
39.643747
62.650295
84.161222
101.462474
111.840000
113.381599
107.382478
95.939697
81.150317
65.111398
49.920000
37.237974
26.986342
18.650916
11.717509
5.671932
0.000000
0.000000
0.000000
0.000000
0.000000
0.000000
0.000000
14.338233
32.422822
52.062530
71.066120
87.242356
98.400000
102.920565
101.476559
95.313242
85.675871
73.809704
60.960000
48.219508
36.070941
24.844502
14.870397
6.478828
0.000000
0.000000
0.000000
0.000000
0.000000
0.000000
0.000000
4.492655
9.512569
14.660502
19.537212
23.743458
26.880000
28.643532
29.114490
28.469244
26.884167
24.535628
21.600000
18.246551
14.616139
10.842521
7.059455
3.400695
0.000000
0.000000
0.000000
0.000000
0.000000
0.000000
0.000000
6.381274
14.491151
23.614797
33.037376
42.044056
49.920000
56.049081
60.209995
62.280142
62.136924
59.657743
54.720000
47.355734
38.215536
28.104635
17.828260
8.191638
0.000000
0.000000
0.000000
0.000000
0.000000
0.000000
0.000000
8.816781
19.228579
30.130097
40.416038
48.981105
54.720000
56.831560
55.731156
52.138293
46.772476
40.353210
33.600000
27.110312
20.993463
15.236729
9.827389
4.752720
0.000000
0.000000
0.000000
0.000000
0.000000
0.000000
0.000000
10.020925
22.626567
36.424111
50.020742
62.023644
71.040000
76.004667
77.163184
75.088765
70.354620
63.533961
55.200000
45.900409
36.080696
26.160830
16.560779
7.700513
0.000000
0.000000
0.000000
0.000000
0.000000
0.000000
0.000000
10.898129
24.209838
38.527504
52.443502
64.550209
73.440000
78.047120
78.673282
75.962069
70.557063
63.101846
54.240000
44.580060
34.590369
24.704222
15.354914
6.975742
0.000000
0.000000
0.000000
0.000000
0.000000
0.000000
0.000000
7.816044
17.121990
26.951599
36.338631
44.316844
49.920000
52.436518
52.173462
49.692558
45.555530
40.324102
34.560000
28.731218
22.930827
17.158168
11.412584
5.693414
0.000000
0.000000
0.000000
0.000000
0.000000
0.000000
0.000000
13.714336
30.736250
48.742758
65.410874
78.417616
85.440000
84.877376
78.018435
66.874201
53.455701
39.773959
27.840000
19.176160
13.350011
9.440438
6.526323
3.686549
0.000000
0.000000
0.000000
0.000000
0.000000
0.000000
0.000000
17.631900
40.323910
65.183376
89.317648
109.834073
123.840000
129.209969
126.887286
118.582449
106.005957
90.868308
74.880000
59.488225
45.086948
31.806828
19.778524
9.132695
0.000000
0.000000
0.000000
0.000000
0.000000
0.000000
0.000000
13.954359
31.142251
49.752219
67.972805
83.992551
96.000000
102.612098
104.159406
101.400886
95.095503
86.002220
74.880000
62.450581
49.286792
35.924237
22.898517
10.745238
0.000000
0.000000
0.000000
0.000000
0.000000
0.000000
0.000000
16.478218
36.508394
57.667094
77.530884
93.676330
103.680000
105.823772
101.210777
91.649458
78.948260
64.915626
51.360000
39.713361
29.901833
21.475074
13.982743
6.974499
0.000000
0.000000
0.000000
0.000000
0.000000
0.000000
0.000000
18.939953
42.846160
68.743945
93.658631
114.615542
128.640000
133.564073
130.446802
121.153974
107.551374
91.504787
74.880000
59.230422
44.859964
31.760158
19.922540
9.338642
0.000000
0.000000
0.000000
0.000000
0.000000
0.000000
0.000000
16.441516
36.677776
58.258268
78.732478
95.649893
106.560000
109.704144
106.091108
97.421534
85.396063
71.715338
58.080000
45.855241
35.064458
25.395596
16.536601
8.175421
0.000000
0.000000
0.000000
0.000000
0.000000
0.000000
0.480000
21.169642
47.006856
74.620072
100.637716
121.688216
134.400000
136.388766
129.219292
115.443629
97.613827
78.281934
60.000000
44.786407
32.524863
22.565410
14.258088
6.952938
0.000000
0.000000
0.000000
0.000000
0.000000
0.000000
0.000000
18.204500
41.176788
66.095672
90.139963
110.488469
124.320000
129.569726
127.198262
118.922582
106.459662
91.526476
75.840000
60.829928
46.776831
33.673999
21.514723
10.292293
0.000000
0.000000
0.000000
0.000000
0.000000
0.000000
0.000000
20.376711
45.716618
73.000311
99.208380
121.321413
136.320000
141.995928
139.385780
130.337333
116.698368
100.316664
83.040000
66.419575
50.820264
36.310358
22.958150
10.831933
0.000000
0.000000
0.000000
0.000000
0.000000
0.000000
0.480000
20.217346
44.487075
70.304696
94.685717
114.645649
127.200000
130.215958
124.967424
113.579981
98.179209
80.890688
63.840000
48.756601
35.785450
24.675380
15.175226
7.033821
0.000000
0.000000
0.000000
0.000000
0.000000
0.000000
0.480000
13.408402
29.255887
46.010622
61.660775
74.194512
81.600000
82.466532
77.787897
69.159012
58.174790
46.430148
35.520000
26.683249
19.734746
14.133330
9.337842
4.807118
0.000000
0.000000
0.000000
0.000000
0.000000
0.000000
0.480000
16.423746
36.683887
58.736003
80.055674
98.118480
110.400000
115.048988
112.906888
105.488321
94.307905
80.880258
66.720000
53.104748
40.364115
28.590713
17.877152
8.316044
0.000000
0.000000
0.000000
0.000000
0.000000
0.000000
0.480000
14.278285
31.418173
50.173976
68.820006
85.630577
98.880000
107.214839
110.770657
110.055269
105.576487
97.842126
87.360000
74.660137
60.361420
45.104950
29.531824
14.283141
0.000000
0.000000
0.000000
0.000000
0.000000
0.000000
0.960000
28.376960
62.228377
98.415322
132.838861
161.400065
180.000000
185.680880
180.049496
165.853781
145.841671
122.761099
99.360000
77.895074
58.658083
41.449554
26.070012
12.319985
0.000000
0.000000
0.000000
0.000000
0.000000
0.000000
0.960000
25.198527
55.340346
87.918430
119.465752
146.515284
165.600000
174.140402
173.107111
164.358276
149.752046
131.146571
110.400000
89.162086
68.248987
48.268468
29.828288
13.536212
0.000000
0.000000
0.000000
0.000000
0.000000
0.000000
1.440000
18.399560
38.936588
61.160116
83.179173
103.102791
119.040000
129.486060
134.481151
134.451682
129.824061
121.024697
108.480000
92.716198
74.658806
55.333156
35.764582
16.978419
0.000000
0.000000
0.000000
0.000000
0.000000
0.000000
1.440000
29.578330
63.815582
99.944066
133.756091
161.043966
177.600000
180.448647
171.542936
154.068041
131.209138
106.151399
82.080000
61.547084
44.572675
30.543768
18.847357
8.870436
0.000000
0.000000
0.000000
0.000000
0.000000
0.000000
1.440000
21.091955
45.410760
71.288690
95.618022
115.291033
127.200000
129.140272
122.519486
109.648356
92.837590
74.397901
56.640000
41.440292
28.937961
18.837888
10.844950
4.664028
0.000000
0.000000
0.000000
0.000000
0.000000
0.000000
1.440000
7.276574
14.156253
21.321737
28.015723
33.480911
36.960000
37.917366
36.704097
33.892960
30.056720
25.768145
21.600000
17.980630
14.760692
11.646424
8.344062
4.559842
0.000000
0.000000
0.000000
0.000000
0.000000
0.000000
1.920000
19.470020
41.755661
66.008201
89.458919
109.339093
122.880000
128.053139
125.790890
117.765852
105.650624
91.117807
75.840000
61.201868
47.436335
34.488391
22.303028
10.825234
0.000000
0.000000
0.000000
0.000000
0.000000
0.000000
1.920000
26.273903
56.255247
87.849279
117.041250
139.816407
152.160000
151.298330
139.421909
119.962301
96.351070
72.019782
50.400000
34.137222
22.732674
14.901518
9.358914
4.820021
0.000000
0.000000
0.000000
0.000000
0.000000
0.000000
1.440000
21.433866
46.695526
73.731975
99.050208
119.157218
130.560000
130.820643
121.721614
106.100473
86.794783
66.642105
48.480000
34.496896
24.284687
16.786132
10.943993
5.701029
0.000000
0.000000
0.000000
0.000000
0.000000
0.000000
2.400000
24.942678
53.450087
84.173876
113.365692
137.277184
152.160000
155.337515
148.420012
134.089500
115.027987
93.917484
73.440000
55.749483
40.887643
28.368126
17.704581
8.410657
0.000000
0.000000
0.000000
0.000000
0.000000
0.000000
2.400000
22.043422
46.443576
72.619887
97.591778
118.378674
132.000000
136.299537
132.418499
122.322456
107.976978
91.347636
74.400000
58.747317
44.593537
31.790289
20.189198
9.641893
0.000000
0.000000
0.000000
0.000000
0.000000
0.000000
2.400000
23.376791
49.528170
77.904159
105.554779
129.530052
146.880000
155.386085
155.755524
149.426978
137.839102
122.430557
104.640000
85.774426
66.614177
47.807931
30.004367
13.852164
0.000000
0.000000
0.000000
0.000000
0.000000
0.000000
2.880000
23.538505
48.616970
75.466875
101.439696
123.886912
140.160000
148.265325
148.828794
143.131202
132.453343
118.076011
101.280000
83.246863
64.761187
46.508317
29.173599
13.442378
0.000000
0.000000
0.000000
0.000000
0.000000
0.000000
2.400000
21.613133
44.564089
68.469562
90.546243
108.010825
118.080000
118.806913
111.590518
98.666223
82.269433
64.635557
48.000000
34.161437
23.171615
14.645547
8.198246
3.444725
0.000000
0.000000
0.000000
0.000000
0.000000
0.000000
1.440000
5.833659
11.251856
17.408091
24.015861
30.788664
37.440000
43.651361
48.976220
52.936045
55.052305
54.846467
51.840000
45.794231
37.429931
27.707728
17.588252
8.032133
0.000000
0.000000
0.000000
0.000000
0.000000
0.000000
3.840000
13.432248
25.140511
38.460102
52.886337
67.914531
83.040000
97.630404
110.542790
120.506550
126.251077
126.505763
120.000000
106.075024
86.519440
63.733697
40.118244
18.073529
0.000000
0.000000
0.000000
0.000000
0.000000
0.000000
4.320000
19.333641
36.176095
53.411661
69.604635
83.319315
93.120000
97.929269
98.102836
94.354697
87.398847
77.949283
66.720000
54.415949
41.705894
29.249553
17.706645
7.736888
0.000000
0.000000
0.000000
0.000000
0.000000
0.000000
1.440000
6.680753
12.595303
19.002076
25.719499
32.565999
39.360000
45.854497
51.540755
55.844602
58.191872
58.008394
54.720000
48.041257
38.841679
28.279515
17.513014
7.700426
0.000000
0.000000
0.000000
0.000000
0.000000
0.000000
1.440000
4.939073
8.965983
14.091132
20.884917
29.917740
41.760000
56.536569
72.590204
87.818135
100.117592
107.385804
107.520000
99.154652
83.873200
63.996327
41.844714
19.739044
0.000000
0.000000
0.000000
0.000000
0.000000
0.000000
6.720000
35.741611
70.663263
107.857442
143.696634
174.553325
196.800000
207.710956
208.167731
199.953674
184.852134
164.646460
141.120000
115.916787
90.123590
64.687860
40.557051
18.678613
0.000000
0.000000
0.000000
0.000000
0.000000
0.000000
6.240000
34.537855
68.382551
103.812602
136.866520
163.582815
180.000000
183.304465
175.274108
158.834706
136.912036
112.431876
88.320000
66.968732
48.636574
33.048573
19.929779
9.005239
0.000000
0.000000
0.000000
0.000000
0.000000
0.000000
5.760000
22.528835
42.965035
64.927425
86.274832
104.866082
118.560000
125.728496
126.795819
122.699298
114.376268
102.764057
88.800000
73.383846
57.265024
41.155381
25.766764
11.811021
0.000000
0.000000
0.000000
0.000000
0.000000
0.000000
4.320000
21.325011
41.785300
63.647905
84.859866
103.368218
117.120000
124.554950
126.083604
122.609200
115.034973
104.264161
91.200000
76.675190
61.240283
45.375295
29.560242
14.275138
0.000000
0.000000
0.000000
0.000000
0.000000
0.000000
7.200000
38.678760
77.267555
118.246231
156.894633
188.492607
208.320000
212.996224
204.498960
186.145458
161.252965
133.138729
105.120000
79.936344
58.016603
39.211937
23.373508
10.352475
0.000000
0.000000
0.000000
0.000000
0.000000
0.000000
5.280000
20.645609
39.089327
58.780890
77.890033
94.586491
107.040000
113.850275
115.336952
112.249646
105.337975
95.351555
83.040000
69.142181
54.353978
39.360524
24.846954
11.498402
0.000000
0.000000
0.000000
0.000000
0.000000
0.000000
7.200000
26.704922
50.186360
75.146450
99.087329
119.511134
133.920000
140.454865
139.811866
133.325943
122.332031
108.165071
92.160000
75.502285
58.779508
42.429780
26.891212
12.601915
0.000000
0.000000
0.000000
0.000000
0.000000
0.000000
5.280000
28.331509
56.282302
85.790463
113.514078
136.111229
150.240000
153.517970
147.400690
134.303207
116.640567
96.827816
77.280000
59.945502
44.906049
31.776708
20.172542
9.708618
0.000000
0.000000
0.000000
0.000000
0.000000
0.000000
6.720000
32.192179
63.815719
97.903445
130.768184
158.722760
178.080000
186.120148
183.993122
173.816258
157.706892
137.782360
116.160000
94.636118
73.722905
53.611524
34.493138
16.558909
0.000000
0.000000
0.000000
0.000000
0.000000
0.000000
12.000000
51.253468
99.184949
149.797894
197.095751
235.081970
257.760000
260.886303
247.229388
221.310778
187.651996
150.774562
115.200000
84.605766
59.293054
38.718992
22.340711
9.615337
0.000000
0.000000
0.000000
0.000000
0.000000
0.000000
9.600000
25.229475
43.735579
63.287999
82.056419
98.210524
109.920000
115.802578
116.268175
112.174753
104.380275
93.742703
81.120000
67.315768
52.916165
38.452989
24.458038
11.463109
0.000000
0.000000
0.000000
0.000000
0.000000
0.000000
8.160000
30.500163
57.801839
87.273845
116.124996
141.564109
160.800000
171.676108
174.574365
170.511328
160.503551
145.567590
126.720000
105.030960
81.785143
58.320843
35.976356
16.089976
0.000000
0.000000
0.000000
0.000000
0.000000
0.000000
13.440000
34.666617
58.976831
83.737959
106.317319
124.082226
134.400000
135.431259
128.509836
115.762864
99.317478
81.300812
63.840000
48.646124
35.766048
24.830586
15.470549
7.316750
0.000000
0.000000
0.000000
0.000000
0.000000
0.000000
13.920000
37.130225
65.196733
94.570245
121.701480
143.041159
155.040000
155.225966
145.435985
128.584228
107.584864
85.352065
64.800000
48.194800
35.210438
24.872844
16.207952
8.241693
0.000000
0.000000
0.000000
0.000000
0.000000
0.000000
9.600000
41.134757
80.531615
122.849571
163.147622
196.484766
217.920000
223.875028
216.222387
198.197320
173.035071
143.970883
114.240000
86.600685
61.903281
40.521148
22.827649
9.196146
0.000000
0.000000
0.000000
0.000000
1.858776
7.880089
14.400000
20.714835
26.754313
32.606502
38.359467
44.101277
49.920000
55.771761
61.084923
65.155906
67.281133
66.757024
62.880000
55.271454
44.852662
32.869873
20.569335
9.197294
0.000000
0.000000
0.000000
0.000000
0.000000
3.427133
13.920000
27.434409
43.174072
60.191725
77.540106
94.271952
109.440000
122.144386
131.674842
137.368499
138.562491
134.593947
124.800000
108.950271
88.544340
65.514278
41.792153
19.310037
0.000000
0.000000
0.000000
0.000000
0.000000
0.000000
12.960000
42.156051
76.500024
112.108161
145.096708
171.581906
187.680000
190.643488
182.269886
165.492965
143.246496
118.464251
94.080000
72.469998
53.780434
37.599980
23.517308
11.121090
0.000000
0.000000
0.000000
0.000000
0.000000
0.000000
14.880000
45.961700
84.248273
125.571555
165.763380
200.655583
226.080000
238.876680
239.918528
231.086665
214.262209
191.326281
164.160000
134.562691
104.006503
73.881786
45.578895
20.488182
0.000000
0.000000
0.000000
0.000000
0.000000
0.000000
12.960000
40.331536
72.447208
106.153452
138.296708
165.723411
185.280000
194.603524
194.493486
186.540000
172.333180
153.463142
131.520000
107.981033
83.872181
60.106548
37.597237
17.257353
0.000000
0.000000
0.000000
0.000000
0.000000
0.000000
10.080000
37.985152
71.861107
108.578217
145.006834
178.017311
204.480000
221.867048
230.057781
229.533322
220.774791
204.263310
180.480000
150.313323
116.281100
81.308494
48.320668
20.242782
0.000000
0.000000
0.000000
0.000000
0.000000
8.410006
16.320000
21.421365
24.554293
27.200703
30.842511
36.961638
47.040000
61.850435
79.329454
96.704489
111.202971
120.052331
120.480000
110.681341
92.723447
69.641341
44.470048
20.244593
0.000000
0.000000
0.000000
0.000000
0.000000
0.000000
18.720000
44.121855
72.489514
100.458068
124.662607
141.738221
148.320000
142.206158
125.847407
102.857580
76.850514
51.440042
30.240000
15.966845
7.747525
3.811610
2.388671
1.708277
0.000000
0.000000
0.000000
0.000000
0.000000
0.000000
7.200000
29.147310
57.842503
90.424475
124.032119
155.804329
182.880000
202.855411
215.156383
219.666121
216.267833
204.844724
185.280000
157.966602
125.336411
90.331040
55.892105
24.961220
0.480000
0.000000
0.000000
0.000000
0.000000
0.000000
14.400000
35.429569
58.982806
83.770089
108.501798
131.888309
152.640000
169.556879
181.797470
188.609925
189.242396
182.943037
168.960000
147.089581
119.320648
88.190212
56.235285
25.992877
0.000000
0.000000
0.000000
0.000000
0.000000
0.000000
24.000000
67.493454
118.937377
172.832881
223.681079
265.983081
294.240000
304.430276
298.441665
279.639248
251.388110
217.053333
180.000000
143.180996
107.900408
75.050126
45.522038
20.208033
0.000000
0.000000
0.000000
0.000000
0.000000
0.000000
19.200000
49.102711
83.366117
117.788883
148.169675
170.307159
180.000000
174.445638
156.436609
130.164221
99.819784
69.594607
43.680000
25.279180
13.643003
7.034233
3.715633
1.949967
0.000000
0.000000
0.000000
0.000000
0.000000
0.047746
13.920000
35.821369
63.760373
94.990374
126.764737
156.336825
180.960000
198.370217
208.233798
210.699654
205.916698
194.033843
175.200000
149.913317
120.068880
87.911010
55.684026
25.632249
0.000000
0.000000
0.000000
0.000000
0.000000
0.000000
19.680000
60.345073
108.563951
159.263759
207.371621
247.814660
275.520000
286.745417
283.071291
267.408654
242.668539
211.761977
177.600000
142.784371
108.679773
76.341623
46.825334
21.186321
0.480000
0.000000
0.000000
0.000000
0.000000
0.000000
20.160000
51.742783
88.526208
126.518959
161.729719
190.167171
207.840000
211.893990
204.023329
187.059310
163.833221
137.176355
109.920000
84.470148
61.531586
41.383802
24.306285
10.578522
0.480000
0.000000
0.000000
0.000000
0.000000
2.220670
11.040000
21.943729
34.391550
47.794274
61.562716
75.107687
87.840000
99.141886
108.281252
114.497422
117.029720
115.117471
108.000000
95.319836
78.332330
58.696038
38.069515
18.111317
0.480000
0.000000
0.000000
0.000000
0.000000
0.301704
27.840000
66.845089
113.549964
163.150259
210.841607
251.819643
281.280000
295.596430
295.855161
284.320538
263.256907
234.928612
201.600000
165.429189
128.149390
91.387588
56.770766
25.925909
0.480000
0.000000
0.000000
0.000000
0.000000
0.000000
27.360000
69.603559
119.421502
171.755974
221.549118
263.743079
293.280000
306.387841
304.437826
290.086994
265.992387
234.811042
199.200000
161.627299
123.804972
87.256048
53.503558
24.070532
0.480000
0.000000
0.000000
0.000000
0.000000
1.966832
29.760000
66.947523
109.439217
152.228698
190.309580
218.675476
232.320000
227.858060
208.389734
178.636393
143.319410
107.160155
74.880000
50.151349
32.450737
20.205729
11.843892
5.792794
0.480000
0.000000
0.000000
0.000000
0.000000
0.388670
17.760000
44.209144
76.853317
111.871503
145.442689
173.745860
192.960000
200.262436
196.823858
184.813295
166.399777
143.752336
119.040000
94.207778
70.304586
48.155319
28.584869
12.418131
0.480000
0.000000
0.000000
0.000000
0.000000
7.530694
19.680000
34.473081
51.517557
70.422956
90.798810
112.254648
134.400000
156.530112
176.683087
192.582745
201.952903
202.517382
192.000000
169.197583
137.198984
100.166065
62.260688
27.644712
0.480000
0.000000
0.000000
0.000000
0.000000
8.483768
30.720000
56.721964
84.699331
112.761961
139.019710
161.582437
178.560000
188.461475
191.392809
187.859164
178.365705
163.417596
143.520000
119.418802
92.822768
65.681384
39.944137
17.560513
0.480000
0.000000
0.000000
0.000000
0.000000
0.000000
7.200000
16.552374
26.268305
36.317413
46.669317
57.293640
68.160000
79.049409
88.988437
96.815049
101.367205
101.482868
96.000000
84.312214
68.035723
49.342392
30.404086
13.392667
0.480000
0.000000
0.000000
0.000000
0.000000
6.108688
14.400000
22.789731
31.120710
39.416082
47.698991
55.992582
64.320000
72.552672
79.955156
85.640290
88.720916
88.309873
83.520000
73.870691
60.507556
44.982757
28.848456
13.656816
0.960000
0.000000
0.000000
0.000000
0.000000
10.467309
31.680000
60.135505
92.909519
126.362509
156.854942
180.747283
194.400000
195.268974
185.191747
167.101279
143.930526
118.612447
94.080000
72.677489
54.394602
38.632375
24.791842
12.274039
0.480000
0.000000
0.000000
0.000000
0.000000
0.000000
18.240000
56.204893
102.659355
151.750742
197.626408
234.433709
256.320000
259.152690
245.679402
220.367813
187.685598
152.100435
118.080000
89.182124
65.325258
45.518007
28.768977
14.086772
0.480000
0.000000
0.000000
0.000000
0.000000
0.000000
13.920000
53.995953
103.983142
158.321353
211.450375
257.809994
291.840000
309.312928
311.332310
300.334428
278.755561
249.031992
213.600000
174.821224
134.758728
95.400936
58.736269
26.753150
1.440000
0.000000
0.000000
0.000000
0.000000
0.802077
25.440000
57.494512
93.945721
131.191751
165.630724
193.660766
211.680000
217.093108
211.331006
196.831169
176.031073
151.368191
125.280000
99.861946
75.841367
53.603573
33.533874
16.017579
1.440000
0.000000
0.000000
0.000000
0.000000
2.145936
24.960000
57.110510
95.175638
134.818268
171.701283
201.487566
219.840000
223.663297
214.829477
196.452388
171.645881
143.523802
115.200000
89.262970
66.199789
45.972179
28.541862
13.870562
1.920000
0.000000
0.000000
0.000000
0.000000
8.809508
32.160000
64.879961
103.692516
144.412232
182.853674
214.831408
236.160000
243.768668
239.045234
224.492176
202.611967
175.907083
146.880000
117.745369
89.566546
63.119065
39.178458
18.520259
1.920000
0.000000
0.000000
0.000000
0.000000
2.067436
22.560000
50.586312
83.928018
119.814678
155.475854
188.141107
215.040000
233.878227
244.266015
246.289725
240.035719
225.590357
203.040000
172.929671
137.639035
100.006422
62.870160
29.068577
1.440000
0.000000
0.000000
0.000000
0.000000
0.000000
28.320000
66.197964
109.649587
154.195237
195.355278
228.650077
249.600000
254.991720
246.677140
227.774469
201.401915
170.677689
138.720000
108.212933
80.104075
54.906889
33.134840
15.301389
1.920000
0.000000
0.000000
0.000000
0.000000
7.427867
22.560000
41.874205
63.736347
86.201213
107.323587
125.158254
137.760000
143.668854
143.365827
137.817173
127.989147
114.848005
99.360000
82.445934
64.844789
47.250095
30.355380
14.854172
1.440000
0.000000
0.000000
0.000000
0.000000
0.000000
20.640000
50.364425
85.655148
122.300117
156.087282
182.804593
198.240000
199.446000
188.533282
168.877086
143.852648
116.835207
91.200000
69.604909
51.838390
36.971540
24.075459
12.221246
0.480000
0.000000
0.000000
0.000000
0.000000
0.000000
14.400000
54.799859
105.326750
160.161443
213.484704
259.477301
292.320000
307.637313
306.828728
292.737473
268.206780
236.079879
199.200000
160.248665
121.260561
84.108665
50.665955
22.805407
2.400000
0.000000
0.000000
0.000000
0.000000
0.918493
8.640000
15.254792
21.227776
27.479871
34.931995
44.505065
57.120000
73.123920
90.568758
106.932650
119.693730
126.330135
124.320000
112.118417
92.088302
67.569530
41.901974
18.425506
0.480000
0.000000
0.000000
0.000000
0.000000
6.914509
16.800000
25.985265
34.106235
41.053552
46.717857
50.989792
53.760000
54.952081
54.621471
52.856564
49.745753
45.377434
39.840000
33.286410
26.127880
18.840193
11.899130
5.780472
0.960000
0.000000
0.000000
0.000000
0.000000
4.358457
11.040000
19.764472
30.084091
41.449155
53.309962
65.116811
76.320000
86.344276
94.512185
100.120718
102.466869
100.847632
94.560000
83.282867
68.222727
50.967975
33.107006
16.228217
1.920000
0.000000
0.000000
0.000000
0.000000
12.608391
38.400000
73.524549
114.385192
156.462493
195.237018
226.189332
244.800000
247.857546
237.382324
216.702646
189.146825
158.043172
126.720000
97.951933
72.298846
49.766923
30.362350
14.091314
0.960000
0.000000
0.000000
0.000000
0.000000
0.000000
8.640000
28.989184
53.211980
78.634423
102.582550
122.382397
135.360000
139.584097
136.094230
126.672644
113.101581
97.163285
80.640000
65.005538
50.499987
37.055002
24.602238
13.073352
2.400000
0.000000
0.000000
0.000000
0.000000
7.796639
36.000000
77.203907
127.192282
180.455600
231.484341
274.768981
304.800000
317.470621
314.285052
298.150251
271.973171
238.660769
201.120000
162.042499
123.258621
86.383398
53.031864
24.819054
3.360000
0.000000
0.000000
0.000000
0.000000
15.103015
39.840000
70.908861
105.290631
139.411971
169.699540
192.579997
204.480000
202.940731
189.961454
168.655957
142.138024
113.521443
85.920000
61.917105
41.974662
26.024202
13.997252
5.825342
1.440000
0.666406
2.904340
7.447235
13.588523
20.621634
27.840000
34.817272
42.247976
51.106857
62.368658
77.008124
96.000000
119.560060
144.868198
168.345338
186.412402
195.490315
192.000000
173.733598
143.968119
107.351792
68.532844
32.159504
2.880000
0.000000
0.000000
0.000000
0.000000
1.785001
22.560000
47.193096
73.785689
100.318229
124.771161
145.124936
159.360000
165.970957
165.509028
159.039591
147.628023
132.339700
114.240000
94.371966
73.689310
53.123407
33.605637
16.067375
1.440000
0.000000
0.000000
0.000000
0.000000
6.739688
30.720000
63.894433
102.984646
143.849474
182.347752
214.338316
235.680000
243.329980
238.638795
224.055324
202.028449
175.007047
145.440000
115.552314
86.673509
59.909228
36.365120
17.146828
3.360000
0.000000
0.000000
0.000000
7.959962
22.016751
40.320000
62.291302
86.871140
112.879722
139.137255
164.463945
187.680000
207.569586
222.772713
231.893349
233.535462
226.303023
208.800000
180.521464
144.526897
104.766884
65.192007
29.752851
2.400000
0.000000
0.000000
0.000000
0.000000
15.265573
39.360000
67.446976
97.767646
128.476648
157.728617
183.678189
204.480000
218.594208
225.703051
225.794292
218.855690
204.875005
183.840000
156.171750
124.024593
89.986185
56.644181
26.586234
2.400000
0.000000
0.000000
0.000000
0.000000
2.764503
26.400000
57.117518
92.816658
131.009946
169.209914
204.929089
235.680000
259.280021
274.765905
281.479247
278.761646
265.954698
242.400000
208.206841
166.555279
121.393064
76.667946
36.327675
4.320000
0.000000
0.000000
0.000000
0.000000
9.101269
38.400000
74.900481
115.615031
157.112955
195.963556
228.736136
252.000000
263.169908
263.042453
253.259684
235.463653
211.296408
182.400000
150.426554
117.068490
84.028307
53.008500
25.711566
3.840000
0.000000
0.000000
0.000000
0.000000
10.286219
38.400000
75.864602
119.450502
165.183346
209.088779
247.192448
275.520000
291.002158
294.189963
286.539531
269.506982
244.548432
213.120000
176.837876
137.958536
98.898530
62.074406
29.902713
4.800000
0.000000
0.000000
0.000000
0.000000
12.840716
39.360000
72.887880
110.386781
148.276072
182.975125
210.903311
228.480000
233.128807
226.290317
210.409362
187.930771
161.299374
132.960000
105.081338
78.727505
54.686478
33.746235
16.694750
4.320000
0.000000
0.000000
0.000000
9.262068
24.383850
45.120000
71.086400
100.242732
130.134626
158.307715
182.307629
199.680000
208.537444
209.260520
202.796771
190.093739
172.098967
149.760000
124.150488
96.848520
69.558291
43.983997
21.829835
4.800000
0.000000
0.000000
0.000000
1.081385
15.290583
35.040000
59.760438
87.636548
116.541444
144.348242
168.930056
188.160000
200.319870
205.326188
203.504156
195.178979
180.675859
160.320000
134.760083
105.938702
76.121931
47.575841
22.566507
3.360000
0.000000
0.000000
0.000000
0.988767
17.247002
39.360000
66.665166
97.620837
130.465585
163.437981
194.776596
222.720000
245.597316
262.099870
271.009538
271.108198
261.177726
240.000000
207.267793
166.317462
121.396264
76.751451
36.630278
5.280000
0.000000
0.000000
0.000000
0.000000
19.756718
50.880000
88.721710
130.325859
172.342104
211.420104
244.209517
267.360000
278.337202
277.870728
267.506175
248.789139
223.265215
192.480000
158.071705
122.049007
86.513195
53.565563
25.307401
3.840000
0.000000
0.000000
0.000000
0.000000
14.436293
36.000000
62.335498
91.906902
123.002632
153.911111
182.920759
208.320000
228.528696
242.492481
249.288429
247.993615
237.685113
217.440000
187.111939
149.660952
108.823653
68.336653
31.936564
3.360000
0.000000
0.000000
0.000000
0.000000
16.941962
47.040000
84.251643
125.586429
167.588507
206.802028
239.771143
263.040000
273.992101
273.368353
262.749012
243.714334
217.844578
186.720000
152.039951
115.980159
80.835446
48.900634
22.470545
3.840000
0.000000
0.000000
0.000000
7.972017
19.644353
31.680000
42.554340
52.429136
61.887744
71.513520
81.889819
93.600000
106.798989
119.928001
130.999822
138.027238
139.023035
132.000000
115.865259
93.103304
67.092968
41.213084
18.842483
3.360000
0.000000
0.000000
6.228305
16.729316
28.078142
37.920000
44.559287
48.937123
52.653810
57.309651
64.504947
75.840000
92.133990
111.081616
129.596453
144.592078
152.982068
151.680000
138.695863
116.425303
88.360379
57.993147
28.815668
4.320000
0.000000
0.000000
0.000000
0.000000
14.279703
47.520000
91.693913
142.866015
196.191490
246.825523
289.923299
320.640000
335.319571
335.060993
322.152007
298.880352
267.533770
230.400000
189.725580
147.592234
106.040482
67.110846
32.843845
5.280000
0.000000
0.000000
0.000000
0.000000
6.710852
38.400000
80.713097
129.416372
179.335261
225.295203
262.121637
284.640000
289.169502
278.004443
254.932892
223.742921
188.222600
152.160000
118.731116
88.663635
62.073171
39.075336
19.785741
4.320000
0.000000
0.000000
0.000000
0.000000
5.212213
27.360000
58.306965
95.590076
136.069135
176.603942
214.054296
245.280000
267.643883
280.520901
283.789036
277.326275
261.010601
234.720000
198.995279
157.028544
112.674720
69.788736
32.225520
3.840000
0.000000
0.000000
0.000000
0.000000
10.765094
28.320000
46.671392
65.085089
83.096944
100.242812
116.058546
130.080000
141.783877
150.410274
155.140138
155.154416
149.634055
137.760000
119.248656
95.958260
70.282502
44.615078
21.349679
2.880000
0.000000
0.000000
0.000000
0.000000
1.189450
14.400000
30.427576
48.552767
68.058088
88.226056
108.339188
127.680000
145.421531
160.298911
170.937795
175.963835
174.002686
163.680000
144.346300
118.251588
88.370732
57.678602
29.150068
5.760000
0.000000
0.000000
0.000000
0.000000
15.979264
46.560000
86.705075
132.605017
179.612154
223.078812
258.357319
280.800000
287.053100
278.938526
259.572104
232.069659
199.547016
165.120000
131.491416
99.711990
70.419429
44.251439
21.845727
3.840000
0.000000
0.000000
0.000000
0.000000
3.567852
26.400000
57.848079
95.309506
135.519847
175.214667
211.129529
240.000000
259.173114
268.441793
268.210430
258.883415
240.865141
214.560000
180.828353
142.354431
102.278435
63.740564
29.881019
3.840000
0.000000
0.000000
0.000000
0.000000
1.957450
16.800000
33.148859
50.292526
67.698237
84.833229
101.164738
116.160000
129.226643
139.533856
146.191219
148.308311
144.994711
135.360000
119.013457
97.563160
73.116887
47.782418
23.667529
2.880000
0.000000
0.000000
0.000000
0.000000
7.726283
40.320000
85.570646
139.200598
195.798184
249.951729
296.249559
329.280000
344.960110
344.521880
330.526031
305.533286
272.104368
232.800000
190.122247
146.338550
103.657693
64.288459
30.439634
4.320000
0.000000
0.000000
0.000000
0.000000
5.481541
27.360000
54.385258
84.134657
113.849515
140.771147
162.140870
175.200000
177.992511
171.773005
158.598742
140.526981
119.614980
97.920000
77.200253
58.017765
40.635517
25.316486
12.323654
1.920000
0.000000
0.000000
0.000000
0.000000
5.190403
21.120000
43.051617
69.020724
96.547717
123.152995
146.356957
163.680000
173.209276
175.298950
170.869941
160.843168
146.139548
127.680000
106.444612
83.650142
60.572518
38.487668
18.671519
2.400000
0.000000
0.000000
0.000000
0.000000
0.107708
18.240000
42.924055
71.930148
102.507533
131.905467
157.373204
176.160000
186.162613
187.867814
182.409879
170.923082
154.541697
134.400000
111.667715
87.656372
63.712949
41.184427
21.417784
5.760000
0.000000
0.000000
0.000000
0.000000
0.000000
9.120000
21.981738
36.681283
52.253759
67.734289
82.157995
94.560000
104.097635
110.417059
113.286640
112.474746
107.749743
98.880000
85.907724
69.970482
52.479681
34.846729
18.483033
4.800000
0.000000
0.000000
0.000000
0.000000
11.575903
33.120000
62.350839
96.381015
131.601774
164.404360
191.180020
208.320000
213.214062
207.246035
192.798269
172.253109
147.992904
122.400000
97.539581
74.208177
52.885151
34.049870
18.181698
5.760000
0.000000
0.000000
0.000000
5.182967
22.004750
47.520000
81.932189
122.444570
165.510342
207.582705
245.114858
274.560000
293.068077
300.576019
297.717505
285.126212
263.435818
233.280000
195.735505
153.651354
110.319638
69.032446
33.081870
5.760000
0.000000
0.000000
0.000000
0.000000
2.676700
15.360000
28.064879
40.514386
52.784586
64.951545
77.091328
89.280000
101.359468
112.235001
120.577711
125.058707
124.349100
117.120000
102.699471
83.043386
60.764570
38.475850
18.790052
4.320000
0.000000
0.000000
1.044007
9.873447
21.615138
35.040000
49.209937
64.350794
80.979400
99.612583
120.767174
144.960000
172.019825
199.023146
222.358394
238.413998
243.578390
234.240000
208.319651
169.867732
124.467026
77.700314
35.150378
2.400000
0.000000
0.000000
0.000000
0.000000
19.462321
45.120000
73.307394
102.775231
132.458959
161.294030
188.215894
212.160000
232.026628
246.575373
254.530659
254.616910
245.558549
226.080000
195.757204
157.572165
115.358404
72.949442
34.178801
2.880000
0.000000
0.000000
0.000000
0.000000
11.552916
46.560000
91.691237
142.737299
194.658697
242.415939
280.969537
305.280000
311.728275
302.377059
280.709489
250.208699
214.357824
176.640000
140.071220
105.798908
74.503348
46.864821
23.563611
5.280000
0.000000
0.000000
0.000000
0.000000
6.174399
27.360000
55.881395
89.611858
125.928169
162.207109
195.825459
224.160000
244.967573
257.525259
261.490203
256.519546
242.270431
218.400000
185.263870
146.011549
104.491020
64.550264
30.037263
4.800000
0.000000
0.000000
0.000000
5.546066
19.573851
34.080000
47.019450
58.283163
68.246107
77.283249
85.769557
94.080000
102.338584
109.665469
114.929855
117.000939
114.747921
107.040000
93.306214
75.214960
54.994475
34.872995
17.078758
3.840000
0.000000
0.000000
0.000000
4.484858
12.639269
21.600000
30.403099
39.010718
47.616538
56.414239
65.597499
75.360000
85.653267
95.460214
103.521601
108.578187
109.370734
104.640000
93.661611
77.850648
59.157059
39.530790
20.921788
5.280000
0.000000
0.000000
0.000000
0.000000
10.164335
31.680000
60.639452
94.418357
129.762290
163.416825
192.127537
212.640000
222.488569
222.362712
213.740678
198.100716
176.921074
151.680000
123.884051
95.153017
67.134997
41.478089
19.830390
3.840000
0.000000
0.000000
0.000000
3.115818
15.068477
30.240000
47.759487
66.541665
85.447670
103.338638
119.075702
131.520000
139.731271
143.563677
143.069986
138.302965
129.315380
116.160000
99.117652
79.381404
58.372385
37.511726
18.220555
1.920000
0.000000
0.000000
0.000000
0.000000
0.000000
9.600000
31.878746
58.646876
87.605727
116.456639
142.900950
164.640000
179.784670
188.084012
189.696621
184.781092
173.496020
156.000000
132.798130
105.781522
77.187790
49.254549
24.219414
4.320000
0.000000
0.000000
0.000000
0.000000
16.286324
42.240000
75.763963
114.045539
153.683329
191.275935
223.421958
246.720000
258.576893
259.632387
251.334464
235.131105
212.470290
184.800000
153.606244
120.527135
87.238815
55.417425
26.739106
2.880000
0.000000
0.000000
0.000000
0.000000
0.000000
12.480000
43.687891
80.569903
119.300078
156.052457
187.001084
208.320000
217.190303
214.821315
203.429413
185.230975
162.442378
137.280000
111.702008
86.633726
62.742270
40.694754
21.158293
4.800000
0.000000
0.000000
0.000000
0.000000
3.642229
27.360000
60.815774
100.746711
143.011708
183.469659
217.979458
242.400000
253.624129
252.680486
241.631661
222.540245
197.468828
168.480000
137.525488
106.113567
75.641647
47.507138
23.107452
3.840000
0.000000
0.000000
0.000000
0.000000
12.361362
37.920000
71.689952
110.834337
151.871344
191.319165
225.695987
251.520000
266.079609
269.744074
263.652870
248.945473
226.761358
198.240000
164.733836
128.447147
91.797176
57.201166
27.076359
3.840000
0.000000
0.000000
0.000000
0.000000
15.330982
40.320000
71.381526
106.127938
141.789114
175.594931
204.775268
226.560000
238.797738
241.812020
236.545117
223.939299
204.936836
180.480000
151.658633
120.152870
87.790418
56.398984
27.806276
3.840000
0.000000
0.000000
0.000000
0.000000
0.000000
19.680000
55.050449
97.221132
142.216739
186.061960
224.781483
254.400000
271.814919
277.414528
272.459833
258.211842
235.931562
206.880000
172.518764
135.111869
97.123929
61.019561
29.263379
4.320000
0.000000
0.000000
0.000000
0.000000
8.666032
33.120000
64.130026
99.287250
135.778266
170.789667
201.508047
225.120000
239.396537
244.446334
240.962485
229.638084
211.166224
186.240000
155.841605
122.109638
87.471795
54.355776
25.189278
2.400000
0.000000
0.000000
0.000000
0.000000
1.478886
18.720000
39.792447
63.527675
88.686863
114.031193
138.321845
160.320000
178.815391
192.711962
200.942211
202.438636
196.133733
180.960000
156.590434
125.660032
91.544291
57.618708
27.258778
3.840000
0.000000
0.000000
0.000000
0.000000
16.297820
37.920000
63.229187
90.237223
116.773216
140.666271
159.745497
171.840000
175.382601
171.220976
160.806513
145.590604
127.024636
106.560000
85.544854
64.914430
45.500731
28.135758
13.651514
2.880000
0.000000
0.000000
0.000000
6.186363
19.429308
37.920000
61.314318
87.329239
113.197015
136.149900
153.420144
162.240000
160.720299
150.486184
134.041375
113.889594
92.534562
72.480000
55.684486
41.926027
30.437485
20.451725
11.201609
1.920000
0.000000
0.000000
0.000000
0.000000
3.994559
33.600000
78.081823
132.541805
190.527779
245.587581
291.269043
321.120000
330.444286
321.569739
298.580199
265.559503
226.591490
185.760000
146.556589
110.103683
76.931426
47.569964
22.549441
2.400000
0.000000
0.000000
0.000000
0.000000
2.415191
29.280000
66.299306
109.140863
152.412190
190.720809
218.674239
230.880000
223.724527
200.709908
167.117143
128.227236
89.321188
55.680000
31.389253
15.752840
6.879236
2.876913
1.854343
1.920000
1.607351
1.149842
1.205912
2.434002
5.492551
11.040000
19.579121
30.990015
44.997116
61.324858
79.697675
99.840000
121.136166
141.610098
158.945623
170.826565
174.936749
168.960000
151.558439
125.307370
93.760392
60.471105
28.993108
2.880000
0.000000
0.000000
0.000000
0.000000
6.361932
35.520000
73.776806
117.535388
162.448373
204.168387
238.348054
260.640000
267.889367
261.711359
244.913698
220.304104
190.690298
158.880000
127.330172
97.094731
68.876835
43.379643
21.306312
3.360000
0.000000
0.000000
0.000000
0.000000
0.000000
17.280000
44.741151
77.755284
113.567316
149.422166
182.564755
210.240000
230.149892
241.824702
245.251775
240.418454
227.312081
205.920000
176.692615
141.932573
104.405583
66.877352
32.113588
2.880000
0.000000
0.000000
0.000000
0.000000
0.000000
26.880000
70.724348
122.491854
177.150844
229.669648
275.016590
308.160000
325.262960
327.267581
316.310729
294.529271
264.060072
227.040000
185.679366
142.482265
100.026238
60.888825
27.647565
2.880000
0.000000
0.000000
0.000000
0.000000
10.294112
27.840000
47.217889
67.388751
87.416489
106.365007
123.298210
137.280000
147.482200
153.508305
155.069725
151.877873
143.644161
130.080000
111.271087
88.800252
64.624611
40.701279
18.987370
1.440000
0.000000
0.000000
0.000000
0.000000
4.068581
23.040000
47.761770
76.170335
105.788067
134.137340
158.740527
177.120000
187.355023
189.752419
185.175901
174.489183
158.555978
138.240000
114.535916
88.962212
63.168328
38.803705
17.517782
0.960000
0.000000
0.000000
0.000000
0.000000
4.235116
19.680000
39.012165
61.229522
85.208528
109.825638
133.957311
156.480000
176.232251
191.900958
202.135104
205.583671
200.895642
186.720000
162.514388
130.971091
95.591058
59.875234
27.324565
1.440000
0.000000
0.000000
0.000000
0.000000
0.000000
6.720000
22.449264
39.245759
56.246282
72.587631
87.406605
99.840000
109.141634
115.033399
117.354207
115.942969
110.638596
101.280000
87.939755
71.625088
53.576889
35.036048
17.243455
1.440000
0.000000
0.000000
0.000000
0.000000
0.000000
15.840000
46.736194
84.536584
125.810165
167.125931
205.052877
236.160000
257.629209
269.094081
270.801104
262.996772
245.927573
219.840000
185.509190
145.824871
104.205418
64.069205
28.834607
1.920000
0.000000
0.000000
0.000000
0.000000
0.000000
12.960000
26.432467
39.571611
52.065684
63.602938
73.871626
82.560000
89.362767
94.000453
96.200039
95.688505
92.192832
85.440000
75.340909
62.542132
47.874161
32.167488
16.252603
0.960000
0.000000
0.000000
0.000000
0.000000
0.000000
12.480000
49.346928
95.111576
144.952574
194.048556
237.578154
270.720000
289.734246
295.207124
288.806387
272.199786
247.055073
215.040000
177.958310
138.157704
98.121878
60.334523
27.279332
1.440000
0.000000
0.000000
0.000000
0.000000
0.000000
19.680000
44.736071
73.069618
102.913713
132.501426
160.065831
183.840000
202.252087
214.510579
220.019047
218.181060
208.400188
190.080000
163.246691
130.416953
94.730099
59.325445
27.342307
1.920000
0.000000
0.000000
0.000000
0.000000
0.000000
12.000000
31.670941
53.834385
77.607672
102.108144
126.453139
149.760000
171.023977
188.751960
201.328753
207.139156
204.567971
192.000000
168.677597
137.273329
101.317316
64.339677
29.870532
1.440000
0.000000
0.000000
0.000000
0.000000
0.000000
26.880000
63.426530
105.681114
150.014752
192.798445
230.403194
259.200000
276.348244
282.160821
277.739010
264.184085
242.597323
214.080000
179.929384
142.226711
103.249209
65.274104
30.578626
1.440000
0.000000
0.000000
0.000000
0.000000
0.000000
20.160000
62.864848
113.332843
166.274171
216.399015
258.417563
287.040000
298.364165
294.038515
277.099163
250.582218
217.523794
180.960000
143.662936
107.348651
73.469179
43.476556
18.822818
0.960000
0.000000
0.000000
0.000000
0.000000
6.769379
18.240000
30.271817
42.472713
54.634335
66.548326
78.006333
88.800000
98.615310
106.715599
112.258539
114.401804
112.303067
105.120000
92.440275
75.571557
56.251508
36.217790
17.208067
0.960000
0.000000
0.000000
0.000000
0.000000
1.282443
23.040000
53.094262
88.826867
126.946779
164.162963
197.184382
222.720000
238.170476
243.703250
240.177455
228.452226
209.386696
183.840000
152.941610
118.902355
84.203399
51.325911
22.751056
0.960000
0.000000
0.000000
0.000000
0.000000
2.582414
16.800000
32.679393
48.854987
63.940812
76.550902
85.299287
88.800000
86.170456
78.541611
67.547803
54.823373
42.002659
30.720000
22.209893
16.107458
11.647974
8.066717
4.598967
0.480000
0.000000
0.000000
0.000000
0.000000
3.683696
23.520000
53.705771
91.262759
132.190820
172.489810
208.159584
235.200000
250.504719
254.542628
248.676418
234.268782
212.682412
185.280000
153.544241
119.437840
85.043507
52.443951
23.721879
0.960000
0.000000
0.000000
0.000000
0.000000
0.000000
12.000000
33.578044
57.542561
81.438284
102.809943
119.202271
128.160000
127.996173
120.097077
106.617313
89.711479
71.534175
54.240000
39.570598
27.615796
18.052464
10.557473
4.807695
0.480000
0.000000
0.000000
0.000000
0.680851
7.912824
19.200000
34.823665
53.825247
74.936208
96.888012
118.412121
138.240000
155.157239
168.165941
176.322337
178.682658
174.303135
162.240000
142.127380
115.910991
86.114446
55.261357
25.875338
0.480000
0.000000
0.000000
0.000000
0.000000
0.000000
14.880000
52.777433
97.550852
144.146036
187.508768
222.584829
244.320000
249.119247
239.224276
218.335976
190.155237
158.382948
126.720000
98.192244
73.125377
51.170060
31.976951
15.196712
0.480000
0.000000
0.000000
0.000000
0.000000
0.000000
22.080000
61.447311
109.511093
160.994801
210.621886
253.115801
283.200000
296.923423
295.636966
282.017012
258.739944
228.482146
193.920000
157.518996
120.901041
85.477151
52.658338
23.855616
0.480000
0.000000
0.000000
0.000000
0.000000
0.000000
15.840000
47.276405
83.885705
121.765308
157.012619
185.725048
204.000000
209.033784
202.418309
186.844384
165.002818
139.584420
113.280000
88.377346
65.552169
45.077156
27.224998
12.268383
0.480000
0.000000
0.000000
0.000000
0.000000
0.000000
13.920000
32.962001
55.569102
79.834878
103.852904
125.716753
143.520000
155.701835
162.083910
162.833495
158.117859
148.104271
132.960000
113.115106
90.050814
65.511140
41.240103
18.981717
0.480000
0.000000
0.000000
0.000000
0.000000
0.000000
6.720000
28.053923
53.017843
79.161087
104.032977
125.182840
140.160000
147.135455
146.766902
140.333710
129.115249
114.390889
97.440000
79.446478
61.212326
43.444073
26.848248
12.131381
0.000000
0.000000
0.000000
0.000000
0.000000
2.048031
19.680000
44.016771
72.754723
102.995938
131.842500
156.396493
173.760000
181.758727
181.112871
173.266251
159.662686
141.745996
120.960000
98.670543
75.931571
53.719058
33.008977
14.777300
0.000000
0.000000
0.000000
0.000000
0.000000
0.000000
12.960000
34.228602
59.229493
85.670876
111.260953
133.707927
150.720000
160.517601
163.370072
160.058979
151.365891
138.072375
120.960000
100.896548
79.094664
56.853208
35.471038
16.247016
0.480000
0.000000
0.000000
0.000000
0.000000
0.000000
11.040000
31.800851
56.078028
81.534033
105.831363
126.632519
141.600000
148.978169
149.338837
143.835680
133.622371
119.852586
103.680000
86.164252
67.988846
49.743249
32.016930
15.399358
0.480000
0.000000
0.000000
0.000000
0.000000
0.000000
16.320000
50.338679
91.765809
136.071449
178.725656
215.198487
240.960000
252.624907
251.386537
239.582877
219.551911
193.631623
164.160000
133.275028
102.314708
72.417043
44.720034
20.361686
0.480000
0.000000
0.000000
0.000000
0.000000
0.000000
16.800000
46.453940
81.457884
118.407147
153.897044
184.522890
206.880000
218.384815
219.738278
212.462459
198.079426
178.111250
154.080000
127.462356
99.553449
71.603018
44.860806
20.576553
0.000000
0.000000
0.000000
0.000000
0.000000
0.000000
14.880000
48.756827
89.072621
131.395108
171.292015
204.331070
226.080000
233.324709
227.723812
212.154101
189.492367
162.615403
134.400000
107.268780
81.827686
58.228488
36.622960
17.162874
0.000000
0.000000
0.000000
0.000000
0.000000
0.000000
15.840000
54.294985
101.066090
150.763730
197.998319
237.380270
263.520000
272.479890
266.130194
247.793134
220.790934
188.445815
154.080000
120.592123
89.186469
60.643733
35.744612
15.269802
0.000000
0.000000
0.000000
0.000000
0.000000
0.000000
10.560000
23.710294
38.548915
54.568528
71.261802
88.121403
104.640000
120.180538
133.587077
143.573954
148.855508
148.146078
140.160000
124.225332
102.125002
76.255656
49.013943
22.796509
0.000000
0.000000
0.000000
0.000000
0.000000
0.000000
13.920000
48.759905
90.205551
133.890661
175.448957
210.514162
234.720000
244.840022
242.207100
229.293936
208.573230
182.517685
153.600000
124.022229
94.903825
67.093595
41.440344
18.792877
0.000000
0.000000
0.000000
0.000000
0.000000
0.000000
15.840000
46.949074
83.230225
120.039673
152.733638
176.668340
187.200000
181.223752
161.790391
133.489626
100.911166
68.644721
41.280000
22.309251
10.834878
4.861824
2.395031
1.439442
0.000000
0.000000
0.000000
0.000000
0.000000
0.000000
13.920000
37.213774
66.484734
98.085858
128.370125
153.690513
170.400000
175.845662
171.350969
159.233488
141.810788
121.400436
100.320000
80.472467
62.102503
45.040189
29.115612
14.158854
0.000000
0.000000
0.000000
0.000000
0.000000
0.000000
9.600000
46.282992
91.448080
139.416795
184.510666
221.051225
243.360000
247.396898
235.675325
212.347066
181.563904
147.477621
114.240000
85.238306
60.801729
40.494939
23.882607
10.529404
0.000000
0.000000
0.000000
0.000000
0.000000
0.000000
3.360000
18.693297
37.696128
58.992353
81.205833
102.960429
122.880000
139.679157
152.435508
160.317410
162.493221
158.131299
146.400000
127.047852
102.144062
74.338006
46.279059
20.616598
0.000000
0.000000
0.000000
0.000000
0.000000
0.000000
7.680000
24.192191
42.525187
61.399727
79.536549
95.656394
108.480000
116.977356
121.115452
121.110525
117.178815
109.536561
98.400000
84.122828
67.608561
49.898172
32.032634
15.052919
0.000000
0.000000
0.000000
0.000000
0.000000
0.000000
2.880000
26.574063
55.727998
87.514680
119.106990
147.677804
170.400000
185.030191
191.659927
190.964492
183.619170
170.299244
151.680000
128.591838
102.485627
74.967352
47.642999
22.118553
0.000000
0.000000
0.000000
0.000000
0.000000
0.000000
11.040000
46.360558
88.741890
133.548248
176.143884
211.893051
236.160000
245.548645
241.621543
227.180910
205.028963
177.967921
148.800000
119.927083
92.149718
65.868114
41.482486
19.393044
0.000000
0.000000
0.000000
0.000000
0.000000
0.000000
7.680000
43.714166
87.718601
134.665353
179.526470
217.274003
242.880000
252.653647
248.252675
232.671956
208.906357
179.950749
148.800000
118.062358
88.799586
61.686824
37.399211
16.611890
0.000000
0.000000
0.000000
0.000000
0.000000
0.000000
7.680000
28.096629
51.937827
76.750178
100.080267
119.474680
132.480000
137.305453
134.810824
126.518539
113.951023
98.630701
82.080000
65.626003
49.814432
34.995666
21.520085
9.738070
0.000000
0.000000
0.000000
0.000000
0.000000
0.000000
7.200000
22.982971
41.748663
61.469145
80.116483
95.662745
106.080000
109.886471
107.785010
101.024624
90.854322
78.523112
65.280000
52.204478
39.697963
27.992358
17.319562
7.911475
0.000000
0.000000
0.000000
0.000000
0.000000
0.000000
7.680000
22.666385
40.796159
60.303865
79.424045
96.391243
109.440000
117.201065
119.890006
118.118596
112.498610
103.641820
92.160000
78.653800
63.679373
47.781750
31.505960
15.397033
0.000000
0.000000
0.000000
0.000000
0.000000
0.000000
7.200000
42.522368
85.399510
129.840634
169.854951
199.451670
212.640000
205.386792
181.489460
146.703059
106.782645
67.483274
34.560000
12.410465
0.002652
0.000000
0.000000
0.000000
0.000000
1.002459
0.668820
0.000000
0.000000
0.344674
3.360000
9.161921
17.499844
27.899191
39.885385
52.983847
66.720000
80.489858
93.171804
103.514816
110.267868
112.179938
108.000000
97.009759
80.621827
60.781545
39.434253
18.525291
0.000000
0.000000
0.000000
0.000000
0.000000
0.000000
5.760000
32.879149
65.161295
98.782444
129.918607
154.745789
169.440000
171.312297
162.213935
145.131220
123.050456
98.957947
75.840000
56.104996
39.849631
26.592676
15.852905
7.149088
0.000000
0.000000
0.000000
0.000000
0.000000
0.000000
4.320000
18.515246
35.649097
53.555026
70.066505
83.017005
90.240000
90.231300
84.136072
73.761822
60.916056
47.406280
35.040000
25.226221
17.779949
12.117686
7.655938
3.811208
0.000000
0.000000
0.000000
0.000000
0.000000
0.000000
3.360000
17.158520
34.603518
53.692578
72.423289
88.793234
100.800000
106.930994
107.632908
103.842252
96.495541
86.529286
74.880000
62.381948
49.460408
36.438412
23.638991
11.385176
0.000000
0.000000
0.000000
0.000000
0.000000
0.000000
2.880000
26.302083
55.068860
85.585188
114.255917
137.485904
151.680000
154.292677
146.976875
132.435150
113.370058
92.484156
72.480000
55.493875
41.396972
29.494213
19.090518
9.490807
0.000000
0.000000
0.000000
0.000000
0.000000
0.000000
8.160000
38.603272
76.257641
116.133801
153.242450
182.594284
199.200000
199.577308
186.271980
163.336799
134.824552
104.788024
77.280000
55.463050
38.938885
26.419002
16.614896
8.238063
0.000000
0.000000
0.000000
0.000000
0.000000
0.000000
5.760000
34.459429
70.486756
109.312228
146.406094
177.238602
197.280000
203.249569
196.862719
181.083894
158.877537
133.208091
107.040000
82.848963
61.155702
41.992196
25.390425
11.382367
0.000000
0.000000
0.000000
0.000000
0.000000
0.000000
4.800000
21.690491
41.568623
61.878518
80.064298
93.570085
99.840000
97.159012
87.175479
72.378606
55.257599
38.301662
24.000000
14.224572
8.378350
5.247057
3.616418
2.272157
0.000000
0.000000
0.000000
0.000000
0.000000
0.000000
2.880000
20.482410
42.999383
67.440274
90.814438
110.131228
122.400000
125.467663
120.531346
109.625737
94.785519
78.045378
61.440000
46.640273
33.861898
22.956779
13.776820
6.173926
0.000000
0.000000
0.000000
0.000000
0.000000
0.000000
2.400000
12.205856
23.902745
36.034634
47.145493
55.779292
60.480000
60.243106
55.870182
48.614318
39.728606
30.466136
22.080000
15.543940
10.714304
7.168093
4.482305
2.233941
0.000000
0.000000
0.000000
0.000000
0.000000
0.000000
2.400000
11.127079
22.079735
33.898662
45.224552
54.698100
60.960000
63.019438
61.359569
56.832042
50.288506
42.580609
34.560000
26.950726
19.966434
13.693169
8.216978
3.623906
0.000000
0.000000
0.000000
0.000000
0.000000
0.000000
1.920000
6.525307
12.028115
18.005706
24.035363
29.694367
34.560000
38.274448
40.739512
41.921895
41.788301
40.305435
37.440000
33.208011
27.822727
21.546715
14.642544
7.372783
0.000000
0.000000
0.000000
0.000000
0.000000
0.000000
3.840000
23.242409
47.054507
72.028304
94.915811
112.469040
121.440000
119.599079
108.790169
91.875538
71.717454
51.178185
33.120000
19.770163
10.815928
5.309544
2.303261
0.849330
0.000000
0.000000
0.000000
0.000000
0.000000
0.000000
1.440000
5.715430
11.212925
17.365307
23.605399
29.366023
34.080000
37.298013
39.042181
39.452485
38.668903
36.831415
34.080000
30.525852
26.165016
20.964754
14.892323
7.914986
0.000000
0.000000
0.000000
0.000000
0.000000
0.000000
3.360000
29.504273
62.439526
98.061243
132.264907
160.945998
180.000000
186.439885
181.748586
168.526526
149.374126
126.891810
103.680000
81.900631
61.961684
43.832654
27.483034
12.882318
0.000000
0.000000
0.000000
0.000000
0.000000
0.000000
3.360000
28.020116
58.108500
89.835918
119.413131
143.050904
156.960000
158.479724
149.463544
132.893472
111.751517
89.019690
67.680000
50.085434
36.072878
24.850194
15.625245
7.605893
0.000000
0.000000
0.000000
0.000000
0.000000
0.000000
1.440000
22.402622
48.725119
77.106797
104.246965
126.844930
141.600000
146.126524
141.699023
130.507058
114.740191
96.587984
78.240000
61.484614
46.505456
33.084971
21.005604
10.049799
0.000000
0.000000
0.000000
0.000000
0.000000
0.000000
1.920000
23.877523
50.955705
79.662796
106.507044
127.996696
140.640000
141.983777
133.729135
118.615756
99.383320
78.771507
59.520000
43.785147
31.389975
21.574180
13.577455
6.639497
0.000000
0.000000
0.000000
0.000000
0.000000
0.000000
1.440000
20.487872
44.450616
70.335717
95.150658
115.902924
129.600000
134.075099
130.464349
120.729607
106.832730
90.735575
74.400000
59.411733
45.851989
33.425856
21.838422
10.794774
0.000000
0.000000
0.000000
0.000000
0.000000
0.000000
3.360000
31.676384
66.917227
104.586270
140.187253
169.223916
187.200000
190.912051
182.327841
164.707952
141.312962
115.403451
90.240000
68.446525
50.100297
34.641923
21.512010
10.151167
0.000000
0.000000
0.000000
0.000000
0.000000
0.000000
0.480000
21.957194
48.744711
77.640650
105.443112
128.950195
144.960000
151.127155
148.532410
139.113043
124.806333
107.549559
89.280000
71.625297
54.974540
39.407180
25.002668
11.840458
0.000000
0.000000
0.000000
0.000000
0.000000
0.000000
1.920000
24.732521
52.703290
82.319864
110.069802
132.440661
145.920000
148.027148
140.408521
125.742306
106.706689
85.979858
66.240000
49.616664
36.044849
24.910914
15.601221
7.502129
0.000000
0.000000
0.000000
0.000000
0.000000
0.000000
1.920000
21.116333
45.009037
70.532934
94.622846
114.213594
126.240000
128.524029
122.436212
110.234226
94.175745
76.518445
59.520000
44.985331
32.908336
22.830162
14.291951
6.834849
0.000000
0.000000
0.000000
0.000000
0.000000
0.000000
1.920000
18.660518
39.565450
62.129330
83.846692
102.212070
114.720000
119.534389
117.496647
110.117554
98.907893
85.378448
71.040000
57.159702
44.030186
31.700455
20.219512
9.636360
0.000000
0.000000
0.000000
0.000000
0.000000
0.000000
0.960000
19.928641
43.363821
68.417045
92.239815
111.983632
124.800000
128.638634
124.642105
114.751194
100.906684
85.049359
69.120000
54.685710
41.818870
30.218179
19.582337
9.610044
0.000000
0.000000
0.000000
0.000000
0.000000
0.000000
1.920000
25.984639
55.967028
88.057464
118.446242
143.323655
158.880000
162.396255
155.516139
140.974053
121.504400
99.841582
78.720000
60.334784
44.723971
31.386323
19.820603
9.525574
0.000000
0.000000
0.000000
0.000000
0.000000
0.000000
1.440000
23.880120
51.750786
81.471053
109.459974
132.136605
145.920000
148.274911
140.848877
126.335133
107.426915
86.817459
67.200000
50.706902
37.227040
26.088416
16.619033
8.146893
0.000000
0.000000
0.000000
0.000000
0.000000
0.000000
0.960000
22.847620
50.316661
79.886771
108.077599
131.408792
146.400000
150.545371
145.237057
132.841711
115.725984
96.256530
76.800000
59.293117
43.952887
30.566384
18.920685
8.802865
0.000000
0.000000
0.000000
0.000000
0.000000
0.000000
0.480000
16.487133
36.152644
57.042610
76.723108
92.760212
102.720000
104.867087
100.260251
90.656807
77.814073
63.489365
49.440000
37.102295
26.628574
17.850160
10.598377
4.704549
0.000000
0.000000
0.000000
0.000000
0.000000
0.000000
0.480000
6.993893
15.118507
24.259633
33.823063
43.214589
51.840000
59.142921
64.718299
68.198916
69.217551
67.406986
62.400000
54.085536
43.377186
31.444704
19.457843
8.586357
0.000000
0.000000
0.000000
0.000000
0.000000
0.000000
0.960000
5.328060
9.957658
14.806222
19.831181
24.989964
30.240000
35.466159
40.263080
44.152844
46.657532
47.299223
45.600000
41.269526
34.767799
26.742401
17.840915
8.710920
0.000000
0.000000
0.000000
0.000000
0.000000
0.000000
0.480000
16.787524
36.809308
58.027398
77.923845
93.980696
103.680000
105.245277
99.865935
89.472856
75.996920
61.369008
47.520000
35.969147
26.589174
18.841177
12.186252
6.085495
0.000000
0.000000
0.000000
0.000000
0.000000
0.000000
0.480000
18.016083
40.043571
63.669084
85.999245
104.140677
115.200000
117.124196
111.221681
99.641229
84.531616
68.041614
52.320000
39.078243
28.278593
19.445998
12.105403
5.781755
0.000000
0.000000
0.000000
0.000000
0.000000
0.000000
0.480000
14.294870
31.501180
49.874889
67.191957
81.228341
89.760000
91.213244
86.615779
77.645665
65.980958
53.299717
41.280000
31.243267
23.084592
16.342452
10.555322
5.261679
0.000000
0.000000
0.000000
0.000000
0.000000
0.000000
0.480000
15.564205
34.509779
54.839435
74.075883
89.741834
99.360000
101.171715
96.292808
86.557731
73.800936
59.856875
46.560000
35.360045
26.167876
18.509640
11.911483
5.899554
0.000000
0.000000
0.000000
0.000000
0.000000
0.000000
0.480000
16.731986
36.924930
58.195518
77.680436
92.516368
99.840000
97.701731
87.806815
72.774217
55.222904
37.771843
23.040000
13.005533
7.083366
4.047614
2.672392
1.731816
0.000000
0.000000
0.000000
0.000000
0.000000
0.000000
0.480000
14.734367
33.033308
52.771081
71.341947
86.140167
94.560000
94.781950
88.131493
76.720350
62.660240
48.062883
35.040000
25.202278
18.156276
13.007521
8.861539
4.823856
0.000000
0.000000
0.000000
0.000000
0.000000
0.000000
0.000000
19.910859
45.101225
71.974210
96.932926
116.380485
126.720000
125.469849
114.609477
97.233594
76.436913
55.314145
36.960000
23.736412
15.074202
9.671413
6.226088
3.436269
0.000000
0.000000
0.000000
0.000000
0.000000
0.000000
0.000000
17.723356
40.213162
64.145574
86.196748
103.042838
111.360000
108.879852
97.555859
80.396950
60.412051
40.610092
24.000000
12.850570
6.470068
3.426627
2.288380
1.623460
0.000000
0.000000
0.000000
0.000000
0.000000
0.000000
0.000000
15.535736
35.576678
57.267201
77.751679
94.174487
103.680000
104.263634
97.324976
85.114655
69.883299
53.881538
39.360000
28.063062
19.710085
13.514181
8.688459
4.446029
0.000000
0.000000
0.000000
0.000000
0.000000
0.000000
0.480000
16.280459
36.151184
57.291337
76.900081
92.176581
100.320000
99.400709
90.973915
77.466033
61.303476
44.912660
30.720000
20.561148
13.908711
9.644533
6.650459
3.808333
0.000000
0.000000
0.000000
0.000000
0.000000
0.000000
0.000000
19.422281
44.224102
70.952124
96.153007
116.373413
128.160000
129.082845
120.805684
106.015668
87.399948
67.645675
49.440000
34.899672
23.859828
15.585203
9.340534
4.390554
0.000000
0.000000
0.000000
0.000000
0.000000
0.000000
0.000000
11.266455
25.280152
40.080723
53.707799
64.201014
69.600000
68.564599
62.235497
52.373590
40.739774
29.094946
19.200000
12.375148
8.177859
5.724917
4.133103
2.519203
0.000000
0.000000
0.000000
0.000000
0.000000
0.000000
0.000000
14.870065
33.885433
54.348108
73.560092
88.823389
97.440000
97.524932
90.445201
78.380823
63.511819
48.018205
34.080000
23.390206
15.693764
10.248598
6.312633
3.143792
0.000000
0.000000
0.000000
0.000000
0.000000
0.000000
0.000000
10.997270
24.902825
39.812269
53.821209
65.025251
71.520000
71.974455
67.351182
59.186141
49.015291
38.374591
28.800000
21.458244
16.039114
11.863167
8.250961
4.523053
0.000000
0.000000
0.000000
0.000000
0.000000
0.000000
0.000000
18.213701
41.209212
65.672066
88.287795
105.741929
114.720000
112.943740
102.279678
85.630543
65.899066
45.987975
28.800000
16.564674
8.818745
4.425762
2.249276
1.152839
0.000000
0.000000
0.000000
0.000000
0.000000
0.000000
0.000000
8.402850
19.142100
30.608597
41.193183
49.286702
53.280000
52.073261
46.604032
38.319203
28.665662
19.090298
11.040000
5.610775
2.495105
1.034592
0.570836
0.445439
0.000000
0.000000
0.000000
0.000000
0.000000
0.000000
0.000000
5.808001
13.389377
21.735695
29.838526
36.689438
41.280000
42.879912
41.871392
38.914791
34.670459
29.798746
24.960000
20.659019
16.778389
13.045140
9.186304
4.928913
0.000000
0.000000
0.000000
0.000000
0.000000
0.000000
0.000000
16.687160
37.739177
60.276259
81.418617
98.286461
108.000000
108.540682
101.334907
88.670313
72.834538
56.115221
40.800000
28.683446
19.587863
12.842489
7.776562
3.719320
0.000000
0.000000
0.000000
0.000000
0.000000
0.000000
0.000000
10.469967
23.602012
37.618586
50.742141
61.195128
67.200000
67.510152
63.002755
55.085926
45.167779
34.656432
24.960000
17.196093
11.320302
6.997712
3.893408
1.672476
0.000000
0.000000
0.000000
0.000000
0.000000
0.000000
0.000000
2.855338
6.402218
10.249384
14.005575
17.279533
19.680000
20.917619
21.110645
20.479238
19.243556
17.623757
15.840000
14.047521
12.141867
9.953662
7.313533
4.052104
0.000000
0.000000
0.000000
0.000000
0.000000
0.000000
0.000000
14.667730
33.166136
52.901891
71.281670
85.712148
93.600000
93.143447
85.706903
73.446326
58.517677
43.076915
29.280000
18.811814
11.472920
6.592806
3.500957
1.526860
0.000000
0.000000
0.000000
0.000000
0.000000
0.000000
0.000000
4.593214
10.459192
16.897395
23.207288
28.688335
32.640000
34.542288
34.597373
33.187971
30.696797
27.506568
24.000000
20.477634
16.911317
13.190722
9.205522
4.845391
0.000000
0.000000
0.000000
0.000000
0.000000
0.000000
0.000000
14.771438
33.321468
53.112715
71.607803
86.269356
94.560000
94.709294
88.014547
76.540000
62.349898
47.508483
34.080000
23.671384
16.060346
10.567286
6.512607
3.216711
0.000000
0.000000
0.000000
0.000000
0.000000
0.000000
0.000000
10.599056
23.932260
38.129284
51.319801
61.633482
67.200000
66.727497
61.238000
52.332005
41.610009
30.672508
21.120000
14.170954
9.515739
6.462695
4.320163
2.396484
0.000000
0.000000
0.000000
0.000000
0.000000
0.000000
0.000000
11.472084
26.070307
41.728440
56.380252
67.959515
74.400000
74.262978
68.619727
59.169025
47.609651
35.640383
24.960000
16.882670
11.184119
7.255461
4.487812
2.272287
0.000000
0.000000
0.000000
0.000000
0.000000
0.000000
0.000000
8.674185
19.698465
31.588013
42.858002
52.023607
57.600000
58.536917
55.522341
49.678817
42.128888
33.995101
26.400000
20.211480
15.278838
11.196721
7.559777
3.962655
0.000000
0.000000
0.000000
0.000000
0.000000
0.000000
0.000000
13.390976
30.240816
48.186081
64.863327
77.909114
84.960000
84.376712
77.416649
66.061378
52.292468
38.091486
25.440000
15.888844
9.265923
4.968406
2.393466
0.938274
0.000000
0.000000
0.000000
0.000000
0.000000
0.000000
0.000000
2.479509
5.615433
9.011608
12.271870
15.000055
16.800000
17.389608
16.943052
15.748573
14.094411
12.268806
10.560000
9.168726
7.945692
6.654100
5.057153
2.918052
0.000000
0.000000
0.000000
0.000000
0.000000
0.000000
0.000000
12.167094
27.579806
44.065794
59.452717
71.568233
78.240000
77.958358
71.864374
61.761798
49.454377
36.745862
25.440000
16.932807
10.989363
6.967015
4.223107
2.114987
0.000000
0.000000
0.000000
0.000000
0.000000
0.000000
0.000000
8.194430
18.609061
29.832412
40.453005
49.059360
54.240000
54.996310
51.981141
46.260209
38.899231
30.963923
23.520000
17.406996
12.559708
8.686750
5.496737
2.698282
0.000000
0.000000
0.000000
0.000000
0.000000
0.000000
0.000000
7.414623
16.675740
26.502093
35.612426
42.725481
46.560000
46.232469
42.450348
36.318838
28.943142
21.428462
14.880000
10.135500
6.962868
4.862554
3.335006
1.880671
0.000000
0.000000
0.000000
0.000000
0.000000
0.000000
0.000000
9.080149
20.626636
32.993662
44.535430
53.606142
58.560000
58.256092
53.573054
45.894404
36.603665
27.084357
18.720000
12.568814
8.387816
5.608720
3.663241
1.983097
0.000000
0.000000
0.000000
0.000000
0.000000
0.000000
0.000000
9.023249
20.482782
32.748412
44.189951
53.177209
58.080000
57.769466
53.122077
45.515635
36.327940
26.936795
18.720000
12.725554
8.682243
5.989049
4.044956
2.248945
0.000000
0.000000
0.000000
0.000000
0.000000
0.000000
0.000000
10.581176
24.001954
38.318279
51.586097
61.861355
67.200000
66.264755
60.145456
50.538718
39.141153
27.649376
17.760000
10.766470
6.349554
3.786850
2.355957
1.334474
0.000000
0.000000
0.000000
0.000000
0.000000
0.000000
0.000000
8.211625
18.669576
29.817620
40.099526
47.959063
51.840000
50.679689
45.389813
37.375639
28.042434
18.795466
11.040000
5.836287
2.864507
1.459825
0.957404
0.692408
0.000000
0.000000
0.000000
0.000000
0.000000
0.000000
0.000000
6.969725
15.940194
25.599932
34.637463
41.741311
45.600000
45.303716
41.549289
35.435211
28.059976
20.522075
13.920000
9.095413
5.862652
3.779223
2.402633
1.290390
0.000000
0.000000
0.000000
0.000000
0.000000
0.000000
0.000000
6.112725
13.870264
22.149188
29.826071
35.777484
38.880000
38.358912
34.834396
29.275350
22.650671
15.929255
10.080000
5.851627
3.112151
1.509412
0.691247
0.305497
0.000000
0.000000
0.000000
0.000000
0.000000
0.000000
0.000000
1.987831
4.562075
7.382574
10.109167
12.401695
13.920000
14.420763
14.048034
13.042702
11.645659
10.097795
8.640000
7.442450
6.392457
5.306618
4.001531
2.293792
0.000000
0.000000
0.000000
0.000000
0.000000
0.000000
0.000000
9.415353
21.323427
34.030075
45.841151
55.062508
60.000000
59.482482
54.430819
46.288873
36.500512
26.509599
17.760000
11.361384
7.086632
4.374432
2.663469
1.392430
0.000000
0.000000
0.000000
0.000000
0.000000
0.000000
0.000000
6.632906
15.080535
24.151973
32.656307
39.402621
43.200000
43.218617
40.072986
34.738707
28.191383
21.406614
15.360000
10.799294
7.560856
5.253197
3.484827
1.864258
0.000000
0.000000
0.000000
0.000000
0.000000
0.000000
0.000000
7.601660
17.207008
27.432781
36.895713
44.212541
48.000000
47.309154
42.928378
36.080372
27.987839
19.873481
12.960000
8.168390
5.212814
3.505731
2.459596
1.486867
0.000000
0.000000
0.000000
0.000000
0.000000
0.000000
0.000000
8.978016
20.430170
32.687454
44.080859
52.941377
57.600000
56.906204
51.783399
43.673482
34.018346
24.259887
15.840000
9.857169
6.036232
3.758619
2.405757
1.359075
0.000000
0.000000
0.000000
0.000000
0.000000
0.000000
0.000000
7.784567
17.694859
28.273212
38.061963
45.603447
49.440000
48.569945
43.815560
36.455108
27.766854
19.029064
11.520000
6.222319
2.936235
1.166355
0.417286
0.193632
0.000000
0.000000
0.000000
0.000000
0.000000
0.000000
0.000000
2.639004
6.061319
9.775761
13.291145
16.116286
17.760000
17.878759
16.719667
14.677485
12.146972
9.522890
7.200000
5.472625
4.233344
3.274300
2.387633
1.365485
0.000000
0.000000
0.000000
0.000000
0.000000
0.000000
0.000000
6.037749
13.685502
21.844432
29.415711
35.300509
38.400000
37.956044
34.573259
29.196954
22.772437
16.245017
10.560000
6.444744
3.754795
2.127751
1.201206
0.612757
0.000000
0.000000
0.000000
0.000000
0.000000
0.000000
0.000000
3.313106
7.557186
12.144079
16.485621
19.993649
22.080000
22.331484
21.034806
18.651641
15.643667
12.472561
9.600000
7.374290
5.690257
4.329356
3.073043
1.702772
0.000000
0.000000
0.000000
0.000000
0.000000
0.000000
0.000000
6.853622
15.519746
24.766909
33.363648
40.078499
43.680000
43.316378
39.654627
33.741429
26.623470
19.347432
12.960000
8.267531
5.115080
3.107373
1.849139
0.945106
0.000000
0.000000
0.000000
0.000000
0.000000
0.000000
0.000000
4.356261
9.886928
15.796318
21.288748
25.568536
27.840000
27.554791
25.153900
21.325651
16.758369
12.140377
8.160000
5.337906
3.524137
2.401077
1.651110
0.956623
0.000000
0.000000
0.000000
0.000000
0.000000
0.000000
0.000000
5.143314
11.682097
18.658754
25.115687
30.095301
32.640000
32.093161
29.002059
24.214943
18.580062
12.945665
8.160000
4.864042
2.869667
1.781474
1.204065
0.742040
0.000000
0.000000
0.000000
0.000000
0.000000
0.000000
0.000000
5.077724
11.568797
18.521889
24.985673
30.008820
32.640000
32.225101
29.298874
24.693284
19.240298
13.771881
9.120000
5.908537
3.929040
2.764973
1.999801
1.216989
0.000000
0.000000
0.000000
0.000000
0.000000
0.000000
0.000000
7.115126
16.184427
25.887736
34.904881
41.915692
45.600000
45.047636
40.988435
34.562234
26.908870
19.168180
12.480000
7.714331
4.661833
2.843327
1.779638
0.991588
0.000000
0.000000
0.000000
0.000000
0.000000
0.000000
0.000000
5.687735
12.939008
20.698845
27.912272
33.524315
36.480000
36.051798
32.821956
27.700164
21.596113
15.419495
10.080000
6.271739
3.826503
2.360500
1.489942
0.831039
0.000000
0.000000
0.000000
0.000000
0.000000
0.000000
0.000000
4.689946
10.658694
17.028158
22.920255
27.456897
29.760000
29.227860
26.364302
21.949531
16.763753
11.587174
7.200000
4.191946
2.390765
1.433718
0.958067
0.601074
0.000000
0.000000
0.000000
0.000000
0.000000
0.000000
0.000000
4.399521
10.029789
16.063888
21.674900
26.035910
28.320000
27.957560
25.408203
21.388850
16.616418
11.807828
7.680000
4.776905
2.950730
1.880714
1.246094
0.726110
0.000000
0.000000
0.000000
0.000000
0.000000
0.000000
0.000000
4.312711
9.804880
15.666101
21.085967
25.254069
27.360000
26.849894
24.196048
20.127298
15.372482
10.660437
6.720000
4.094379
2.584261
1.804706
1.370772
0.897517
0.000000
0.000000
0.000000
0.000000
0.000000
0.000000
0.000000
6.139703
13.983669
22.379789
30.175956
36.220062
39.360000
38.801930
35.185086
29.506969
22.765081
15.956924
10.080000
5.899243
3.249321
1.732336
0.950386
0.505574
0.000000
0.000000
0.000000
0.000000
0.000000
0.000000
0.000000
3.403035
7.773498
12.492909
16.942784
20.504641
22.560000
22.675652
21.159489
18.504676
15.204380
11.751766
8.640000
6.247690
4.495213
3.188386
2.133030
1.134962
0.000000
0.000000
0.000000
0.000000
0.000000
0.000000
0.000000
4.364627
9.879480
15.764502
21.239635
25.524820
27.840000
27.645683
25.364641
21.660213
17.195738
12.634554
8.640000
5.719308
3.755288
2.474644
1.604079
0.870296
0.000000
0.000000
0.000000
0.000000
0.000000
0.000000
0.000000
4.087910
9.272334
14.800514
19.919690
23.877105
25.920000
25.531275
23.136457
19.396735
14.973294
10.527320
6.720000
4.053658
2.395170
1.452547
0.933802
0.546949
0.000000
0.000000
0.000000
0.000000
0.000000
0.000000
0.000000
3.509972
7.993374
12.795142
17.260211
20.733518
22.560000
22.288240
20.281417
17.106356
13.329882
9.518821
6.240000
3.923733
2.454291
1.579436
1.046928
0.604529
0.000000
0.000000
0.000000
0.000000
0.000000
0.000000
0.000000
3.475616
7.913362
12.676957
17.130116
20.636558
22.560000
22.458484
20.667353
17.716272
14.134908
10.452929
7.200000
4.783780
3.123894
2.017957
1.263585
0.658394
0.000000
0.000000
0.000000
0.000000
0.000000
0.000000
0.000000
2.817307
6.381151
10.174437
13.680069
16.380955
17.760000
17.462154
15.780546
13.170352
10.086747
6.984904
4.320000
2.440745
1.269998
0.624155
0.319610
0.172760
0.000000
0.000000
0.000000
0.000000
0.000000
0.000000
0.000000
1.415344
3.256598
5.283727
7.256694
8.935464
10.080000
10.514868
10.323033
9.652062
8.649522
7.462979
6.240000
5.098518
4.037936
3.028023
2.038550
1.039286
0.000000
0.000000
0.000000
0.000000
0.000000
0.000000
0.000000
2.870574
6.447837
10.228599
13.709672
16.387869
17.760000
17.482198
15.847874
13.309761
10.320589
7.333092
4.800000
3.060634
2.000667
1.392359
1.007971
0.619765
0.000000
0.000000
0.000000
0.000000
0.000000
0.000000
0.000000
3.751637
8.548165
13.704425
18.535257
22.355502
24.480000
24.431521
22.564549
19.441497
15.624780
11.676810
8.160000
5.508947
3.646973
2.369586
1.472290
0.750593
0.000000
0.000000
0.000000
0.000000
0.000000
0.000000
0.000000
2.931393
6.651681
10.649776
14.414587
17.435025
19.200000
19.350626
18.136828
15.960737
13.224482
10.330194
7.680000
5.586105
4.001006
2.787275
1.807483
0.924201
0.000000
0.000000
0.000000
0.000000
0.000000
0.000000
0.000000
3.100745
7.015742
11.212079
15.156842
18.317120
20.160000
20.312065
19.037885
16.761523
13.907045
10.898516
8.160000
6.017660
4.406052
3.161829
2.121643
1.122149
0.000000
0.000000
0.000000
0.000000
0.000000
0.000000
0.000000
4.117611
9.317878
14.873525
20.057277
24.141861
26.400000
26.325596
24.297250
20.914740
16.777843
12.486337
8.640000
5.706673
3.626457
2.207517
1.258017
0.586123
0.000000
0.000000
0.000000
0.000000
0.000000
0.000000
0.000000
1.889147
4.279189
6.851712
9.288299
11.270534
12.480000
12.691257
12.050765
10.797959
9.172273
7.413141
5.760000
4.399157
3.304416
2.396452
1.595944
0.823568
0.000000
0.000000
0.000000
0.000000
0.000000
0.000000
0.000000
2.634608
5.947074
9.478622
12.770476
15.363861
16.800000
16.760565
15.489021
13.369281
10.785255
8.120857
5.760000
3.996464
2.763507
1.904256
1.261836
0.679376
0.000000
0.000000
0.000000
0.000000
0.000000
0.000000
0.000000
2.878111
6.519804
10.400959
13.997456
16.785176
18.240000
18.000644
16.357168
13.762469
10.669444
7.530989
4.800000
2.825981
1.544858
0.789165
0.391435
0.184203
0.000000
0.000000
0.000000
0.000000
0.000000
0.000000
0.000000
1.116728
2.557093
4.127348
5.633749
6.882548
7.680000
7.888764
7.597115
6.949734
6.091301
5.166497
4.320000
3.654883
3.107779
2.573714
1.947712
1.124799
0.000000
0.000000
0.000000
0.000000
0.000000
0.000000
0.000000
4.760519
10.782925
17.204646
23.163113
27.795754
30.240000
29.901774
27.260977
23.066005
18.065254
13.007121
8.640000
5.532386
3.533168
2.311334
1.535869
0.875762
0.000000
0.000000
0.000000
0.000000
0.000000
0.000000
0.000000
4.775111
10.859210
17.374023
23.441276
28.182693
30.720000
30.446431
27.841254
23.655245
18.639183
13.543842
9.120000
5.939166
3.855774
2.544995
1.681994
0.941940
0.000000
0.000000
0.000000
0.000000
0.000000
0.000000
0.000000
4.835429
10.979410
17.535901
23.608858
28.302238
30.720000
30.245821
27.382266
22.911621
17.616171
12.278202
7.680000
4.421286
2.371525
1.217616
0.646459
0.344953
0.000000
0.000000
0.000000
0.000000
0.000000
0.000000
0.000000
2.524800
5.759715
9.230719
12.463785
14.984888
16.320000
16.142876
14.718393
12.459207
9.777975
7.087354
4.800000
3.223694
2.246712
1.652452
1.224314
0.745697
0.000000
0.000000
0.000000
0.000000
0.000000
0.000000
0.000000
4.182474
9.498694
15.163608
20.392165
24.399313
26.400000
25.856648
23.221577
19.194582
14.475458
9.763999
5.760000
2.997602
1.348331
0.518062
0.212668
0.138023
0.000000
0.000000
0.000000
0.000000
0.000000
0.000000
0.000000
2.035061
4.666832
7.509264
10.176303
12.281899
13.440000
13.382368
12.312017
10.549777
8.416475
6.232940
4.320000
2.922136
1.978433
1.351630
0.904465
0.499675
0.000000
0.000000
0.000000
0.000000
0.000000
0.000000
0.000000
2.341503
5.324559
8.533552
11.552867
13.966888
15.360000
15.440452
14.411955
12.602086
10.338419
7.948532
5.760000
4.030022
2.734286
1.778105
1.066789
0.505650
0.000000
0.000000
0.000000
0.000000
0.000000
0.000000
0.000000
1.392135
3.142115
5.019916
6.795513
8.238883
9.120000
9.276443
8.816194
7.914841
6.747967
5.491158
4.320000
3.368761
2.606440
1.960721
1.359286
0.729818
0.000000
0.000000
0.000000
0.000000
0.000000
0.000000
0.000000
2.623849
5.934715
9.470180
12.767828
15.365240
16.800000
16.751646
15.467541
13.337004
10.749356
8.093915
5.760000
4.042901
2.861789
2.041802
1.408082
0.785768
0.000000
0.000000
0.000000
0.000000
0.000000
0.000000
0.000000
3.556771
8.050328
12.815051
17.185318
20.495509
22.080000
21.487280
19.122273
15.604009
11.551521
7.583841
4.320000
2.220775
1.113915
0.668913
0.555265
0.442463
0.000000
