0.000000
0.000000
0.000000
0.000000
0.000000
0.000000
3.381485
7.658619
12.225220
16.475105
19.802093
21.600000
21.449633
19.679751
16.806100
13.344426
9.810477
6.720000
4.466649
2.955711
1.970382
1.293857
0.709331
0.000000
0.000000
0.000000
0.000000
0.000000
0.000000
0.000000
3.378266
7.694670
12.360130
16.785560
20.381878
22.560000
22.903166
21.683914
19.347109
16.337613
13.100289
10.080000
7.622404
5.676339
4.091434
2.717322
1.403633
0.000000
0.000000
0.000000
0.000000
0.000000
0.000000
0.000000
4.570952
10.298515
16.359945
21.932499
26.193432
28.320000
27.751199
24.972988
20.733064
15.779125
10.858871
6.720000
3.924252
2.289535
1.447800
1.030999
0.671082
0.000000
0.000000
0.000000
0.000000
0.000000
0.000000
0.000000
4.937459
11.266083
18.069261
24.430381
29.432831
32.160000
31.976147
29.369016
25.107221
19.959377
14.694098
10.080000
6.704619
4.431187
2.941855
1.918778
1.044109
0.000000
0.000000
0.000000
0.000000
0.000000
0.000000
0.000000
4.889434
11.108308
17.776710
24.014733
28.942466
31.680000
31.614665
29.202754
25.167800
20.233334
15.122890
10.560000
7.105238
4.667342
2.992091
1.825264
0.912641
0.000000
0.000000
0.000000
0.000000
0.000000
0.000000
0.000000
3.410563
7.727810
12.352559
16.685628
20.127836
22.080000
22.124476
20.569771
17.905927
14.622988
11.210998
8.160000
5.844865
4.179774
2.963734
1.995753
1.074839
0.000000
0.000000
0.000000
0.000000
0.000000
0.000000
0.000000
4.339773
9.846804
15.759719
21.317140
25.757692
28.320000
28.469290
26.577205
23.241988
19.061885
14.635141
10.560000
7.309733
4.857710
3.052329
1.741986
0.775078
0.000000
0.000000
0.000000
0.000000
0.000000
0.000000
0.000000
1.625375
3.672253
5.912893
8.119557
10.064506
11.520000
12.313388
12.492369
12.159733
11.418267
10.370760
9.120000
7.754408
6.304938
4.788175
3.220707
1.619120
0.000000
0.000000
0.000000
0.000000
0.000000
0.000000
0.000000
3.947448
8.845762
14.021558
18.801453
22.512061
24.480000
24.241228
22.169071
18.846201
14.855285
10.778995
7.200000
4.567642
2.797953
1.673640
0.977406
0.491958
0.000000
0.000000
0.000000
0.000000
0.000000
0.000000
0.000000
2.255093
5.170029
8.389398
11.557789
14.319794
16.320000
17.291422
17.320768
16.583168
15.253752
13.507653
11.520000
9.445884
7.360233
5.317932
3.373869
1.582929
0.000000
0.000000
0.000000
0.000000
0.000000
0.000000
0.000000
2.533953
5.606562
8.821649
11.783037
14.094546
15.360000
15.305814
14.148784
12.228298
9.883746
7.454517
5.280000
3.622790
2.438303
1.605159
1.001980
0.507387
0.000000
0.000000
0.000000
0.000000
0.000000
0.000000
0.000000
1.869553
4.245232
6.810577
9.249127
11.244422
12.480000
12.732098
12.147735
10.966627
9.428491
7.773044
6.240000
5.008723
4.017163
3.142915
2.263574
1.256737
0.000000
0.000000
0.000000
0.000000
0.000000
0.000000
0.000000
4.903686
11.123939
17.810227
24.112021
29.178789
32.160000
32.456693
30.476188
26.877376
22.319147
17.460391
12.960000
9.336210
6.544643
4.400270
2.718059
1.312979
0.000000
0.000000
0.000000
0.000000
0.000000
0.000000
0.000000
3.589918
8.074402
12.833553
17.247469
20.696251
22.560000
22.410748
20.588263
17.624246
14.050395
10.398413
7.200000
4.860422
3.279211
2.229465
1.484283
0.816762
0.000000
0.000000
0.000000
0.000000
0.000000
0.000000
0.000000
3.807100
8.643441
13.818962
18.643602
22.427302
24.480000
24.324036
22.331344
19.086261
15.173119
11.176254
7.680000
5.130090
3.417848
2.295996
1.517256
0.834350
0.000000
0.000000
0.000000
0.000000
0.000000
0.000000
0.000000
3.963052
9.037547
14.544989
19.806877
24.144714
26.880000
27.527746
26.376993
23.910292
20.610192
16.959245
13.440000
10.432632
7.907814
5.733845
3.779020
1.911640
0.000000
0.000000
0.000000
0.000000
0.000000
0.000000
0.000000
5.489353
12.356298
19.648836
26.414965
31.702687
34.560000
34.329751
31.534168
26.990327
21.515302
15.926168
11.040000
7.478310
5.080362
3.489856
2.350493
1.305974
0.000000
0.000000
0.000000
0.000000
0.000000
0.000000
0.000000
6.178102
14.057660
22.549150
30.563052
37.009843
40.800000
41.166139
38.629422
34.033150
28.220622
22.035139
16.320000
11.737343
8.224652
5.538250
3.434459
1.669602
0.000000
0.000000
0.000000
0.000000
0.000000
0.000000
0.000000
4.718027
10.634132
16.946348
22.852709
27.551249
30.240000
30.358956
28.315945
24.760756
20.343177
15.712995
11.520000
8.266150
5.862088
4.070628
2.654584
1.376770
0.000000
0.000000
0.000000
0.000000
0.000000
0.000000
0.000000
4.963626
11.239542
17.962443
24.267022
29.287976
32.160000
32.277938
30.077238
26.253497
21.502312
16.519281
12.000000
8.484620
5.891505
3.983569
2.523729
1.274901
0.000000
0.000000
0.000000
0.000000
0.000000
0.000000
0.000000
4.345505
9.837082
15.727525
21.269630
25.716190
28.320000
28.556624
26.792709
23.617672
19.620930
15.391901
11.520000
8.461332
6.138749
4.341786
2.859982
1.482874
0.000000
0.000000
0.000000
0.000000
0.000000
0.000000
0.000000
5.137594
11.660954
18.717478
25.454562
31.019604
34.560000
35.464911
34.090553
31.034904
26.895943
22.271649
17.760000
13.836094
10.483500
7.562906
4.934999
2.460468
0.000000
0.000000
0.000000
0.000000
0.000000
0.000000
0.000000
6.567720
14.788043
23.563201
31.795425
38.386948
42.240000
42.585075
39.965715
35.253723
29.320904
23.039062
17.280000
12.718647
9.242432
6.541906
4.307624
2.230137
0.000000
0.000000
0.000000
0.000000
0.000000
0.000000
0.000000
7.651119
17.308222
27.643486
37.329086
45.037199
49.440000
49.608522
46.209219
40.307404
32.968388
25.257483
18.240000
12.748128
8.681568
5.706897
3.490694
1.699535
0.000000
0.000000
0.000000
0.000000
0.000000
0.000000
0.000000
5.233789
11.842621
18.953077
25.691739
31.185186
34.560000
35.194770
33.476120
30.042684
25.533097
20.585991
15.840000
11.807133
8.492900
5.776186
3.535874
1.650851
0.000000
0.000000
0.000000
0.000000
0.000000
0.000000
0.000000
3.403857
7.680207
12.353524
16.948280
20.988948
24.000000
25.621210
25.953560
25.213331
23.616806
21.380268
18.720000
15.824636
12.772221
9.613153
6.397828
3.176645
0.000000
0.000000
0.000000
0.000000
0.000000
0.000000
0.000000
7.269936
16.322000
25.990615
35.110205
42.515192
47.040000
47.857789
45.496668
40.823483
34.705079
28.008303
21.600000
16.172241
11.717995
8.055455
5.002813
2.378264
0.000000
0.000000
0.000000
0.000000
0.000000
0.000000
0.000000
5.388108
12.103264
19.285750
26.075847
31.613836
35.040000
35.743210
34.106702
30.762302
26.341834
21.477125
16.800000
12.812384
9.496593
6.705043
4.290151
2.104331
0.000000
0.000000
0.000000
0.000000
0.000000
0.000000
0.000000
5.400817
12.173479
19.444857
26.341823
31.991247
35.520000
36.305032
34.723601
31.403045
26.970702
22.053908
17.280000
13.152390
9.678783
6.742961
4.228703
2.019789
0.000000
0.000000
0.000000
0.000000
0.000000
0.000000
0.000000
4.512639
10.209486
16.456594
22.620014
28.065799
32.160000
34.419591
34.965235
34.068514
32.001012
29.034313
25.440000
21.462329
17.236241
12.869351
8.469271
4.143616
0.000000
0.000000
0.000000
0.000000
0.000000
0.000000
0.000000
8.657742
19.400111
30.874316
41.727561
50.607054
56.160000
57.420162
54.967531
49.768653
42.790074
34.998341
27.360000
20.661609
14.969764
10.171073
6.152144
2.799583
0.000000
0.000000
0.000000
0.000000
0.000000
0.000000
0.000000
4.524778
10.016579
15.760703
21.042448
25.147114
27.360000
27.189707
25.038046
21.530132
17.291077
12.945995
9.120000
6.289728
4.337902
2.998770
2.006578
1.095572
0.000000
0.000000
0.000000
0.000000
0.000000
0.000000
0.000000
4.855852
11.069605
17.822077
24.294087
29.666455
33.120000
34.065208
32.831235
29.976904
26.061040
21.642464
17.280000
13.423316
10.085455
7.170306
4.581755
2.223690
0.000000
0.000000
0.000000
0.000000
0.000000
0.000000
0.000000
5.192794
11.744547
18.902202
25.912701
32.022986
36.480000
38.716185
38.905978
37.409319
34.586144
30.796392
26.400000
21.722467
16.951539
12.240522
7.742722
3.611446
0.000000
0.000000
0.000000
0.000000
0.000000
0.000000
0.000000
5.437306
12.101448
19.265108
26.200965
32.181703
36.480000
38.550165
38.573011
36.910977
33.926505
29.982032
25.440000
20.635368
15.793176
11.110983
6.786350
3.016835
0.000000
0.000000
0.000000
0.000000
0.000000
0.000000
0.000000
2.615623
5.785235
9.388656
13.305709
17.416216
21.600000
25.698032
29.395886
32.340286
34.177956
34.555619
33.120000
29.672249
24.631221
18.570200
12.062467
5.681307
0.000000
0.000000
0.000000
0.000000
0.000000
0.000000
0.000000
7.586967
16.740746
26.434138
35.639945
43.330965
48.480000
50.341381
49.295563
46.004531
41.130269
35.334764
29.280000
23.514175
18.130335
13.107739
8.425645
4.063313
0.000000
0.000000
0.000000
0.000000
0.000000
0.000000
0.000000
8.464814
18.950608
30.114203
40.612420
49.102079
54.240000
55.076602
52.236691
46.738672
39.600948
31.841922
24.480000
18.322111
13.329293
9.251109
5.837123
2.836899
0.000000
0.000000
0.000000
0.000000
0.000000
0.000000
0.000000
7.260299
16.423940
26.381326
36.022862
44.238952
49.920000
52.248295
51.573661
48.537806
43.782438
37.949267
31.680000
25.519855
19.628085
14.067452
8.900719
4.190647
0.000000
0.000000
0.000000
0.000000
0.000000
0.000000
0.000000
7.284336
16.342581
26.203002
35.893868
44.443445
50.880000
54.461482
55.364565
53.995604
50.760952
46.066966
40.320000
33.896402
27.052491
20.014582
13.008989
6.262023
0.000000
0.000000
0.000000
0.000000
0.000000
0.000000
0.000000
11.720841
26.196740
41.661152
56.347529
68.489327
76.320000
78.568169
75.943125
69.649327
60.891234
50.873306
40.800000
31.659818
23.577428
16.461541
10.220866
4.764116
0.000000
0.000000
0.000000
0.000000
0.000000
0.000000
0.000000
8.496608
18.927249
29.980416
40.344601
48.708298
53.760000
54.574339
51.770505
46.353826
39.329629
31.703245
24.480000
18.452701
13.564064
9.544282
6.123548
3.032056
0.000000
0.000000
0.000000
0.000000
0.000000
0.000000
0.000000
8.341206
18.809643
30.019526
40.585070
49.120490
54.240000
54.964765
51.943744
46.232848
38.887985
30.965066
23.520000
17.386403
12.508715
8.609084
5.409656
2.632579
0.000000
0.000000
0.000000
0.000000
0.000000
0.000000
0.000000
6.990654
15.850143
25.527645
34.972337
43.133396
48.960000
51.669983
51.555809
49.178602
45.099483
39.879575
34.080000
28.176082
22.299952
16.497946
10.816396
5.301636
0.000000
0.000000
0.000000
0.000000
0.000000
0.000000
0.000000
11.618936
26.144747
41.823597
56.901648
69.625061
78.240000
81.463012
79.892186
74.595997
66.642920
57.101429
47.040000
37.362351
28.313177
19.972416
12.420007
5.735889
0.000000
0.000000
0.000000
0.000000
0.000000
0.000000
0.000000
8.785091
19.608619
31.330229
42.809566
52.906275
60.480000
64.658720
65.643751
63.904744
59.911350
54.133218
47.040000
39.086696
30.669710
22.170793
13.971701
6.454185
0.000000
0.000000
0.000000
0.000000
0.000000
0.000000
0.000000
8.524211
18.851759
29.880877
40.509801
49.636763
56.160000
59.257549
59.226665
56.644409
52.087839
46.134017
39.360000
32.278927
25.148247
18.161488
11.512175
5.393837
0.000000
0.000000
0.000000
0.000000
0.000000
0.000000
0.000000
8.531881
18.912594
29.859951
40.091763
48.325842
53.280000
54.050177
51.244833
45.850554
38.853931
31.241550
24.000000
17.914077
12.961409
8.917831
5.559180
2.661291
0.000000
0.000000
0.000000
0.000000
0.000000
0.000000
0.000000
6.360752
14.511572
23.649684
32.972311
41.676675
48.960000
54.163478
57.204178
58.143142
57.041407
53.960013
48.960000
42.185337
34.111714
25.297750
16.302063
7.683273
0.000000
0.000000
0.000000
0.000000
0.000000
0.000000
0.000000
11.340638
25.185759
39.998811
54.243237
66.382485
74.880000
78.597831
77.992442
73.918897
67.232265
58.787610
49.440000
39.941371
30.631141
21.745600
13.521037
6.193740
0.000000
0.000000
0.000000
0.000000
0.000000
0.000000
0.000000
8.211885
18.156881
28.759589
38.944611
47.636547
53.760000
56.517995
56.227258
53.482940
48.880191
43.014161
36.480000
29.796134
23.174085
16.748650
10.654626
5.026811
0.000000
0.000000
0.000000
0.000000
0.000000
0.000000
0.000000
8.551768
19.062530
30.281512
40.957934
49.841023
55.680000
57.571015
55.997921
51.791494
45.782513
38.801756
31.680000
25.097504
19.132453
13.712511
8.765345
4.218620
0.000000
0.000000
0.000000
0.000000
0.000000
0.000000
0.000000
8.966625
20.258477
32.633649
44.850232
55.666318
63.840000
68.421199
69.627157
67.966945
63.949634
58.084295
50.880000
42.808578
34.192895
25.318572
16.471233
7.936502
0.000000
0.000000
0.000000
0.000000
0.000000
0.000000
0.000000
14.955696
33.499828
53.446360
72.609257
88.802483
99.840000
104.117175
102.354981
95.855792
85.921982
73.855927
60.960000
48.355604
36.440249
25.430473
15.542815
6.993811
0.000000
0.000000
0.000000
0.000000
0.000000
0.000000
0.000000
8.131648
18.014771
28.800267
39.639037
49.681981
58.080000
64.132997
67.736895
68.936618
67.777093
64.303245
58.560000
50.689696
41.224318
30.793262
20.025926
9.551707
0.000000
0.000000
0.000000
0.000000
0.000000
0.000000
0.000000
15.619652
34.770124
55.205406
74.679486
90.946354
101.760000
105.486507
102.940336
95.548044
84.736186
71.931320
58.560000
45.834322
34.108533
23.522420
14.215769
6.328367
0.000000
0.000000
0.000000
0.000000
0.000000
0.000000
0.000000
6.860852
15.229335
24.508471
34.101279
43.410782
51.840000
58.842609
64.074905
67.243840
68.056367
66.219436
61.440000
53.635380
43.564379
32.196168
20.499920
9.444806
0.000000
0.000000
0.000000
0.000000
0.000000
0.000000
0.000000
10.247803
22.298632
34.797878
46.390928
55.723172
61.440000
62.590695
59.840112
54.257001
46.910113
38.868196
31.200000
24.729419
19.300921
14.514117
9.968621
5.264045
0.000000
0.000000
0.000000
0.000000
0.000000
0.000000
0.000000
17.537393
39.700922
63.519766
86.023106
104.240124
115.200000
116.803241
110.435663
98.354408
82.816618
66.079434
50.400000
37.549641
27.356425
19.162602
12.310422
6.142138
0.000000
0.000000
0.000000
0.000000
0.000000
0.000000
0.000000
17.922031
40.604583
65.196656
88.847249
108.705364
121.920000
126.418126
123.238586
114.198191
101.113754
85.802086
70.080000
55.445464
42.121073
30.010579
19.017734
9.046290
0.000000
0.000000
0.000000
0.000000
0.000000
0.000000
0.000000
17.763348
39.721543
63.111445
85.169915
103.133813
114.240000
116.522144
111.201148
100.294724
85.820584
69.796439
54.240000
40.781410
29.500531
20.089657
12.241082
5.647098
0.000000
0.000000
0.000000
0.000000
0.000000
0.000000
0.000000
10.396388
23.365891
37.483757
51.325232
63.465564
72.480000
77.286674
78.175262
75.778326
70.728429
63.658133
55.200000
45.936916
36.253060
26.482937
16.961051
8.021904
0.000000
0.000000
0.000000
0.000000
0.000000
0.000000
0.000000
13.331542
29.865840
47.857365
65.560587
81.229975
93.120000
99.888169
101.804142
99.540615
93.770284
85.165847
74.400000
62.135781
48.997592
35.600176
22.558277
10.486637
0.000000
0.000000
0.000000
0.000000
0.000000
0.000000
0.000000
14.589391
32.260446
51.005100
68.815287
83.682942
93.600000
97.109284
94.957169
88.440920
78.857800
67.505072
55.680000
44.460140
34.044209
24.411220
15.540182
7.410105
0.000000
0.000000
0.000000
0.000000
0.000000
0.000000
0.000000
14.508117
32.642930
52.371980
71.662813
88.482972
100.800000
107.077372
107.762288
103.797878
96.127273
85.693604
73.440000
60.242394
46.707918
33.376506
20.788094
9.482614
0.000000
0.000000
0.000000
0.000000
0.000000
0.000000
0.000000
11.292059
24.841251
39.239110
53.077166
64.946952
73.440000
77.509822
77.557842
74.347466
68.642097
61.205140
52.800000
44.075321
35.220714
26.311028
17.421113
8.625821
0.000000
0.000000
0.000000
0.000000
0.000000
0.000000
0.000000
19.817997
44.693189
71.655280
97.733975
119.958980
135.360000
141.748008
140.059055
132.010458
119.319538
103.703612
86.880000
70.303304
54.377260
39.242887
25.041207
11.913238
0.000000
0.000000
0.000000
0.000000
0.000000
0.000000
0.480000
22.930477
50.686222
80.425142
108.825141
132.564125
148.320000
153.679316
149.863203
139.001439
123.223800
104.660061
85.440000
67.343372
50.749854
35.689101
22.190770
10.284518
0.000000
0.000000
0.000000
0.000000
0.000000
0.000000
0.480000
17.401176
38.087284
60.062273
80.850089
97.974682
108.960000
112.032545
108.229037
99.288753
86.950969
72.954959
59.040000
46.599757
35.645457
25.842715
16.857147
8.354370
0.000000
0.000000
0.000000
0.000000
0.000000
0.000000
0.000000
21.184313
47.900220
76.915731
104.998857
128.917610
145.440000
152.178764
150.125539
141.116687
126.988572
109.577555
90.720000
72.020631
54.157625
37.577519
22.726854
10.052168
0.000000
0.000000
0.000000
0.000000
0.000000
0.000000
0.000000
9.037854
19.533191
30.489541
40.910439
49.799414
56.160000
59.256538
59.396608
57.148600
53.080902
47.761906
41.760000
35.535994
29.120377
22.436060
15.405952
7.952962
0.000000
0.000000
0.000000
0.000000
0.000000
0.000000
0.480000
23.048283
51.529872
82.375301
112.035109
136.959829
153.600000
159.369603
155.536409
144.331635
127.986497
108.732213
88.800000
70.051082
52.866715
37.258160
23.236681
10.813540
0.000000
0.000000
0.000000
0.000000
0.000000
0.000000
0.480000
18.853533
41.457465
65.678937
88.905089
108.523063
121.920000
127.179800
125.173408
117.468527
105.632863
91.234119
75.840000
60.785044
46.471126
33.066953
20.741236
9.662682
0.000000
0.000000
0.000000
0.000000
0.000000
0.000000
0.480000
16.301527
35.733849
56.578412
76.636660
93.710041
105.600000
110.684978
109.651402
103.762694
94.282277
82.473571
69.600000
56.736337
44.202763
32.130810
20.652011
9.897896
0.000000
0.000000
0.000000
0.000000
0.000000
0.000000
0.480000
19.882749
43.869280
69.492933
93.807044
113.864954
126.720000
130.252664
125.652000
114.934205
100.115475
83.212008
66.240000
50.864372
37.344941
25.590248
15.508833
7.009237
0.000000
0.000000
0.000000
0.000000
0.000000
0.000000
0.000000
9.958462
22.319897
35.990537
49.876613
62.884357
73.920000
82.069640
87.138845
89.113049
87.977686
83.718192
76.320000
65.929645
53.338057
39.497269
25.359309
11.876209
0.000000
0.000000
0.000000
0.000000
0.000000
0.000000
0.480000
17.056565
37.212907
58.811223
79.713711
97.782571
110.880000
117.401958
117.879447
113.377233
104.960077
93.692745
80.640000
66.753381
52.531526
38.359847
24.623758
11.708671
0.000000
0.000000
0.000000
0.000000
0.000000
0.000000
0.960000
22.090767
48.148453
76.106638
102.938903
125.618830
141.120000
147.219079
144.905072
135.970070
122.206164
105.405444
87.360000
69.615140
52.729037
37.013081
22.778663
10.337173
0.000000
0.000000
0.000000
0.000000
0.000000
0.000000
1.440000
15.238969
31.640288
48.656502
64.300161
76.583811
83.520000
83.737094
78.326736
68.996387
57.453507
45.405557
34.560000
26.205987
19.959435
15.017952
10.579146
5.840626
0.000000
0.000000
0.000000
0.000000
0.000000
0.000000
0.960000
25.135956
56.040684
89.774820
122.438995
150.133844
168.960000
176.050551
172.668403
161.108914
143.667445
122.639353
100.320000
78.690728
58.476815
40.089523
23.940116
10.439854
0.000000
0.000000
0.000000
0.000000
0.000000
0.000000
0.960000
9.436454
19.132500
29.278508
39.104847
47.841888
54.720000
59.127646
61.085662
60.772977
58.368519
54.051217
48.000000
40.461850
31.955963
23.069586
14.389967
6.504356
0.000000
0.000000
0.000000
0.000000
0.000000
0.000000
0.960000
7.596117
15.504311
24.115690
32.861360
41.172428
48.480000
54.281692
58.341157
60.488559
60.554058
58.367817
53.760000
46.719337
37.868837
27.990076
17.864631
8.274080
0.000000
0.000000
0.000000
0.000000
0.000000
0.000000
0.960000
11.312381
23.761625
37.085371
50.061256
61.466920
70.080000
74.969515
76.370002
74.807378
70.807558
64.896460
57.600000
49.378446
40.429476
30.885117
20.877399
10.538351
0.000000
0.000000
0.000000
0.000000
0.000000
0.000000
2.400000
29.783645
63.673258
99.446270
132.480111
158.152211
171.840000
170.355389
156.248208
133.502768
106.103379
78.034353
53.280000
34.910356
22.338355
14.062659
8.581928
4.394821
0.000000
0.000000
0.000000
0.000000
0.000000
0.000000
2.400000
22.610223
48.494829
76.910962
104.715770
128.766401
145.920000
153.829251
153.328982
146.049557
133.621343
117.674702
99.840000
81.541662
63.380355
45.750808
29.047748
13.665902
0.000000
0.000000
0.000000
0.000000
0.000000
0.000000
2.880000
27.199712
56.803481
88.040351
117.259365
140.809567
155.040000
157.370384
149.503146
134.211386
114.268207
92.446711
71.520000
53.705417
38.997269
26.834105
16.654473
7.896922
0.000000
0.000000
0.000000
0.000000
0.000000
0.000000
1.920000
20.527234
43.807173
69.057117
93.574369
114.656229
129.600000
136.385336
135.721308
128.999337
117.610846
102.947260
86.400000
69.242531
52.276486
36.185536
21.653356
9.363620
0.000000
0.000000
0.000000
0.000000
0.000000
0.000000
1.440000
7.059315
13.592513
21.260388
30.283732
40.883338
53.280000
67.367091
81.728309
94.619930
104.298234
109.019498
107.040000
97.278987
81.307586
61.359891
39.669999
18.472003
0.000000
0.000000
0.000000
0.000000
0.000000
0.000000
3.840000
26.690954
53.869249
82.618093
110.180694
133.800260
150.720000
158.879224
159.001657
152.507124
140.815453
125.346469
107.520000
88.614370
69.341900
50.273410
31.979716
15.031640
0.000000
0.000000
0.000000
0.000000
0.000000
0.000000
2.880000
28.685786
60.081802
93.269641
124.450892
149.827148
165.600000
169.071341
161.944273
147.022200
127.108528
105.006659
83.520000
64.875518
48.994441
35.221559
22.901664
11.379547
0.000000
0.000000
0.000000
0.000000
0.000000
0.000000
3.360000
35.364802
75.547034
118.972184
160.705737
195.813180
219.360000
227.734206
222.613898
206.999700
183.892235
156.292127
127.200000
99.202820
73.232930
49.809017
29.449767
12.673866
0.000000
0.000000
0.000000
0.000000
0.000000
0.000000
3.840000
13.632458
24.736213
36.614056
48.728775
60.543160
71.520000
81.122322
88.814099
94.059544
96.322869
95.068283
89.760000
80.127145
66.958501
51.307766
34.228640
16.774818
0.000000
0.000000
0.000000
0.000000
0.000000
0.000000
3.360000
37.707567
79.882798
124.534674
166.312178
199.864293
219.840000
222.460631
210.236910
187.251913
157.588713
125.330384
94.560000
68.574355
47.525116
30.777674
17.697415
7.649728
0.000000
0.000000
0.000000
0.000000
0.000000
0.000000
1.440000
11.673396
24.028832
37.252759
50.091629
61.291892
69.600000
74.073354
75.013159
73.031571
68.740745
62.752836
55.680000
48.019855
39.811865
30.980957
21.452059
11.150098
0.000000
0.000000
0.000000
0.000000
0.000000
0.000000
4.320000
38.604568
81.497272
127.440640
170.877199
206.249477
228.000000
232.170056
221.195973
199.112838
169.955739
137.759764
106.560000
79.621874
57.132169
38.508008
23.166511
10.524801
0.000000
0.000000
0.000000
0.000000
0.000000
0.000000
6.240000
27.439449
53.535323
81.791468
109.471731
133.839959
152.160000
162.326423
164.756694
160.498999
150.601526
136.112464
118.080000
97.579302
75.793458
53.932538
33.206609
14.825740
0.000000
0.000000
0.000000
0.000000
0.000000
0.000000
1.920000
15.397445
31.146428
48.004062
64.807460
80.393735
93.600000
103.442740
109.655926
112.152902
110.847010
105.651595
96.480000
83.462707
67.598758
50.104332
32.195610
15.088773
0.000000
0.000000
0.000000
0.000000
0.000000
0.000000
4.320000
27.600455
55.876179
86.216583
115.691080
141.369081
160.320000
170.320637
171.977353
166.603898
155.514020
140.021471
121.440000
100.996996
79.574409
57.967827
36.972839
17.385034
0.000000
0.000000
0.000000
0.000000
0.000000
0.000000
6.240000
37.201938
74.841105
114.772998
152.613113
183.976948
204.480000
210.954203
205.097236
189.823216
168.046259
142.680482
116.640000
92.332362
70.138840
49.934139
31.592962
14.990015
0.000000
0.000000
0.000000
0.000000
0.000000
0.000000
9.120000
43.246683
85.307099
130.464944
173.883913
210.727700
236.160000
246.603585
243.517532
229.619994
207.629124
180.263075
150.240000
119.970087
90.631661
63.095080
38.230704
16.908891
0.000000
0.000000
0.000000
0.000000
0.000000
0.000000
9.120000
28.970094
51.980599
75.946179
98.661496
117.921216
131.520000
137.810225
137.375113
131.355600
120.892620
107.127108
91.200000
74.186784
56.901171
40.091422
24.505801
10.892573
0.000000
0.000000
0.000000
0.000000
0.000000
0.000000
3.840000
15.276000
28.884677
43.853724
59.370833
74.623694
88.800000
101.097809
110.756642
117.026390
119.156939
116.398180
108.000000
93.688322
75.093198
54.320718
33.476966
14.668031
0.000000
0.000000
0.000000
0.000000
0.000000
0.000000
3.840000
10.813835
17.726767
24.476322
30.960028
37.075411
42.720000
47.753532
51.884592
54.783973
56.122472
55.570882
52.800000
47.614258
40.352645
31.487786
21.492308
10.838837
0.000000
0.000000
0.000000
0.000000
0.000000
0.000000
11.040000
42.525781
81.610262
123.852683
164.812286
200.048311
225.120000
236.705220
235.956347
225.144385
206.540338
182.415208
155.040000
126.455562
97.782128
69.909775
43.728584
20.128633
0.000000
0.000000
0.000000
0.000000
0.000000
0.000000
10.560000
43.749867
83.481749
125.164174
164.205672
196.014771
216.000000
220.876890
212.588975
194.386792
169.520877
141.241768
112.800000
86.887019
63.957908
43.908659
26.635264
12.033713
0.000000
0.000000
0.000000
0.000000
0.000000
0.000000
10.560000
33.339515
60.817859
90.077056
118.199129
142.266103
159.360000
167.306909
166.909174
159.713207
147.265415
131.112210
112.800000
93.670628
74.247666
54.850118
35.796988
17.407281
0.000000
0.000000
0.000000
0.000000
0.000000
0.000000
3.840000
41.911504
88.907247
138.904600
185.980930
224.213607
247.680000
252.170074
240.324184
216.495281
185.036315
150.300238
116.640000
87.570421
63.253794
43.014278
26.176033
12.063221
0.000000
0.000000
0.000000
0.000000
0.000000
0.000000
10.560000
38.689952
72.930313
109.115289
143.079090
170.655924
187.680000
191.171951
182.898109
165.811235
142.864087
117.009422
91.200000
67.913357
47.726138
30.739770
17.055674
6.775276
0.000000
0.000000
0.000000
0.000000
1.944328
6.558362
11.520000
16.319262
21.013403
25.801485
30.882570
36.455721
42.720000
49.688327
56.629050
62.624374
66.756504
68.107644
65.760000
59.154095
49.163729
37.021019
23.958082
11.207036
0.000000
0.000000
0.000000
0.000000
0.000000
0.000000
14.400000
36.275850
62.141024
89.112774
114.308353
134.845011
147.840000
151.223531
146.177647
134.697351
118.777643
100.413525
81.600000
64.003359
47.975053
33.537823
20.714410
9.527556
0.000000
0.000000
0.000000
0.000000
0.000000
0.000000
6.720000
25.206730
47.554160
71.176747
93.488946
111.905212
123.840000
127.423381
123.647884
114.221654
100.852833
85.249567
69.120000
53.908635
40.005414
27.536638
16.628610
7.407630
0.000000
0.000000
0.000000
0.000000
0.000000
3.895469
16.800000
34.603046
55.472742
77.096187
97.160479
113.352717
123.360000
125.530180
120.854126
110.983459
97.569801
82.264774
66.720000
52.305122
39.261866
27.549979
17.129208
7.959299
0.000000
0.000000
0.000000
0.000000
0.000000
0.349142
15.840000
38.304218
65.357827
93.923518
120.923983
143.281913
157.920000
162.600461
158.443615
147.409302
131.457367
112.547652
92.640000
73.407269
55.374381
38.779273
23.859882
10.854145
0.000000
0.000000
0.000000
0.000000
0.000000
0.000000
12.960000
34.770884
61.030176
89.106306
116.367701
140.182789
157.920000
167.559336
169.527101
164.861172
154.599427
139.779744
121.440000
100.638437
78.514753
56.229006
34.941258
15.811569
0.000000
0.000000
0.000000
0.000000
0.000000
0.000000
11.520000
34.316129
61.287472
89.879780
117.538804
141.710293
159.840000
169.959680
172.445111
168.258075
158.360357
143.713737
125.280000
104.071817
81.305417
58.247918
36.166437
16.328092
0.000000
0.000000
0.000000
0.000000
0.000000
0.000000
15.360000
40.167090
69.610594
101.171073
132.329092
160.565213
183.360000
198.667477
206.335517
206.685455
200.038625
186.716362
167.040000
141.638557
112.371781
81.407106
50.911963
23.053783
0.000000
0.000000
0.000000
0.000000
0.000000
0.000000
12.960000
41.948260
76.038791
112.188411
147.353940
178.492197
202.560000
217.168664
222.547480
219.580235
209.150715
192.142708
169.440000
142.097085
111.851290
80.610650
50.283199
22.776970
0.000000
0.000000
0.000000
0.000000
0.000000
0.000000
13.920000
44.353156
80.137054
117.800690
153.873063
184.883167
207.360000
218.677715
219.591094
211.700074
196.604593
175.904589
151.200000
124.053761
95.880794
68.059015
41.966345
18.980701
0.480000
0.000000
0.000000
0.000000
0.000000
0.000000
14.400000
38.112833
65.500723
93.845526
120.429102
142.533307
157.440000
163.154759
160.578043
151.334030
137.046900
119.340830
99.840000
80.003685
60.631549
42.358353
25.818855
11.647818
0.480000
0.000000
0.000000
0.000000
0.000000
3.059011
16.800000
35.149873
56.869859
80.431411
104.305984
126.965029
146.880000
162.678898
173.615917
179.101796
178.547275
171.363097
156.960000
135.276756
108.364252
78.801407
49.167138
22.040363
0.000000
0.000000
0.000000
0.000000
0.000000
0.000000
9.600000
30.778040
54.736335
79.348281
102.487276
122.026717
135.840000
142.342650
142.118696
136.294297
125.995610
112.348792
96.480000
79.433583
61.926657
44.594529
28.072505
12.995893
0.000000
0.000000
0.000000
0.000000
0.000000
0.000000
17.280000
45.265460
78.903535
114.655126
148.981133
178.342457
199.200000
208.895142
208.291185
199.131911
183.161101
162.122536
137.760000
111.727305
85.318391
59.737232
36.187798
15.874064
0.000000
0.000000
0.000000
0.000000
0.000000
0.000000
4.800000
17.921250
32.389496
46.786116
59.692488
69.689990
75.360000
75.723804
71.562320
64.096372
54.546786
44.134387
34.080000
25.376867
18.107892
12.128396
7.293702
3.459129
0.480000
0.000000
0.000000
0.000000
0.722852
6.044652
14.400000
26.059325
40.516540
57.071431
75.023781
93.673376
112.320000
130.118414
145.643279
157.324234
163.590914
162.872957
153.600000
134.989241
109.408120
80.011635
49.954787
22.392575
0.480000
0.000000
0.000000
0.000000
0.000000
2.378964
19.680000
40.427830
62.859356
85.031459
105.001014
120.824902
130.560000
132.837394
128.584999
119.304939
106.499337
91.670316
76.320000
61.687040
47.956204
35.048786
22.886083
11.389389
0.480000
0.000000
0.000000
0.000000
0.000000
0.000000
19.680000
54.528512
96.669719
140.571546
180.701918
211.528761
227.520000
224.867062
206.655382
177.693898
142.791549
106.757270
74.400000
49.483241
31.588753
19.252860
11.011887
5.402159
0.960000
0.000000
0.000000
0.000000
0.000000
6.758538
23.520000
48.196862
78.372822
110.848497
142.424506
169.901468
190.080000
200.514800
201.776885
195.191351
182.083295
163.777812
141.600000
116.870604
90.892971
64.966098
40.388981
18.460616
0.480000
0.000000
0.000000
0.000000
0.000000
0.000000
20.640000
49.804930
84.155445
120.436876
155.394558
185.773821
208.320000
220.533052
222.931436
216.788238
203.376543
183.969435
159.840000
132.322863
102.998811
73.510172
45.499272
20.608439
0.480000
0.000000
0.000000
0.000000
0.000000
0.000000
8.640000
30.512933
56.530138
85.085532
114.573030
143.386547
169.920000
192.619440
210.139462
221.186798
224.468179
218.690336
202.560000
175.638196
140.903124
102.187275
63.323143
28.143221
0.480000
0.000000
0.000000
0.000000
0.000000
0.943448
20.160000
42.624038
67.171375
92.676324
118.013202
142.056322
163.680000
181.778294
195.324237
203.310603
204.730169
198.575709
183.840000
160.171673
129.842788
95.781262
60.915011
28.171951
0.480000
0.000000
0.000000
0.000000
0.000000
0.000000
20.160000
59.390495
105.276548
152.961343
197.588061
234.299886
258.240000
265.891896
259.100307
241.050279
214.926856
183.915081
151.200000
119.519700
89.824445
62.617540
38.402293
17.682011
0.960000
0.000000
0.000000
0.000000
0.000000
1.990207
24.960000
56.703085
94.167899
133.524220
170.941825
202.590492
224.640000
234.240578
232.464267
221.363561
202.990952
179.398934
152.640000
124.581270
96.348366
68.881538
43.121035
20.007106
0.480000
0.000000
0.000000
0.000000
0.000000
0.000000
24.960000
63.801357
109.802557
157.677311
202.139329
237.902322
259.680000
263.720229
252.407502
229.660467
199.397773
165.538068
132.000000
101.979948
75.785211
53.000819
33.211800
16.003184
0.960000
0.000000
0.000000
0.000000
0.000000
0.000000
22.080000
61.722362
109.945958
161.214155
209.990317
250.737810
277.920000
287.483908
281.311182
262.767124
235.217039
202.026230
166.560000
131.753117
98.818204
68.537348
41.692638
19.066159
1.440000
0.000000
0.000000
0.000000
0.000000
9.386911
33.600000
65.734608
102.575564
140.168723
174.559945
201.795084
217.920000
220.142387
210.317299
191.461624
166.592256
138.726084
110.880000
85.551398
63.159687
43.604779
26.786587
12.605023
0.960000
0.000000
0.000000
0.000000
0.000000
9.576046
34.560000
69.744962
111.900050
156.858180
200.452271
238.515239
266.880000
282.330354
285.453624
277.788018
260.871741
236.243000
205.440000
170.113624
132.365454
94.409748
58.460765
26.732763
1.440000
0.000000
0.000000
0.000000
0.000000
0.000000
23.040000
53.879104
89.322969
126.338293
161.891774
192.950111
216.480000
230.110654
234.121340
229.453837
217.049926
197.851387
172.800000
143.064946
110.725005
78.086359
47.455188
21.137675
1.440000
0.000000
0.000000
0.000000
0.000000
12.562357
29.760000
49.443468
70.533764
91.950726
112.614194
131.444006
147.360000
159.403233
167.099638
170.096366
168.040568
160.579395
147.360000
128.372489
104.978796
78.883811
51.792423
25.409523
1.440000
0.000000
0.000000
0.000000
0.000000
0.000000
20.160000
68.864713
127.276050
188.022628
243.733066
287.035984
310.560000
309.205447
286.959512
250.081099
204.829107
157.462441
114.240000
80.075722
54.503679
35.712978
21.892727
11.232032
1.920000
0.000000
0.000000
0.000000
0.000000
7.671655
37.920000
82.753169
137.037675
194.059064
247.102884
289.454680
314.400000
317.175657
300.823527
270.336754
230.708480
186.931847
144.000000
106.059759
73.872661
47.353921
26.418754
10.982375
0.960000
0.000000
0.000000
0.000000
1.696505
6.398652
10.560000
13.434569
15.988468
19.615828
25.710782
35.667462
50.880000
71.927529
96.129190
119.989125
140.011477
152.700388
154.560000
143.295315
121.414773
92.627672
60.643310
29.170987
1.920000
0.000000
0.000000
0.000000
0.000000
3.866776
39.840000
88.935403
146.022803
204.731580
258.691118
301.530797
326.880000
330.238290
314.585961
284.773492
245.651357
202.070034
158.880000
120.106993
86.477796
57.894454
34.259010
15.473511
1.440000
0.000000
0.000000
0.000000
0.000000
12.442588
34.560000
63.904720
97.644118
132.270770
164.277250
190.156135
206.400000
210.489605
203.858452
188.928228
168.120620
143.857315
118.560000
94.285750
71.633186
50.836320
32.129160
15.745717
1.920000
0.000000
0.000000
0.000000
0.000000
8.964262
36.960000
76.604664
124.171602
174.857709
223.859881
266.375013
297.600000
313.860613
315.998121
305.982669
285.784402
257.373464
222.720000
183.832884
142.875913
102.051613
63.562509
29.611130
2.400000
0.000000
0.000000
0.000000
0.000000
5.173128
36.000000
76.877937
124.268957
173.864867
221.357474
262.438582
292.800000
309.129291
312.097056
303.369651
284.613435
257.494765
223.680000
184.969342
143.698376
102.336529
63.353232
29.217912
2.400000
0.000000
0.000000
0.000000
0.000000
10.886918
40.800000
79.235077
122.886080
167.806542
210.049995
245.669970
270.720000
282.235241
281.177348
269.489599
249.115272
221.997646
190.080000
155.288402
119.480083
84.495063
52.173362
24.355001
2.880000
0.000000
0.000000
0.000000
0.000000
10.124572
32.640000
61.075889
93.301752
126.824341
159.150410
187.786712
210.240000
224.500849
230.495117
228.632486
219.322636
202.975247
180.000000
151.158494
118.620002
84.905715
52.536824
24.034522
1.920000
0.000000
0.000000
0.000000
0.000000
10.913330
33.120000
60.545247
91.396049
123.635664
155.227354
184.134379
208.320000
226.033834
236.670929
239.912689
235.440518
222.935820
202.080000
173.101637
138.418011
100.993579
63.792796
29.780118
1.920000
0.000000
0.000000
0.000000
0.000000
0.000000
15.360000
45.637669
80.216111
115.594445
148.271792
174.747270
191.520000
196.087483
189.940753
175.569225
155.462313
132.109433
108.000000
85.227953
64.305320
45.348656
28.474513
13.799443
1.440000
0.000000
0.000000
0.000000
0.000000
7.786128
33.120000
69.073666
112.378372
158.806739
204.131386
244.124933
274.560000
292.137962
297.275211
291.316893
275.608155
251.494142
220.320000
183.627818
143.747449
103.205687
64.529329
30.245168
2.880000
0.000000
0.000000
0.000000
0.000000
12.045186
45.600000
89.546895
139.694798
190.952884
238.230328
276.436309
300.480000
306.710542
297.236926
275.608109
245.373045
210.080690
173.280000
137.977604
105.010831
74.674682
47.264159
23.074264
2.400000
0.000000
0.000000
0.000000
0.000000
0.000000
25.920000
70.424012
123.932393
180.332663
233.512342
277.358947
305.760000
314.289358
305.266234
282.696184
250.584759
212.937513
173.760000
136.460781
102.060448
70.982602
43.650845
20.488778
1.920000
0.000000
0.000000
0.000000
0.000000
0.000000
8.640000
32.455805
61.304986
93.003770
125.368383
156.215051
183.360000
204.875928
219.861415
227.671513
227.661276
219.185754
201.600000
174.884930
141.524911
104.630177
67.310959
32.677489
3.840000
0.000000
0.000000
0.000000
0.000000
9.626510
47.520000
98.535432
157.341550
217.358710
272.007268
314.707580
338.880000
339.922807
321.145970
287.837380
245.284928
198.776504
153.600000
114.102227
80.865679
53.531769
31.741910
15.137516
3.360000
0.000000
0.000000
0.000000
0.000000
7.068988
18.720000
33.249086
49.284627
65.226057
79.472806
90.424310
96.480000
96.528706
91.416845
82.480230
71.054676
58.475994
46.080000
34.978312
25.385770
17.293022
10.690714
5.569491
1.920000
0.000000
0.000000
1.227680
5.453581
12.454931
22.560000
35.996168
52.587271
72.056257
94.126074
118.519673
144.960000
172.692837
199.055289
220.907293
235.108789
238.519712
228.000000
201.823596
163.920464
119.634570
74.309882
33.290370
1.920000
0.000000
0.000000
0.000000
0.000000
20.598809
45.600000
72.860848
101.232554
129.767719
157.518947
183.538840
206.880000
226.521607
241.149151
249.374695
249.810308
241.068054
221.760000
191.412722
153.210844
111.253499
69.639821
32.468943
3.840000
0.000000
0.000000
0.000000
0.000000
21.160618
48.960000
81.719489
116.857043
151.521267
182.860765
208.024141
224.160000
229.201209
224.217690
211.063625
191.593199
167.660596
141.120000
113.697896
86.609976
60.944233
37.788660
18.231251
3.360000
0.000000
0.000000
0.000000
0.541049
14.025509
33.120000
57.446609
85.247060
114.417990
142.856033
168.457824
189.120000
203.099692
210.096018
210.168596
203.377042
189.780971
169.440000
142.852403
112.271089
80.387625
49.893577
23.480513
3.840000
0.000000
0.000000
0.000000
4.621983
18.983643
36.480000
55.875924
76.059297
95.948756
114.462935
130.520471
143.040000
151.121164
154.587630
153.444073
147.695166
137.345584
122.400000
103.163865
81.145738
58.154953
36.000845
16.492749
1.440000
0.000000
0.000000
0.000000
0.000000
3.318976
14.400000
27.271524
40.887700
54.140583
65.922225
75.124680
80.640000
81.688308
78.802003
72.841552
64.667422
55.140083
45.120000
35.370799
26.268733
18.093211
11.123641
5.639435
1.920000
0.324050
1.527509
6.285606
15.353568
29.486623
49.440000
75.426334
105.487896
137.124365
167.835420
195.120738
216.480000
229.888391
235.223128
232.836933
223.082531
206.312646
182.880000
153.515657
120.464038
86.347902
53.790011
25.413123
3.840000
0.000000
0.000000
0.000000
0.000000
13.719306
32.640000
54.790643
79.070854
104.366266
129.562507
153.545208
175.200000
193.415115
207.089194
215.123479
216.419214
209.877640
194.400000
169.591119
137.870147
102.359817
66.182861
32.462011
4.320000
0.000000
0.000000
0.000000
0.000000
6.694316
41.280000
87.873911
141.902317
197.731174
249.726436
292.254059
319.680000
327.917279
319.067180
296.778053
264.698248
226.476114
185.760000
145.779195
108.086740
73.816613
44.102795
20.079264
2.880000
0.000000
0.000000
0.000000
0.561683
11.195718
24.000000
37.903709
52.183152
66.201415
79.321586
90.906752
100.320000
107.003667
110.717088
111.298847
108.587530
102.421719
92.640000
79.328289
63.561829
46.663195
29.954963
14.759706
2.400000
0.000000
0.000000
0.000000
0.000000
4.463902
18.720000
37.676781
60.438011
85.903319
112.972334
140.544685
167.520000
192.645254
214.056804
229.738351
237.673599
235.846247
222.240000
195.873313
159.903661
118.523275
75.924383
36.299215
3.840000
0.000000
0.000000
0.000000
0.000000
0.000000
26.400000
62.149602
102.373250
143.022529
180.049024
209.404319
227.040000
230.097878
220.480673
201.281335
175.592811
146.508050
117.120000
90.036666
65.926279
44.972130
27.357508
13.265702
2.880000
0.000000
0.000000
0.000000
3.812712
16.373588
34.560000
58.272604
85.625770
114.287295
141.924977
166.206613
184.800000
195.858567
199.478265
196.240675
186.727380
171.519961
151.200000
126.582017
99.412282
71.670005
45.334393
22.384655
4.800000
0.000000
0.000000
0.000000
3.117271
18.619197
39.840000
66.177855
95.923961
127.092773
157.698746
185.756337
209.280000
226.548548
236.898218
239.929604
235.243301
222.439901
201.120000
171.490175
136.180945
98.428810
61.470273
28.541836
2.880000
0.000000
0.000000
0.000000
0.000000
1.088311
17.280000
35.900157
56.013712
76.770570
97.320635
116.813810
134.400000
149.224178
160.411593
167.082564
168.357410
163.356449
151.200000
131.594244
106.588806
78.819175
50.920838
25.529284
5.280000
0.000000
0.000000
0.000000
0.000000
16.650861
41.280000
72.681475
108.407345
145.537873
181.153317
212.333940
236.160000
250.319698
254.932990
250.727771
238.431936
218.773381
192.480000
160.593067
125.407362
89.531045
55.572273
26.139205
3.840000
0.000000
0.000000
0.000000
0.078974
16.289800
37.440000
62.534793
90.442390
119.996751
150.031833
179.381596
206.880000
231.248348
250.757321
263.564947
267.829251
261.708260
243.360000
212.018483
171.221659
125.583463
79.717831
38.238699
5.760000
0.000000
0.000000
0.000000
0.000000
17.894724
47.520000
83.092857
122.251946
162.411736
200.986696
235.391294
263.040000
281.788630
291.258396
291.511856
282.611570
264.620099
237.600000
202.152623
161.034472
117.540841
74.967023
36.608311
5.760000
0.000000
0.000000
0.000000
0.000000
14.113323
49.920000
96.634976
150.239552
205.880035
258.702732
303.853952
336.480000
352.890329
354.046965
342.075079
319.099842
287.246426
248.640000
205.459265
160.097034
114.999649
72.613454
35.384790
5.760000
0.000000
0.000000
0.000000
0.000000
7.381082
38.400000
79.039173
125.714473
174.115051
219.930063
258.848662
286.560000
299.817361
299.630542
288.073469
267.220071
239.144272
205.920000
169.578050
131.976694
94.931071
60.256321
29.767584
5.280000
0.000000
0.000000
0.000000
0.000000
6.327613
34.080000
71.162422
114.350358
159.699946
203.267324
241.108629
269.280000
284.739874
288.055885
280.697969
264.136060
239.840092
209.280000
174.051417
136.252768
98.108178
61.841771
29.677670
3.840000
0.000000
0.000000
0.000000
0.000000
2.311450
28.320000
62.632971
102.272844
143.654552
183.193026
217.303198
242.400000
255.735881
257.913361
250.372475
234.553262
211.895758
183.840000
151.923505
118.073714
84.315547
52.673925
25.173769
3.840000
0.000000
0.000000
0.000000
0.000000
14.886944
39.840000
71.493878
107.221369
143.903100
178.419697
207.651788
228.480000
238.545501
238.531629
229.882263
214.041283
192.452569
166.560000
137.813007
107.683227
77.647848
49.184058
23.769046
2.880000
0.000000
0.000000
0.000000
0.000000
2.404579
28.320000
63.728220
104.983808
147.566771
186.957119
218.634859
238.080000
242.069093
232.564861
212.826569
186.113485
155.684873
124.800000
96.213186
70.658972
48.366952
29.566720
14.487871
3.360000
0.000000
0.000000
0.000000
4.010748
17.092532
36.000000
60.669722
89.468467
120.370551
151.350289
180.382000
205.440000
224.734060
237.415769
242.872173
240.490317
229.657244
209.760000
180.822928
145.419567
106.760756
68.057332
32.520134
3.360000
0.000000
0.000000
0.000000
0.000000
3.624443
35.040000
76.482378
123.294359
169.840027
210.483466
239.588763
251.520000
242.547370
216.565491
179.375089
136.776889
94.571618
58.560000
33.174809
17.377011
8.759618
4.915643
3.438099
1.920000
0.000000
0.000000
0.000000
0.000000
3.800429
20.160000
45.822730
78.046016
113.114622
147.313312
176.926850
198.240000
208.453464
208.431693
199.955073
184.803993
164.758839
141.600000
116.965635
91.924991
67.405086
44.332941
23.635572
6.240000
0.000000
0.000000
0.000000
0.000000
13.967761
45.120000
88.549492
139.890521
193.596587
244.121189
285.917827
313.440000
322.640258
315.467348
295.369070
265.793220
230.187598
192.000000
154.236143
118.133418
84.487133
54.092596
27.745115
6.240000
0.000000
0.000000
0.000000
0.000000
2.289719
28.800000
65.605405
108.608445
152.703272
192.784039
223.744897
240.480000
239.447655
223.362796
196.504512
163.151891
127.584025
94.080000
66.110641
43.913704
26.918681
14.555062
6.252338
1.440000
0.000000
0.000000
2.120765
5.401195
9.213291
12.960000
16.323566
20.103412
25.378259
33.226826
44.727833
60.960000
82.269289
106.070632
129.046201
147.878169
159.248711
159.840000
147.505944
124.787395
95.396939
63.047163
31.450655
4.320000
0.000000
0.000000
0.000000
0.000000
0.000000
9.600000
38.695206
73.444558
111.318885
149.789015
186.325777
218.400000
243.776686
261.397534
270.498417
270.315207
260.083777
239.040000
207.166938
167.436415
123.567446
79.279044
38.290224
4.320000
0.000000
0.000000
0.000000
0.000000
1.490881
37.920000
86.653038
142.914146
200.885362
254.748719
298.686253
326.880000
335.132287
325.726610
302.566756
269.556511
230.599663
189.600000
149.931146
112.846079
79.067616
49.318571
24.321760
4.800000
0.000000
0.000000
0.000000
0.000000
10.771074
36.480000
70.847452
110.566521
151.561258
189.755715
221.073945
241.440000
247.893730
241.938178
226.192187
203.274599
175.804256
146.400000
117.337629
89.520768
63.509994
39.865889
19.149031
1.920000
0.000000
0.000000
0.000000
0.000000
4.204065
31.680000
70.228249
115.755338
163.078662
207.015616
242.383597
264.000000
268.169029
257.142120
234.657518
204.453467
170.268213
135.840000
104.313414
76.458405
52.451267
32.468292
16.685772
5.280000
0.000000
0.000000
0.000000
4.037809
14.384254
28.800000
46.968430
67.693446
89.559080
111.149362
131.048325
147.840000
160.288962
167.881955
170.286268
167.169188
158.198003
143.040000
121.820167
96.494288
69.475847
43.178330
20.015219
2.400000
0.000000
0.000000
0.000000
0.544159
13.374453
29.760000
48.858348
69.982138
92.482784
115.711700
139.020301
161.760000
183.080682
201.326111
214.638523
221.160151
219.033232
206.400000
182.325591
149.566751
111.803125
72.714361
35.980103
5.280000
0.000000
0.000000
0.000000
0.000000
6.486354
42.240000
90.128822
145.463490
202.500973
255.498239
298.712259
326.400000
334.414427
324.992490
301.967134
269.171303
230.437944
189.600000
149.980135
112.859882
79.010491
49.203214
24.209300
4.800000
0.000000
0.000000
0.000000
0.000000
4.158191
24.000000
50.310847
81.277080
114.705906
148.404530
180.180159
207.840000
229.444912
244.070364
251.045477
249.699373
239.361174
219.360000
189.705060
153.125909
113.032187
72.833534
35.939591
5.760000
0.000000
0.000000
0.000000
0.000000
8.442683
41.760000
85.655554
136.050090
188.004706
236.580498
276.838564
303.840000
313.962937
308.853638
291.475399
264.791515
231.765284
195.360000
158.223808
121.744246
86.993698
55.044551
26.969190
3.840000
0.000000
0.000000
0.000000
0.000000
0.000000
19.680000
54.866650
96.600463
140.527071
182.292107
217.541206
241.920000
252.200457
249.659881
236.701910
215.730181
189.148332
159.360000
128.569298
98.182234
69.405290
43.444948
21.507690
4.800000
0.000000
0.000000
0.000000
2.490028
18.680907
41.760000
71.379078
105.435255
141.386984
176.692717
208.810905
235.200000
253.719116
263.830018
265.395131
258.276882
242.337696
217.440000
184.060012
145.129117
104.192492
64.795312
30.482756
4.800000
0.000000
0.000000
0.000000
1.226313
16.546835
34.560000
53.536647
72.416827
90.307897
106.317212
119.552127
129.120000
134.325911
135.265844
132.233510
125.522618
115.426878
102.240000
86.381932
68.777574
50.478063
32.534539
15.998138
1.920000
0.000000
0.000000
0.000000
0.000000
0.000000
14.880000
39.159288
68.140315
98.884989
128.455221
153.912922
172.320000
181.463152
182.028213
175.425807
163.066555
146.361078
126.720000
105.448105
83.426832
61.431783
40.238560
20.622765
3.360000
0.000000
0.000000
0.000000
0.000000
0.000000
10.080000
40.343069
77.026442
115.859969
152.573504
182.896897
202.560000
208.478850
202.314218
186.913061
165.122335
139.788996
113.760000
89.417087
67.281130
47.407786
29.852712
14.671564
1.920000
0.000000
0.000000
0.000000
0.000000
4.778080
28.320000
61.825037
101.780491
143.689038
183.053355
215.376116
236.160000
242.160382
235.143440
218.128053
194.133098
166.177454
137.280000
109.951213
84.667971
61.398751
40.112031
20.776288
3.360000
0.000000
0.000000
0.000000
0.000000
0.000000
22.080000
65.594165
118.788874
175.533471
229.697296
275.149692
305.760000
317.017464
310.890937
290.969172
260.840925
224.094949
184.320000
144.740424
107.122935
72.869841
43.383449
20.066067
4.320000
0.000000
0.000000
2.491463
11.811944
23.234118
35.040000
45.800654
55.243326
63.384306
70.239884
75.826352
80.160000
83.216541
84.809372
84.711315
82.695187
78.533809
72.000000
63.010960
52.061406
39.790436
26.837147
13.840636
1.440000
0.000000
0.000000
0.000000
0.000000
5.570315
35.520000
79.170563
131.838585
187.441802
239.897951
283.124772
311.040000
319.222572
309.896214
286.945853
254.256413
215.712821
175.200000
136.108038
99.847669
67.334786
39.485284
17.215057
1.440000
0.000000
0.000000
0.000000
0.000000
5.429174
13.920000
22.135308
29.975447
37.585201
45.109354
52.692692
60.480000
68.437936
75.820657
81.704193
85.164576
85.277834
81.120000
72.179614
59.595258
44.918026
29.699010
15.489304
3.840000
0.000000
0.000000
0.000000
2.581606
16.242728
36.480000
63.285951
94.651499
128.067161
161.023455
191.010895
215.520000
232.465922
241.462360
242.547651
235.760131
221.138135
198.720000
169.008140
134.361282
97.602233
61.553799
29.038786
2.880000
0.000000
0.000000
0.000000
0.000000
0.000000
19.680000
47.423561
79.010896
111.804105
143.165291
170.456555
191.040000
202.866457
206.241683
202.060164
191.216386
174.604836
153.120000
127.792831
100.200149
72.055240
45.071388
20.961879
1.440000
0.000000
0.000000
0.000000
0.000000
0.000000
13.920000
37.220524
64.146752
92.189248
118.838579
141.585308
157.920000
165.960133
166.330830
160.284129
149.072066
133.946677
116.160000
96.870057
76.858817
56.814235
37.424268
19.376871
3.360000
0.000000
0.000000
0.000000
0.000000
0.000000
16.320000
49.109159
88.427793
129.310047
166.790069
195.902004
211.680000
210.699279
195.699371
170.960882
140.764420
109.390590
81.120000
59.242615
43.085836
30.986424
21.281141
12.306746
2.400000
0.000000
0.000000
0.000000
0.000000
0.000000
14.400000
57.876334
112.125020
169.799892
223.554788
266.043546
289.920000
290.042177
270.084858
235.927011
193.447606
148.525613
107.040000
73.679401
48.371105
29.852064
16.859231
8.129559
2.400000
0.000000
0.000000
0.000000
0.964360
7.247264
16.800000
29.684168
44.981556
61.528999
78.163330
93.721386
107.040000
117.123109
123.643052
126.439271
125.351208
120.218304
110.880000
97.385620
80.624015
61.693917
41.694060
21.723177
2.880000
0.000000
0.000000
0.000000
0.000000
0.000000
12.000000
52.207846
101.461319
153.825844
203.366849
244.149759
270.240000
277.354205
267.813837
245.591563
214.660053
178.991976
142.560000
108.742000
78.536668
52.347904
30.579605
13.635671
1.920000
0.000000
0.000000
0.000000
5.972637
17.454228
32.160000
49.517925
68.594254
88.364807
107.805402
125.891860
141.600000
153.977169
162.356824
166.143950
164.743531
157.560553
144.000000
123.955622
99.276228
72.299394
45.362695
20.803705
0.960000
0.000000
0.000000
0.000000
0.000000
0.000000
5.760000
21.965224
40.668497
60.966715
81.956774
102.735570
122.400000
140.000982
154.405528
164.434669
168.909439
166.650872
156.480000
137.857513
112.802726
83.974610
54.032136
25.634276
1.440000
0.000000
0.000000
0.000000
0.000000
0.000000
18.720000
53.642181
94.587444
137.217823
177.195352
210.182067
231.840000
239.020089
233.328879
217.561818
194.514352
166.981931
137.760000
109.266352
82.408151
57.714907
35.716127
16.941322
1.920000
0.000000
0.000000
0.000000
0.000000
1.030558
19.200000
44.044521
73.028892
103.010870
130.848210
153.398668
167.520000
170.962968
165.050358
151.997964
134.021578
113.336992
92.160000
72.348052
54.325230
38.157274
23.909924
11.648919
1.440000
0.000000
0.000000
0.000000
0.000000
0.000000
14.400000
35.965987
62.066555
90.150972
117.668507
142.068427
160.800000
171.873452
175.542839
172.623173
163.929469
150.276741
132.480000
111.433539
88.348758
64.516335
41.226949
19.771278
1.440000
0.000000
0.000000
0.000000
0.000000
0.000000
22.080000
56.625778
98.033829
142.217715
185.090998
222.567239
250.560000
265.915606
269.211441
261.957651
245.664383
221.841784
192.000000
157.789574
121.422628
85.251680
51.629247
22.907848
1.440000
0.000000
0.000000
0.000000
0.000000
5.671268
19.200000
33.612701
47.838518
60.885804
71.762911
79.478192
83.040000
81.809763
76.561213
68.421155
58.516396
47.973742
37.920000
29.248245
21.916631
15.649577
10.171507
5.206840
0.480000
0.000000
0.000000
0.000000
0.000000
0.000000
8.640000
24.922736
45.074312
66.828278
87.918182
106.077573
119.040000
125.105136
124.837155
119.366353
109.823028
97.337478
83.040000
67.961164
52.732625
37.886311
23.954151
11.468071
0.960000
0.000000
0.000000
0.000000
0.000000
2.750238
19.680000
43.369110
71.226878
99.980077
126.355482
147.079865
158.880000
159.464462
150.469031
134.511289
114.208815
92.179192
71.040000
52.904152
37.865886
25.514768
15.440370
7.232257
0.480000
0.000000
0.000000
0.000000
0.000000
8.245113
26.400000
52.220132
83.304408
116.526682
148.760804
176.880626
197.760000
208.993877
211.061607
205.163636
192.500412
174.272384
151.680000
125.966581
98.546943
70.878776
44.419770
20.627615
0.960000
0.000000
0.000000
0.000000
0.000000
0.000000
16.800000
45.940888
80.263902
116.356181
150.804864
180.197091
201.120000
211.014427
210.735993
201.994016
186.497813
165.956702
142.080000
116.468071
90.285459
64.587755
40.430551
18.869435
0.960000
0.000000
0.000000
0.000000
0.000000
0.000000
22.560000
54.996546
93.368078
133.692394
171.987288
204.270558
226.560000
235.907193
233.498849
221.555463
202.297529
177.945543
150.720000
122.608015
94.663192
67.705755
42.555928
20.033935
0.960000
0.000000
0.000000
0.000000
0.000000
0.000000
20.640000
57.011226
100.841060
147.768178
193.431257
233.468972
263.520000
280.214352
284.147380
276.905771
260.076213
235.245394
204.000000
168.066923
129.733867
91.428739
55.579446
24.613898
0.960000
0.000000
0.000000
0.000000
0.000000
1.379016
17.280000
35.587917
54.970850
74.074162
91.543215
106.023374
116.160000
120.941486
120.728334
116.224078
108.132249
97.156379
84.000000
69.377251
54.044701
38.769526
24.318900
11.459999
0.960000
0.000000
0.000000
0.000000
0.000000
5.012513
20.640000
41.942490
67.326080
94.779196
122.290270
147.847728
169.440000
185.349419
195.033932
198.245395
194.735658
184.256576
166.560000
141.886502
112.431524
80.879225
49.913765
22.219303
0.480000
0.000000
0.000000
0.000000
0.000000
0.000000
11.040000
27.095207
44.208590
61.089954
76.449106
88.995852
97.440000
100.847932
99.712336
94.882480
87.207628
77.537046
66.720000
55.488622
44.106509
32.720126
21.475938
10.520408
0.000000
0.000000
0.000000
0.000000
0.000000
0.000000
12.960000
43.176608
80.731427
121.711816
162.205135
198.298743
226.080000
242.493763
247.914886
243.575720
230.708616
210.545925
184.320000
153.410561
119.786806
85.565304
52.862624
23.795333
0.480000
0.000000
0.000000
0.000000
0.000000
0.000000
14.880000
40.657906
69.937187
99.822440
127.418262
149.829250
164.160000
168.335493
163.562250
151.867175
135.277172
115.819145
95.520000
76.086787
57.947146
41.208861
25.979718
12.367502
0.480000
0.000000
0.000000
0.000000
0.000000
0.000000
8.160000
32.337116
62.442852
95.801609
129.737786
161.575783
188.640000
208.680845
221.152757
225.936182
222.911566
211.959357
192.960000
166.243948
133.941675
98.633663
62.900393
29.322345
0.480000
0.000000
0.000000
0.000000
0.000000
0.000000
13.440000
54.915929
104.402822
156.769676
206.885492
249.619267
279.840000
293.715142
292.605949
279.172129
256.073393
225.969447
191.520000
155.190171
118.666717
83.441806
51.007604
22.856280
0.480000
0.000000
0.000000
0.000000
0.000000
0.000000
14.400000
40.486466
70.691220
102.355607
132.820970
159.428654
179.520000
191.043297
194.374604
190.496924
180.393262
165.046619
145.440000
122.587014
97.623698
71.716695
46.032649
21.738203
0.000000
0.000000
0.000000
0.000000
0.000000
0.000000
13.440000
55.531729
106.280548
159.478120
208.916110
248.386182
271.680000
274.422214
259.569426
231.911223
196.237192
157.336922
120.000000
88.103858
61.877303
40.636988
23.699565
10.381685
0.000000
0.000000
0.000000
0.000000
0.000000
1.560783
18.720000
42.955614
71.788365
102.059718
130.611133
154.284073
169.920000
175.215191
171.285178
160.100306
143.630922
123.847371
102.720000
81.952511
62.182035
43.779058
27.114069
12.557553
0.480000
0.000000
0.000000
0.000000
0.000000
0.000000
5.760000
23.921762
46.137896
70.567094
95.368049
118.699454
138.720000
153.855964
163.603954
167.728161
165.992777
158.161993
144.000000
123.676604
98.984067
72.120262
45.283066
20.670354
0.480000
0.000000
0.000000
0.000000
0.000000
0.000000
7.680000
28.219588
52.190150
77.816580
103.323769
126.936612
146.880000
161.644031
170.779621
174.102892
171.429965
162.576961
147.360000
126.002066
100.353586
72.671851
45.214148
20.237768
0.000000
0.000000
0.000000
0.000000
0.000000
0.000000
15.360000
38.753780
65.595616
93.649330
120.678750
144.447698
162.720000
173.739395
177.669282
175.152974
166.833782
153.355020
135.360000
113.637527
89.558366
64.638775
40.395013
18.343335
0.000000
0.000000
0.000000
0.000000
0.000000
0.000000
7.200000
30.020480
56.932618
85.293526
112.460317
135.790104
152.640000
161.018692
161.541163
155.473972
144.083676
128.636833
110.400000
90.578085
70.129395
49.950586
30.938312
13.989232
0.000000
0.000000
0.000000
0.000000
0.000000
0.000000
9.120000
29.172715
53.038915
78.514672
103.396057
125.479142
142.560000
152.906839
156.676416
154.497627
146.999364
134.810524
118.560000
99.011040
77.464309
55.354822
34.117596
15.187650
0.000000
0.000000
0.000000
0.000000
0.000000
0.000000
7.680000
23.366295
41.736960
61.712830
82.214738
102.163516
120.480000
136.119154
148.172476
155.765592
158.024133
154.073726
143.040000
124.608199
100.702026
73.804801
46.399842
20.970469
0.000000
0.000000
0.000000
0.000000
0.000000
0.000000
8.160000
29.581822
54.278072
80.134384
105.036388
126.869716
143.520000
153.337996
156.534958
153.787262
145.771285
133.163406
116.640000
97.001748
75.546541
53.696570
32.874027
14.501107
0.000000
0.000000
0.000000
0.000000
0.000000
0.000000
11.040000
26.387101
44.209055
63.637591
83.804441
103.841334
122.880000
139.998808
154.062680
163.883175
168.271853
166.040275
156.000000
137.586556
112.731338
83.989710
53.917035
25.068678
0.000000
0.000000
0.000000
0.000000
0.000000
0.000000
12.480000
49.464676
93.549673
140.098346
184.474054
222.040153
248.160000
259.397436
257.118228
243.888630
222.274891
194.843264
164.160000
132.534470
101.248525
71.327135
43.795271
19.677902
0.000000
0.000000
0.000000
0.000000
0.000000
0.000000
10.560000
37.129018
68.498569
101.521549
133.050851
159.939370
179.040000
187.997024
187.620275
179.510976
165.270350
146.499617
124.800000
101.667332
78.175886
55.294546
33.992195
15.237719
0.000000
0.000000
0.000000
0.000000
0.000000
0.000000
3.360000
20.035850
40.061609
62.042090
84.582107
106.286473
125.760000
141.727395
153.392937
160.080797
161.115147
155.820157
143.520000
124.072346
99.468864
72.234721
44.895084
19.975121
0.000000
0.000000
0.000000
0.000000
0.000000
0.000000
9.120000
25.930330
44.289151
62.503997
78.882399
91.731889
99.360000
100.584350
96.262899
87.763692
76.454776
63.704197
50.880000
39.123382
28.668143
19.521234
11.689607
5.180212
0.000000
0.000000
0.000000
0.000000
0.000000
0.000000
3.840000
11.994795
22.487073
35.173284
49.909876
66.553298
84.960000
104.645364
123.760510
140.115493
151.520366
155.785184
150.720000
135.052638
111.181997
82.424745
52.097549
23.517078
0.000000
0.000000
0.000000
0.000000
0.000000
0.000000
11.040000
33.355472
58.807551
85.573141
111.829143
135.752462
155.520000
169.614029
177.738294
179.901909
176.113989
166.383648
150.720000
129.443969
104.123719
76.639223
48.870456
22.697390
0.000000
0.000000
0.000000
0.000000
0.000000
0.000000
11.040000
46.082316
87.742289
131.175983
171.539458
203.988776
223.680000
227.178419
216.686233
195.814870
168.175759
137.380326
107.040000
80.132897
57.103889
37.764536
21.926396
9.401031
0.000000
0.000000
0.000000
0.000000
0.000000
0.000000
9.600000
23.031581
39.018828
56.487517
74.363424
91.572327
107.040000
119.779241
129.150924
134.602946
135.583203
131.539589
121.920000
106.560345
86.848586
64.560697
41.472654
19.360430
0.000000
0.000000
0.000000
0.000000
0.000000
0.000000
6.240000
34.657698
68.896935
105.402247
140.618171
170.989244
192.960000
203.854274
204.513084
196.656746
182.005576
162.279889
139.200000
114.362984
88.872951
63.710767
39.857303
18.293424
0.000000
0.000000
0.000000
0.000000
0.000000
0.000000
6.240000
33.144081
65.564375
100.148497
133.544064
162.398693
183.360000
193.903219
194.814054
187.705827
174.191862
155.885478
134.400000
111.214155
87.268299
63.368193
40.319600
18.928282
0.000000
0.000000
0.000000
0.000000
0.000000
0.000000
9.600000
44.874088
87.711806
133.186205
176.370336
212.337251
236.160000
244.252376
238.391136
221.693779
197.277805
168.260712
137.760000
108.438632
81.141429
56.258678
34.180665
15.297677
0.000000
0.000000
0.000000
0.000000
0.000000
0.000000
9.120000
31.502309
57.992641
85.755285
111.954533
133.754674
148.320000
153.579888
150.524066
140.907350
126.484556
109.010501
90.240000
71.702585
54.026653
37.615315
22.871686
10.198877
0.000000
0.000000
0.000000
0.000000
0.000000
0.000000
3.360000
15.631659
30.042718
45.099130
59.306846
71.171819
79.200000
82.305815
81.037581
76.352091
69.206137
60.556509
51.360000
42.396194
33.735846
25.272505
16.899718
8.511034
0.000000
0.000000
0.000000
0.000000
0.000000
0.000000
4.320000
28.683947
59.290243
92.595943
125.058100
153.133768
173.280000
182.841470
182.713326
174.678339
160.519276
142.018907
120.960000
98.936841
76.789784
55.170701
34.731462
16.123938
0.000000
0.000000
0.000000
0.000000
0.000000
0.000000
7.200000
34.896273
68.442293
104.093868
138.106806
166.736914
186.240000
193.868186
190.858846
179.445668
161.862343
140.342557
117.120000
94.117651
72.015658
51.183458
31.990489
14.806190
0.000000
0.000000
0.000000
0.000000
0.000000
0.000000
6.720000
32.773067
64.274692
97.554537
128.942263
154.767530
171.360000
176.084301
170.444929
156.981349
138.233025
116.739420
95.040000
75.198620
57.376703
41.260067
26.534527
12.885899
0.000000
0.000000
0.000000
0.000000
0.000000
0.000000
6.240000
38.785386
79.141377
122.366403
163.518895
197.657284
219.840000
226.497236
219.546236
202.276006
177.975553
149.933882
121.440000
95.203447
71.615901
50.489572
31.636671
14.869410
0.000000
0.000000
0.000000
0.000000
0.000000
0.000000
5.760000
36.498433
74.325682
114.807606
153.510061
185.998907
207.840000
215.786182
211.338221
197.183871
176.010883
150.507008
123.360000
96.903507
72.054765
49.376910
29.433074
12.786393
0.000000
0.000000
0.000000
0.000000
0.000000
0.000000
6.240000
18.726214
33.285473
49.129129
65.468534
81.515040
96.480000
109.564242
119.926502
126.714994
129.077932
126.163530
117.120000
101.621264
81.444075
58.890894
36.264181
15.866396
0.000000
0.000000
0.000000
0.000000
0.000000
0.000000
5.280000
13.131487
21.171584
29.543388
38.389995
47.854500
58.080000
68.976686
79.523134
88.465018
94.548008
96.517778
93.120000
83.610659
69.286990
51.956541
33.426861
15.505498
0.000000
0.000000
0.000000
0.000000
0.000000
0.000000
1.440000
19.257734
40.366270
62.568186
83.666060
101.462472
113.760000
118.946162
117.748236
111.478439
101.448989
88.972104
75.360000
61.724285
48.374120
35.418058
22.964649
11.122446
0.000000
0.000000
0.000000
0.000000
0.000000
0.000000
3.840000
28.913361
59.680298
92.124621
122.230140
145.980663
159.360000
159.569857
148.683523
129.992184
106.787027
82.359237
60.000000
42.289434
28.963388
19.046641
11.563974
5.540167
0.000000
0.000000
0.000000
0.000000
0.000000
0.000000
1.440000
17.845388
38.340469
60.168357
80.572166
96.795009
106.080000
106.499376
99.441865
87.125320
71.767593
55.586535
40.800000
29.137109
20.372071
13.790363
8.677463
4.318849
0.000000
0.000000
0.000000
0.000000
0.000000
0.000000
1.920000
16.714145
35.508525
56.096721
76.272312
93.828879
106.560000
112.806789
113.100492
108.519886
100.143750
89.050862
76.320000
62.909808
49.298395
35.843734
22.903798
10.836562
0.000000
0.000000
0.000000
0.000000
0.000000
0.000000
4.320000
25.247617
50.864560
78.215549
104.345306
126.298549
141.120000
146.648890
143.902501
134.692624
120.831053
104.129581
86.400000
69.176823
52.885438
37.673955
23.690482
11.083127
0.000000
0.000000
0.000000
0.000000
0.000000
0.000000
3.360000
23.807901
48.731575
75.119822
99.961442
120.245234
132.960000
135.960132
130.562397
118.949156
103.302770
85.805597
68.640000
53.549349
40.521058
29.103553
18.845258
9.294599
0.000000
0.000000
0.000000
0.000000
0.000000
0.000000
2.880000
27.960760
59.185459
92.509915
123.889946
149.281368
164.640000
167.105599
158.553682
142.043706
120.635129
97.387408
75.360000
56.963512
42.013148
29.675261
19.116206
9.502334
0.000000
0.000000
0.000000
0.000000
0.000000
0.000000
2.880000
30.995076
66.171947
103.823745
139.363599
168.204641
185.760000
188.774899
179.322929
160.809771
136.641109
110.222625
84.960000
63.571994
46.029671
31.617170
19.618631
9.318194
0.000000
0.000000
0.000000
0.000000
0.000000
0.000000
3.360000
26.310620
54.705665
84.896630
113.235011
136.072302
149.760000
151.718172
143.641173
128.291929
108.433368
86.828416
66.240000
48.881137
34.765200
23.355654
14.115963
6.509590
0.000000
0.000000
0.000000
0.000000
0.000000
0.000000
2.880000
17.318625
35.153802
54.282528
72.601804
88.008628
98.400000
102.239328
100.255654
93.744433
84.001115
72.321153
60.000000
48.124064
36.943581
26.499741
16.833737
7.986759
0.000000
0.000000
0.000000
0.000000
0.000000
0.000000
2.400000
18.649384
38.625217
59.913846
80.101620
96.774889
107.520000
110.600270
106.986889
98.328014
86.271802
72.466412
58.560000
45.898424
34.618339
24.554100
15.540060
7.410576
0.000000
0.000000
0.000000
0.000000
0.000000
0.000000
1.920000
18.181888
38.298200
59.803552
80.232559
97.119837
108.000000
111.095304
107.378556
98.510204
86.150696
71.960479
57.600000
44.448009
32.756465
22.495630
13.635767
6.147136
0.000000
0.000000
0.000000
0.000000
0.000000
0.000000
1.440000
10.532457
21.430085
32.835270
43.450394
51.977843
57.120000
57.961956
55.119629
49.591645
42.376629
34.473206
26.880000
20.393052
14.998063
10.478148
6.616422
3.196001
0.000000
0.000000
0.000000
0.000000
0.000000
0.000000
1.920000
10.668056
21.485024
32.978805
43.757295
52.428394
57.600000
58.295277
55.198452
49.409019
42.026471
34.150300
26.880000
21.048615
16.423389
12.505119
8.794600
4.792629
0.000000
0.000000
0.000000
0.000000
0.000000
0.000000
1.920000
21.043661
45.171312
71.052862
95.438221
115.077298
126.720000
128.075093
120.686761
107.058046
89.691987
71.091625
53.760000
39.660412
28.597198
19.834954
12.638276
6.271759
0.000000
0.000000
0.000000
0.000000
0.000000
0.000000
1.920000
21.246556
45.465020
71.396495
95.862082
115.682883
127.680000
129.603853
122.922141
110.031882
93.330093
75.213793
58.080000
43.815810
32.268639
22.775978
14.675323
7.304165
0.000000
0.000000
0.000000
0.000000
0.000000
0.000000
1.920000
23.572568
50.758143
80.007201
107.850214
130.817656
145.440000
149.221269
143.559678
130.826991
113.394973
93.635388
73.920000
56.206802
40.798701
27.584835
16.454338
7.296348
0.000000
0.000000
0.000000
0.000000
0.000000
0.000000
0.480000
9.564881
20.441452
31.920482
42.812738
51.928988
58.080000
60.404508
59.353118
55.704400
50.236927
43.729270
36.960000
30.548197
24.474965
18.561917
12.630665
6.502822
0.000000
0.000000
0.000000
0.000000
0.000000
0.000000
0.960000
20.105426
44.252498
70.386354
95.492131
116.554967
130.560000
135.313368
131.905207
122.246653
108.248843
91.822913
74.880000
59.009992
44.517786
31.387034
19.601385
9.144491
0.000000
0.000000
0.000000
0.000000
0.000000
0.000000
0.480000
16.398900
35.832062
56.312120
75.371707
90.543456
99.360000
100.099956
94.025879
83.146307
69.469777
55.004829
41.760000
31.279052
23.246643
16.882652
11.406961
6.039450
0.000000
0.000000
0.000000
0.000000
0.000000
0.000000
0.480000
22.541166
50.527604
80.745011
109.499082
133.095513
147.840000
151.091502
144.422034
130.456872
111.821294
91.140577
71.040000
53.637270
39.019817
26.767503
16.460188
7.677733
0.000000
0.000000
0.000000
0.000000
0.000000
0.000000
0.480000
15.782833
34.647611
54.660026
73.405768
88.470529
97.440000
98.613694
93.146412
82.906779
69.763416
55.584949
42.240000
31.206836
22.402295
15.352860
9.585011
4.625230
0.000000
0.000000
0.000000
0.000000
0.000000
0.000000
0.480000
12.550647
27.766744
44.300009
60.322162
74.004919
83.520000
87.520671
86.586395
81.778179
74.157035
64.783972
54.720000
44.844445
35.309900
26.087273
17.147475
8.461414
0.000000
0.000000
0.000000
0.000000
0.000000
0.000000
0.480000
20.353803
45.149627
71.741814
97.004710
117.812657
131.040000
134.445460
129.325263
117.860015
102.230319
84.616779
67.200000
51.748803
38.384876
26.818126
16.758460
7.915782
0.000000
0.000000
0.000000
0.000000
0.000000
0.000000
0.480000
16.660543
36.647525
57.891952
77.844835
93.957182
103.680000
105.216274
99.776891
89.324710
75.822594
61.233403
47.520000
36.212137
27.107135
19.569208
12.962568
6.651427
0.000000
0.000000
0.000000
0.000000
0.000000
0.000000
0.480000
21.658265
48.363483
77.056961
104.200002
126.253914
139.680000
141.969542
134.733722
120.613700
102.250633
82.285680
63.360000
47.561346
34.763851
24.288241
15.455244
7.585588
0.000000
0.000000
0.000000
0.000000
0.000000
0.000000
0.480000
20.956135
46.614869
74.098412
100.048975
121.108767
133.920000
136.103719
129.196316
115.713015
98.169045
79.079631
60.960000
45.800099
33.488758
23.389527
14.865956
7.281597
0.000000
0.000000
0.000000
0.000000
0.000000
0.000000
0.480000
19.923027
44.289959
70.414959
95.132191
115.275816
127.680000
130.092006
123.911509
111.451284
95.024108
76.942754
59.520000
44.613392
32.259559
22.039903
13.535824
6.328723
0.000000
0.000000
0.000000
0.000000
0.000000
0.000000
0.000000
12.902234
28.926089
46.083680
62.387119
75.848521
84.480000
86.852193
83.769833
76.596177
66.694482
55.428004
44.160000
34.008994
25.114579
17.371612
10.674954
4.919464
0.000000
0.000000
0.000000
0.000000
0.000000
0.000000
0.000000
8.223687
18.358014
29.238895
39.702244
48.583974
54.720000
57.255645
56.573870
53.367047
48.327547
42.147741
35.520000
29.020401
22.759839
16.732917
10.934235
5.358396
0.000000
0.000000
0.000000
0.000000
0.000000
0.000000
0.000000
11.961920
26.839730
42.721937
57.697046
69.853565
77.280000
78.622899
74.760971
67.130967
57.169637
46.313731
36.000000
27.359818
20.303053
14.434196
9.357741
4.678178
0.000000
0.000000
0.000000
0.000000
0.000000
0.000000
0.000000
13.231085
29.847451
47.636813
64.386883
77.885374
85.920000
86.926721
81.934488
72.620500
60.661957
47.736057
35.520000
25.362033
17.294598
11.021187
6.245289
2.670397
0.000000
0.000000
0.000000
0.000000
0.000000
0.000000
0.480000
4.041821
8.312480
12.819802
17.091612
20.655736
23.040000
23.905346
23.445183
21.986040
19.854444
17.376921
14.880000
12.607908
10.475676
8.316037
5.961723
3.245467
0.000000
0.000000
0.000000
0.000000
0.000000
0.000000
0.000000
11.375553
25.760317
41.204717
55.759181
67.474133
74.400000
75.165874
70.715508
62.571319
52.255726
41.291147
31.200000
23.160950
16.977652
12.110007
8.017916
4.161280
0.000000
0.000000
0.000000
0.000000
0.000000
0.000000
0.000000
14.217753
32.246817
51.715382
70.251640
85.483782
95.040000
97.225329
93.052183
84.209819
72.387496
59.274470
46.560000
35.594263
26.371118
18.545341
11.771711
5.705004
0.000000
0.000000
0.000000
0.000000
0.000000
0.000000
0.000000
13.653045
30.637722
48.679393
65.503421
78.835169
86.400000
86.612424
80.643545
70.353612
57.602876
44.251589
32.160000
22.770591
15.854766
10.766160
6.858407
3.485142
0.000000
0.000000
0.000000
0.000000
0.000000
0.000000
0.000000
12.079675
27.364560
43.786846
59.278722
71.772376
79.200000
80.104978
75.475479
66.910867
56.010507
44.373763
33.600000
24.933747
18.200191
12.869686
8.412584
4.299238
0.000000
0.000000
0.000000
0.000000
0.000000
0.000000
0.000000
13.886112
31.384781
50.108757
67.670787
81.683619
89.760000
90.226629
84.266006
73.774582
60.648806
46.785128
34.080000
24.020705
16.457860
10.832916
6.587324
3.162535
0.000000
0.000000
0.000000
0.000000
0.000000
0.000000
0.000000
8.985977
20.323033
32.552066
44.213973
53.849652
60.000000
61.618875
59.311981
54.097982
46.995543
39.023327
31.200000
24.338522
18.429042
13.256004
8.603855
4.257038
0.000000
0.000000
0.000000
0.000000
0.000000
0.000000
0.000000
10.908887
24.527996
39.031994
52.595549
63.393329
69.600000
69.939637
65.333942
57.254023
47.170987
36.555944
26.880000
19.285896
13.602901
9.331914
5.973834
3.029563
0.000000
0.000000
0.000000
0.000000
0.000000
0.000000
0.000000
10.144774
22.961507
36.714797
49.669244
60.089445
66.240000
66.901904
62.921740
55.662488
46.487128
36.758638
27.840000
20.780943
15.378199
11.115250
7.475579
3.942669
0.000000
0.000000
0.000000
0.000000
0.000000
0.000000
0.000000
14.097316
31.924389
51.038708
68.997758
83.359026
91.680000
92.247523
86.265867
75.668659
62.389526
48.362097
35.520000
25.372591
17.732143
11.986658
7.524137
3.732584
0.000000
0.000000
0.000000
0.000000
0.000000
0.000000
0.000000
11.656733
26.387830
42.254498
57.317944
69.639376
77.280000
78.859845
75.234231
67.817297
58.023187
47.266041
36.960000
28.223887
20.995248
14.916312
9.629307
4.776460
0.000000
0.000000
0.000000
0.000000
0.000000
0.000000
0.000000
12.904350
29.038981
46.213877
62.239022
74.924401
82.080000
82.180213
76.357077
66.407040
54.126550
41.312054
29.760000
20.861465
14.386043
9.697961
6.161443
3.140715
0.000000
0.000000
0.000000
0.000000
0.000000
0.000000
0.000000
11.238375
25.503403
40.897582
55.523409
67.483382
74.880000
76.359236
72.740970
65.388558
55.665355
44.934717
34.560000
25.644680
18.252716
12.188186
7.255171
3.257749
0.000000
0.000000
0.000000
0.000000
0.000000
0.000000
0.000000
5.089367
11.332394
18.017027
24.431209
29.862886
33.600000
35.122711
34.680033
32.713195
29.663425
25.971950
22.080000
18.339788
14.747472
11.210193
7.635093
3.929314
0.000000
0.000000
0.000000
0.000000
0.000000
0.000000
0.000000
11.129893
25.069989
39.925668
53.802310
64.805294
71.040000
71.186736
66.225519
57.711292
47.199001
36.243588
26.400000
18.863163
13.387936
9.369164
6.201688
3.280353
0.000000
0.000000
0.000000
0.000000
0.000000
0.000000
0.000000
12.618828
28.476672
45.222623
60.505768
71.975198
77.280000
74.830743
66.083908
53.257456
38.569347
24.237541
12.480000
4.958201
1.107696
0.000000
0.000000
0.374637
0.000000
0.000000
0.000000
0.000000
0.000000
0.000000
0.000000
10.291546
23.635521
38.063140
51.605616
62.294165
68.160000
67.832919
62.337053
53.295114
42.329817
31.063874
21.120000
13.750110
8.722934
5.436403
3.288449
1.677004
0.000000
0.000000
0.000000
0.000000
0.000000
0.000000
0.000000
7.234443
16.441112
26.346505
35.677119
43.159451
47.520000
47.866699
44.833229
39.434706
32.686249
25.602975
19.200000
14.252095
10.572640
7.734669
5.311216
2.875316
0.000000
0.000000
0.000000
0.000000
0.000000
0.000000
0.000000
11.230437
25.460288
40.718863
55.035467
66.439410
72.960000
73.215552
68.180412
59.417933
48.491469
36.964373
26.400000
18.034023
11.791399
7.269407
4.065324
1.776429
0.000000
0.000000
0.000000
0.000000
0.000000
0.000000
0.000000
3.605880
8.099295
12.932829
17.559067
21.430596
24.000000
24.872566
24.264384
22.544245
20.080940
17.243262
14.400000
11.837190
9.509837
7.290193
5.050505
2.663024
0.000000
0.000000
0.000000
0.000000
0.000000
0.000000
0.000000
8.472553
19.100651
30.389867
40.845780
48.973966
53.280000
52.735555
48.176687
40.905546
32.224283
23.435051
15.840000
10.425226
6.912603
4.707950
3.217086
1.845830
0.000000
0.000000
0.000000
0.000000
0.000000
0.000000
0.000000
9.687276
22.049125
35.341435
47.820093
57.740986
63.360000
63.458466
58.919486
51.151605
41.563367
31.563317
22.560000
15.645526
10.646263
7.072145
4.433107
2.239080
0.000000
0.000000
0.000000
0.000000
0.000000
0.000000
0.000000
7.967862
18.020778
28.748599
38.741176
46.588359
50.880000
50.640231
46.630314
40.045790
32.082201
23.935090
16.800000
11.584545
8.044633
5.648243
3.863354
2.157947
0.000000
0.000000
0.000000
0.000000
0.000000
0.000000
0.000000
10.033551
22.746307
36.286800
48.803560
58.445116
63.360000
62.275321
56.232505
46.851560
35.752490
24.555301
14.880000
7.978499
3.630337
1.246961
0.239815
0.020346
0.000000
0.000000
0.000000
0.000000
0.000000
0.000000
0.000000
1.800991
4.202860
6.910650
9.629407
12.064176
13.920000
14.972019
15.275749
14.956802
14.140787
12.953316
11.520000
9.944266
8.240809
6.402142
4.420777
2.289226
0.000000
0.000000
0.000000
0.000000
0.000000
0.000000
0.000000
6.396510
14.350695
22.719345
30.359251
36.127206
38.880000
37.843042
33.716208
27.567993
20.466891
13.481395
7.680000
3.864656
1.771139
0.868683
0.626519
0.513880
0.000000
0.000000
0.000000
0.000000
0.000000
0.000000
0.000000
5.775341
13.218591
21.242216
28.758682
34.680454
37.920000
37.722523
34.664179
29.653861
23.600463
17.412878
12.000000
8.054567
5.404693
3.662340
2.439467
1.348033
0.000000
0.000000
0.000000
0.000000
0.000000
0.000000
0.000000
6.397479
14.518225
23.190545
31.242743
37.503126
40.800000
40.326428
36.734494
31.041043
24.262915
17.416954
11.520000
7.343477
4.677130
3.065283
2.052263
1.182393
0.000000
0.000000
0.000000
0.000000
0.000000
0.000000
0.000000
6.595646
14.997149
23.983422
32.333379
38.825934
42.240000
41.733309
37.978864
32.028489
24.934005
17.747234
11.520000
7.057786
4.180728
2.462623
1.477268
0.798462
0.000000
0.000000
0.000000
0.000000
0.000000
0.000000
0.000000
4.548917
10.377489
16.673300
22.623933
27.416972
30.240000
30.519895
28.640708
25.225781
20.898458
16.282083
12.000000
8.544835
5.886347
3.863577
2.315569
1.081362
0.000000
0.000000
0.000000
0.000000
0.000000
0.000000
0.000000
2.607660
5.862476
9.336783
12.602916
15.233210
16.800000
17.004149
16.060633
14.312957
12.104623
9.779136
7.680000
6.062410
4.828323
3.791390
2.765258
1.563579
0.000000
0.000000
0.000000
0.000000
0.000000
0.000000
0.000000
6.510517
14.729600
23.462670
31.515146
37.692449
40.800000
40.020607
36.046635
29.947835
22.793961
15.654765
9.600000
5.440388
2.950528
1.645990
1.042343
0.655157
0.000000
0.000000
0.000000
0.000000
0.000000
0.000000
0.000000
5.219354
11.893346
19.021190
25.602104
30.635302
33.120000
32.373629
28.986474
23.867034
17.923809
12.065297
7.200000
4.006130
2.240760
1.430675
1.102662
0.783509
0.000000
0.000000
0.000000
0.000000
0.000000
0.000000
0.000000
6.482022
14.801732
23.748257
32.110725
38.678264
42.240000
41.956729
38.475919
32.816705
25.998223
19.039610
12.960000
8.537729
5.587926
3.684923
2.403047
1.316630
0.000000
0.000000
0.000000
0.000000
0.000000
0.000000
0.000000
6.361734
14.433681
23.040661
31.007494
37.159000
40.320000
39.682928
35.910677
30.033752
23.082660
16.087907
10.080000
5.846553
3.203612
1.724332
0.981867
0.549372
0.000000
0.000000
0.000000
0.000000
0.000000
0.000000
0.000000
3.923341
8.923558
14.239992
19.111983
22.778872
24.480000
23.702444
20.924228
16.871115
12.268864
7.843239
4.320000
2.226884
1.299529
1.075550
1.092559
0.888171
0.000000
0.000000
0.000000
0.000000
0.000000
0.000000
0.000000
7.799701
17.803185
28.537705
38.530512
46.308860
50.400000
49.786732
45.274050
38.122495
29.592607
20.944929
13.440000
8.046703
4.567281
2.512316
1.392392
0.718092
0.000000
0.000000
0.000000
0.000000
0.000000
0.000000
0.000000
4.260808
9.712076
15.574716
21.069641
25.417765
27.840000
27.792534
25.672647
22.112895
17.745833
13.204016
9.120000
5.989058
3.757337
2.233704
1.227027
0.546170
0.000000
0.000000
0.000000
0.000000
0.000000
0.000000
0.000000
1.543775
3.512863
5.677147
7.806509
9.670832
11.040000
11.742552
11.841653
11.459126
10.716793
9.736477
8.640000
7.519351
6.347192
5.066349
3.619651
1.949925
0.000000
0.000000
0.000000
0.000000
0.000000
0.000000
0.000000
6.431590
14.503380
23.071742
30.993051
37.123679
40.320000
39.795820
36.194680
30.517554
23.765416
16.939240
11.040000
6.831797
4.131234
2.518042
1.571952
0.872695
0.000000
0.000000
0.000000
0.000000
0.000000
0.000000
0.000000
4.969117
11.298337
18.060849
24.329839
29.178493
31.680000
31.197650
28.255154
23.666326
18.244982
12.804935
8.160000
4.926949
2.934379
1.813845
1.196901
0.715101
0.000000
0.000000
0.000000
0.000000
0.000000
0.000000
0.000000
4.648168
10.582971
16.932983
22.826776
27.392924
29.760000
29.328328
26.585230
22.289776
17.201039
12.078090
7.680000
4.585186
2.649444
1.547913
0.955736
0.548051
0.000000
0.000000
0.000000
0.000000
0.000000
0.000000
0.000000
3.564437
8.109240
12.957804
17.433522
20.859789
22.560000
22.071325
19.786044
16.310215
12.249893
8.211136
4.800000
2.476929
1.119916
0.461337
0.233573
0.169001
0.000000
0.000000
0.000000
0.000000
0.000000
0.000000
0.000000
2.201465
5.080692
8.260921
11.365389
14.017336
15.840000
16.557627
16.298493
15.291881
13.767073
11.953351
10.080000
8.328026
6.685334
5.091556
3.486320
1.809258
0.000000
0.000000
0.000000
0.000000
0.000000
0.000000
0.000000
5.353117
12.051763
19.160857
25.745316
30.870058
33.600000
33.290596
30.459444
25.914675
20.464423
14.916820
10.080000
6.571165
4.243795
2.760443
1.783659
0.975995
0.000000
0.000000
0.000000
0.000000
0.000000
0.000000
0.000000
4.803187
10.881371
17.325347
23.225913
27.673865
29.760000
28.869173
25.562475
20.695059
15.122073
9.698670
5.280000
2.500122
1.108728
0.634418
0.605793
0.551454
0.000000
0.000000
0.000000
0.000000
0.000000
0.000000
0.000000
6.074074
13.885261
22.276506
30.090749
36.170933
39.360000
38.857810
35.291896
29.646707
22.906695
16.056309
10.080000
5.741353
2.920489
1.276665
0.469138
0.157164
0.000000
0.000000
0.000000
0.000000
0.000000
0.000000
0.000000
1.195974
2.770471
4.536807
6.308297
7.898257
9.120000
9.830437
10.060856
9.886139
9.381169
8.620828
7.680000
6.622278
5.466106
4.218637
2.887027
1.478430
0.000000
0.000000
0.000000
0.000000
0.000000
0.000000
0.000000
3.915921
8.795008
13.964110
18.750077
22.479757
24.480000
24.286976
22.274135
19.024246
15.120081
11.144409
7.680000
5.169508
3.495120
2.398906
1.622934
0.909276
0.000000
0.000000
0.000000
0.000000
0.000000
0.000000
0.000000
4.412751
10.021120
16.020567
21.606555
25.974545
28.320000
28.087337
25.716803
21.897600
17.318930
12.669996
8.640000
5.751233
3.858335
2.649034
1.811059
1.032138
0.000000
0.000000
0.000000
0.000000
0.000000
0.000000
0.000000
5.255618
11.924454
19.025908
25.579383
30.604280
33.120000
32.454241
29.167883
24.130103
18.210078
12.276985
7.200000
3.647420
1.484016
0.373681
0.000000
0.000000
0.000000
0.000000
0.000000
0.000000
0.000000
0.000000
0.000000
1.268256
2.931769
4.745619
6.464887
7.844654
8.640000
8.679784
8.087982
7.062349
5.800637
4.500603
3.360000
2.525940
1.942968
1.504986
1.105896
0.639600
0.000000
0.000000
0.000000
0.000000
0.000000
0.000000
0.000000
2.934910
6.669790
10.684190
14.457659
17.469746
19.200000
19.283907
17.980697
15.705535
12.873588
9.900021
7.200000
5.096129
3.540756
2.393670
1.514658
0.763505
0.000000
0.000000
0.000000
0.000000
0.000000
0.000000
0.000000
2.575334
5.816354
9.267195
12.471993
14.974883
16.320000
16.193752
14.851640
12.691436
10.110912
7.507843
5.280000
3.722990
2.723753
2.067062
1.537691
0.920412
0.000000
0.000000
0.000000
0.000000
0.000000
0.000000
0.000000
4.786526
10.876186
17.391672
23.455675
28.190887
30.720000
30.437385
27.824128
23.632996
18.616753
13.528166
9.120000
5.963934
3.907300
2.616345
1.757312
0.996449
0.000000
0.000000
0.000000
0.000000
0.000000
0.000000
0.000000
5.181884
11.772687
18.817154
25.360032
30.446065
33.120000
32.723363
29.784805
25.129758
19.583653
13.971923
9.120000
5.657998
3.434760
2.103815
1.318689
0.732908
0.000000
0.000000
0.000000
0.000000
0.000000
0.000000
0.000000
4.150083
9.433959
15.076260
20.301614
24.334651
26.400000
25.966134
23.476898
19.619979
15.083065
10.553843
6.720000
4.098713
2.525114
1.663823
1.179460
0.736645
0.000000
0.000000
0.000000
0.000000
0.000000
0.000000
0.000000
4.851904
11.037639
17.637260
23.730824
28.398385
30.720000
30.066706
26.973467
22.266231
16.770943
11.313551
6.720000
3.614606
1.815159
0.937816
0.598737
0.414078
0.000000
0.000000
0.000000
0.000000
0.000000
0.000000
0.000000
3.972581
9.094583
14.632165
19.851488
24.018713
26.400000
26.481472
24.629104
21.428835
17.466602
13.328345
9.600000
6.734865
4.655667
3.152495
2.015435
1.034574
0.000000
0.000000
0.000000
0.000000
0.000000
0.000000
0.000000
3.768855
8.511424
13.542765
18.177936
21.731995
23.520000
23.074398
20.797187
17.307755
13.225489
9.169775
5.760000
3.460220
2.113160
1.406214
1.026776
0.662240
0.000000
0.000000
0.000000
0.000000
0.000000
0.000000
0.000000
4.585333
10.441703
16.704233
22.508044
26.988259
29.280000
28.789502
26.007460
21.695681
16.615973
11.530143
7.200000
4.203324
2.381790
1.393043
0.894732
0.544502
0.000000
0.000000
0.000000
0.000000
0.000000
0.000000
0.000000
3.910098
8.894467
14.198374
19.067088
22.745874
24.480000
23.757965
21.041198
17.034357
12.442104
7.969098
4.320000
2.018041
0.860743
0.464196
0.444496
0.417733
0.000000
0.000000
0.000000
0.000000
0.000000
0.000000
0.000000
4.800257
10.978151
17.620376
23.813629
28.644605
31.200000
30.849101
28.091564
23.709638
18.485570
13.201608
8.640000
5.396672
3.322259
2.081072
1.337425
0.755631
0.000000
0.000000
0.000000
0.000000
0.000000
0.000000
0.000000
4.293150
9.773468
15.654634
21.150326
25.474222
27.840000
27.700968
25.468947
21.795389
17.331745
12.729465
8.640000
5.569646
3.444076
2.043809
1.149362
0.541253
0.000000
0.000000
0.000000
0.000000
0.000000
0.000000
0.000000
2.004117
4.541377
7.258689
9.802958
11.821093
12.960000
12.974196
12.048632
10.475870
8.548470
6.558993
4.800000
3.492433
2.570760
1.897830
1.336494
0.749601
0.000000
0.000000
0.000000
0.000000
0.000000
0.000000
0.000000
3.292164
7.467036
11.930936
16.090183
19.351098
21.120000
20.986381
19.272415
16.483448
13.124826
9.701895
6.720000
4.562312
3.123304
2.175271
1.490511
0.841322
0.000000
0.000000
0.000000
0.000000
0.000000
0.000000
0.000000
4.086873
9.272546
14.802857
19.923644
23.880746
25.920000
25.523692
23.119888
19.373104
14.947852
10.508646
6.720000
4.085027
2.461234
1.544728
1.031616
0.618005
0.000000
0.000000
0.000000
0.000000
0.000000
0.000000
0.000000
3.965724
9.042507
14.503338
19.621205
23.669097
25.920000
25.867571
23.888129
20.578664
16.536162
12.357611
8.640000
5.843994
3.884976
2.542007
1.594147
0.820458
0.000000
0.000000
0.000000
0.000000
0.000000
0.000000
0.000000
3.265751
7.391604
11.784757
15.852408
19.001756
20.640000
20.360544
18.501619
15.587664
12.143117
8.692417
5.760000
3.738741
2.495253
1.764586
1.281789
0.781910
0.000000
0.000000
0.000000
0.000000
0.000000
0.000000
0.000000
4.574398
10.404162
16.639447
22.430411
26.927210
29.280000
28.902358
26.261539
22.088219
17.113072
12.066774
7.680000
4.516170
2.469682
1.267678
0.637301
0.305694
0.000000
0.000000
0.000000
0.000000
0.000000
0.000000
0.000000
1.891980
4.331381
6.988043
9.531807
11.632512
12.960000
13.279118
12.734742
11.566758
10.015050
8.319503
6.720000
5.398216
4.302984
3.324924
2.354659
1.282810
0.000000
