8.511636
8.110006
7.762569
7.466784
7.220108
7.020000
6.866211
6.767658
6.735550
6.781099
6.915512
7.150000
7.492040
7.934178
8.465229
9.074007
9.749326
10.480000
11.251833
12.038592
12.811032
13.539909
14.195980
14.750000
15.179608
15.489971
15.693142
15.801170
15.826105
15.780000
15.674273
15.517818
15.318900
15.085782
14.826728
14.550000
14.257792
13.928015
13.532507
13.043109
12.431660
11.670000
10.748633
9.732716
8.706073
7.752524
6.955892
6.400000
6.139344
6.111121
6.223203
6.383462
6.499771
6.480000
6.265566
5.932060
5.588616
5.344368
5.308451
5.590000
6.260151
7.238047
8.404835
9.641659
10.829665
11.850000
12.609387
13.116863
13.407046
13.514552
13.473998
13.320000
13.085174
12.794130
12.469481
12.133836
11.809805
11.520000
11.279410
11.072541
10.876280
10.667512
10.423123
10.120000
9.746354
9.335706
8.932900
8.582783
8.330201
8.220000
8.282117
8.486858
8.789620
9.145799
9.510794
9.840000
10.099158
10.295381
10.446121
10.568835
10.680976
10.800000
10.938564
11.090138
11.243396
11.387010
11.509653
11.600000
11.650521
11.668882
11.666546
11.654978
11.645642
11.650000
11.674213
11.703223
11.716669
11.694188
11.615419
11.460000
11.217071
10.913780
10.586777
10.272713
10.008237
9.830000
9.763198
9.787213
9.869973
9.979405
10.083438
10.150000
10.155044
10.106627
10.020832
9.913741
9.801436
9.700000
9.621949
9.565537
9.525449
9.496372
9.472994
9.450000
9.421742
9.381226
9.321122
9.234103
9.112839
8.950000
8.743214
8.509932
8.272561
8.053511
7.875188
7.760000
7.721237
7.735715
7.771132
7.795187
7.775577
7.680000
7.488737
7.232394
6.954160
6.697224
6.504774
6.420000
6.474325
6.652117
6.925978
7.268510
7.652317
8.050000
8.436879
8.799138
9.125679
9.405402
9.627209
9.780000
9.860057
9.893183
9.912557
9.951364
10.042784
10.220000
10.504188
10.868502
11.274092
11.682105
12.053692
12.350000
12.542589
12.644660
12.679825
12.671696
12.643884
12.620000
12.618048
12.633597
12.656607
12.677037
12.684848
12.670000
12.627440
12.572063
12.523749
12.502379
12.527836
12.620000
12.788904
13.005190
13.229649
13.423076
13.546262
13.560000
13.437452
13.201253
12.886405
12.527911
12.160775
11.820000
11.533417
11.300170
11.112232
10.961576
10.840175
10.740000
10.653279
10.573252
10.493416
10.407265
10.308294
10.190000
10.052219
9.920155
9.825354
9.799364
9.873731
10.080000
10.436227
10.906500
11.441416
11.991574
12.507569
12.940000
13.251671
13.454216
13.571480
13.627303
13.645529
13.650000
13.660563
13.681079
13.711415
13.751437
13.801010
13.860000
13.927236
13.997393
14.064110
14.121025
14.161775
14.180000
14.172716
14.150460
14.127145
14.116687
14.133000
14.190000
14.294908
14.428176
14.563561
14.674822
14.735715
14.720000
14.611956
14.437947
14.234860
14.039583
13.889000
13.820000
13.857732
13.980407
14.154497
14.346477
14.522820
14.650000
14.704754
14.704870
14.678400
14.653398
14.657914
14.720000
14.857281
15.045670
15.250651
15.437710
15.572331
15.620000
15.557743
15.408748
15.207746
14.989468
14.788642
14.640000
14.569156
14.565265
14.608364
14.678494
14.755693
14.820000
14.854938
14.857971
14.830046
14.772111
14.685113
14.570000
14.427479
14.257295
14.058951
13.831951
13.575800
13.290000
12.975515
12.639146
12.289150
11.933788
11.581318
11.240000
10.918700
10.628716
10.381949
10.190305
10.065688
10.020000
10.060239
10.173770
10.343053
10.550546
10.778709
11.010000
11.227429
11.416205
11.562090
11.650844
11.668227
11.600000
11.438611
11.203261
10.919837
10.614226
10.312318
10.040000
9.815348
9.625196
9.448563
9.264473
9.051944
8.790000
8.464625
8.089660
7.685910
7.274180
6.875275
6.510000
6.195134
5.931351
5.715298
5.543624
5.412975
5.320000
5.260302
5.225306
5.205397
5.190954
5.172361
5.140000
5.085419
5.004831
4.895615
4.755152
4.580820
4.370000
4.122838
3.850556
3.567143
3.286586
3.022876
2.790000
2.598366
2.444055
2.319564
2.217392
2.130038
2.050000
1.976336
1.934336
1.955853
2.072735
2.316834
2.720000
3.297218
3.996008
4.747026
5.480928
6.128367
6.620000
6.909192
7.040150
7.079792
7.095036
7.152800
7.320000
7.646015
8.110058
8.673804
9.298927
9.947101
10.580000
11.161565
11.664803
12.064991
12.337403
12.457315
12.400000
12.151153
11.738136
11.198731
10.570719
9.891882
9.200000
8.530075
7.905987
7.348836
6.879721
6.519743
6.290000
6.196324
6.183470
6.180925
6.118174
5.924703
5.530000
4.891943
4.081983
3.199965
2.345732
1.619129
1.120000
0.922340
0.996746
1.287967
1.740751
2.299846
2.910000
3.524624
4.131774
4.728168
5.310525
5.875563
6.420000
6.938609
7.418382
7.844362
8.201595
8.475126
8.650000
8.718439
8.701367
8.626886
8.523097
8.418101
8.340000
8.314488
8.357632
8.483095
8.704536
9.035618
9.490000
10.071203
10.742177
11.455734
12.164684
12.821836
13.380000
13.797322
14.053288
14.132718
14.020433
13.701253
13.160000
12.400064
11.499115
10.553394
9.659140
8.912596
8.410000
8.216867
8.275808
8.498708
8.797450
9.083919
9.270000
9.290013
9.168022
8.950525
8.684023
8.415015
8.190000
8.044284
7.968401
7.941691
7.943494
7.953150
7.950000
7.920397
7.878744
7.846461
7.844964
7.895671
8.020000
8.227741
8.482177
8.734965
8.937760
9.042220
9.000000
8.780862
8.426992
7.998680
7.556217
7.159893
6.870000
6.728624
6.705039
6.750314
6.815519
6.851725
6.810000
6.653947
6.397297
6.066314
5.687261
5.286402
4.890000
4.524431
4.216514
3.993181
3.881364
3.907993
4.100000
4.475459
5.017017
5.698461
6.493580
7.376164
8.320000
9.294056
10.248012
11.126726
11.875056
12.437862
12.760000
12.806094
12.619825
12.264636
11.803973
11.301279
10.820000
10.410363
10.069726
9.782230
9.532017
9.303226
9.080000
8.854352
8.649790
8.497694
8.429443
8.476418
8.670000
9.025978
9.497780
10.023246
10.540212
10.986517
11.300000
11.432755
11.393903
11.206824
10.894894
10.481494
9.990000
9.452123
8.932903
8.505709
8.243914
8.220887
8.510000
9.155835
10.087818
11.206589
12.412784
13.607041
14.690000
15.583334
16.292861
16.845436
17.267915
17.587151
17.830000
18.013285
18.113702
18.097917
17.932595
17.584401
17.020000
16.222972
15.244553
14.152895
13.016149
11.902467
10.880000
10.007143
9.303272
8.778003
8.440956
8.301749
8.370000
8.643362
9.071620
9.592594
10.144102
10.663965
11.090000
11.378205
11.557285
11.674122
11.775598
11.908597
12.120000
12.436133
12.801093
13.138420
13.371653
13.424333
13.220000
12.714902
11.996121
11.183449
10.396677
9.755597
9.380000
9.351113
9.595906
10.002785
10.460156
10.856426
11.080000
11.045833
10.775072
10.315413
9.714551
9.020181
8.280000
7.551157
6.928621
6.516815
6.420160
6.743081
7.590000
8.999353
10.745629
12.537329
14.082956
15.091013
15.270000
14.429904
12.786643
10.657619
8.360236
6.211896
4.530000
3.558255
3.245579
3.467194
4.098321
5.014183
6.090000
7.205548
8.258819
9.152355
9.788701
10.070401
9.900000
9.229783
8.210998
7.044637
5.931691
5.073148
4.670000
4.867821
5.590522
6.706595
8.084537
9.592840
11.100000
12.489581
13.705434
14.706481
15.451643
15.899842
16.010000
15.764457
15.239224
14.533732
13.747411
12.979690
12.330000
11.869166
11.553596
11.311091
11.069456
10.756491
10.300000
9.655128
8.886393
8.085652
7.344767
6.755596
6.410000
6.368330
6.564908
6.902549
7.284069
7.612281
7.790000
7.746275
7.515087
7.156650
6.731180
6.298892
5.920000
5.641756
5.459561
5.355850
5.313062
5.313633
5.340000
5.376376
5.414079
5.446200
5.465832
5.466068
5.440000
5.388664
5.344865
5.349351
5.442871
5.666171
6.060000
6.638180
7.306831
7.945145
8.432316
8.647536
8.470000
7.826716
6.835959
5.663818
4.476385
3.439749
2.720000
2.436437
2.521185
2.859582
3.336960
3.838654
4.250000
4.481612
4.545225
4.477855
4.316517
4.098227
3.860000
3.634847
3.439766
3.287748
3.191786
3.164872
3.220000
3.359739
3.544971
3.726154
3.853748
3.878210
3.750000
3.442584
3.021461
2.575135
2.192113
1.960899
1.970000
2.277006
2.815851
3.489554
4.201134
4.853609
5.350000
5.616058
5.668468
5.546648
5.290018
4.937996
4.530000
4.099365
3.655093
3.200102
2.737311
2.269637
1.800000
1.336853
0.910790
0.557943
0.314442
0.216418
0.300000
0.598965
1.137672
1.938125
3.022328
4.412285
6.130000
8.168767
10.407039
12.694556
14.881061
16.816295
18.350000
19.369993
19.916394
20.067400
19.901205
19.496007
18.930000
18.267835
17.519976
16.683344
15.754858
14.731437
13.610000
12.393066
11.105552
9.777972
8.440843
7.124681
5.860000
4.686752
3.682631
2.934766
2.530286
2.556321
3.100000
4.202471
5.720961
7.466713
9.250974
10.884988
12.180000
12.997067
13.396490
13.488381
13.382855
13.190024
13.020000
12.965141
13.046785
13.268511
13.633901
14.146537
14.810000
15.612738
16.482668
17.332575
18.075243
18.623456
18.890000
18.811685
18.421433
17.776190
16.932905
15.948526
14.880000
13.778854
12.674934
11.592664
10.556469
9.590773
8.720000
7.961601
7.305126
6.733152
6.228255
5.773013
5.350000
4.955854
4.643451
4.479728
4.531621
4.866066
5.550000
6.621974
8.006995
9.601687
11.302670
13.006567
14.610000
16.027361
17.244123
18.263525
19.088811
19.723222
20.170000
20.433766
20.524663
20.454212
20.233937
19.875359
19.390000
18.794195
18.123523
17.418376
16.719146
16.066223
15.500000
15.050334
14.704948
14.441033
14.235776
14.066369
13.910000
13.744469
13.550017
13.307494
12.997749
12.601635
12.100000
11.487205
10.811650
10.135243
9.519893
9.027509
8.720000
8.646663
8.806346
9.185285
9.769716
10.545876
11.500000
12.604662
13.777782
14.923619
15.946429
16.750470
17.240000
17.352699
17.159933
16.766491
16.277163
15.796736
15.430000
15.255747
15.248783
15.357917
15.531958
15.719716
15.870000
15.941165
15.929751
15.841842
15.683524
15.460881
15.180000
14.844268
14.446289
13.975966
13.423207
12.777916
12.030000
11.182317
10.289539
9.419293
8.639204
8.016898
7.620000
7.492945
7.587405
7.831860
8.154791
8.484677
8.750000
8.897198
8.944543
8.928265
8.884595
8.849763
8.860000
8.937014
9.044424
9.131330
9.146829
9.040020
8.760000
8.279331
7.664427
7.005165
6.391421
5.913074
5.660000
5.692375
5.951572
6.349262
6.797115
7.206804
7.490000
7.587510
7.556692
7.484039
7.456043
7.559199
7.880000
8.473786
9.271289
10.172084
11.075749
11.881862
12.490000
12.831927
12.968154
12.991377
12.994294
13.069603
13.310000
13.777857
14.414245
15.129909
15.835592
16.442041
16.860000
17.026644
16.984865
16.803988
16.553336
16.302233
16.120000
16.053809
16.062220
16.081638
16.048469
15.899121
15.570000
15.026684
14.351441
13.655711
13.050934
12.648550
12.560000
12.854131
13.429425
14.141769
14.847054
15.401168
15.660000
15.523921
15.071232
14.424713
13.707146
13.041315
12.550000
12.323610
12.323057
12.476880
12.713619
12.961813
13.150000
13.223260
13.192838
13.086516
12.932079
12.757313
12.590000
12.450895
12.332630
12.220806
12.101026
11.958890
11.780000
11.556122
11.303680
11.045259
10.803447
10.600832
10.460000
10.393968
10.377467
10.375658
10.353704
10.276764
10.110000
9.832035
9.475343
9.085858
8.709516
8.392251
8.180000
8.104743
8.142643
8.255910
8.406752
8.557379
8.670000
8.717558
8.715936
8.691752
8.671623
8.682166
8.750000
8.892201
9.087686
9.305832
9.516015
9.687612
9.790000
9.800999
9.732209
9.603671
9.435428
9.247524
9.060000
8.890468
8.746812
8.634484
8.558938
8.525626
8.540000
8.605694
8.719062
8.874642
9.066967
9.290575
9.540000
9.804905
10.055457
10.256949
10.374675
10.373927
10.220000
9.894084
9.440961
8.921311
8.395814
7.925151
7.570000
7.375658
7.325885
7.389057
7.533549
7.727738
7.940000
8.151710
8.396240
8.719962
9.169248
9.790470
10.630000
11.712179
12.973230
14.327345
15.688717
16.971537
18.090000
18.972954
19.607878
19.996909
20.142182
20.045834
19.710000
19.146237
18.403776
17.541270
16.617371
15.690730
14.820000
14.054692
13.407758
12.883010
12.484260
12.215319
12.080000
12.072912
12.151859
12.265440
12.362257
12.390910
12.300000
12.059122
11.721844
11.362730
11.056343
10.877245
10.900000
11.177823
11.678542
12.348638
13.134593
13.982886
14.840000
15.659263
16.421395
17.113967
17.724545
18.240700
18.650000
18.948460
19.165877
19.340496
19.510560
19.714313
19.990000
20.358658
20.772505
21.166551
21.475808
21.635287
21.580000
21.263065
20.710030
19.964551
19.070282
18.070880
17.010000
15.930934
14.875524
13.885247
13.001582
12.266007
11.720000
11.387875
11.225283
11.170713
11.162650
11.139584
11.040000
10.815530
10.470381
10.021903
9.487446
8.884362
8.230000
7.543708
6.852823
6.186676
5.574601
5.045932
4.630000
4.346859
4.179440
4.101394
4.086371
4.108023
4.140000
4.164828
4.200529
4.274000
4.412138
4.641839
4.990000
5.471607
6.054000
6.692607
7.342857
7.960178
8.500000
8.927355
9.245694
9.468073
9.607546
9.677170
9.690000
9.656288
9.575076
9.442603
9.255107
9.008826
8.700000
8.332029
7.936963
7.554015
7.222397
6.981321
6.870000
6.911244
7.062256
7.263836
7.456787
7.581908
7.580000
7.407486
7.083273
6.641889
6.117864
5.545724
4.960000
4.392331
3.862801
3.388607
2.986944
2.675010
2.470000
2.382960
2.400339
2.502434
2.669544
2.881967
3.120000
3.366383
3.613620
3.856656
4.090434
4.309901
4.510000
4.683590
4.815180
4.887193
4.882052
4.782180
4.570000
4.236943
3.810475
3.327072
2.823209
2.335360
1.900000
1.550352
1.306623
1.185768
1.204743
1.380502
1.730000
2.257160
2.913774
3.638604
4.370412
5.047956
5.610000
6.016890
6.315318
6.573564
6.859907
7.242626
7.790000
8.547458
9.469029
10.485890
11.529220
12.530197
13.420000
14.137398
14.651530
14.939126
14.976917
14.741631
14.210000
13.382949
12.358183
11.257604
10.203114
9.316612
8.720000
8.497427
8.582033
8.869206
9.254333
9.632802
9.900000
9.980213
9.913313
9.768072
9.613259
9.517645
9.550000
9.754129
10.073973
10.428507
10.736707
10.917546
10.890000
10.601696
10.114867
9.520399
8.909175
8.372080
8.000000
7.852003
7.859890
7.923648
7.943262
7.818717
7.450000
6.774553
5.879646
4.890009
3.930371
3.125458
2.600000
2.447056
2.633006
3.092564
3.760441
4.571349
5.460000
6.362456
7.220180
7.975984
8.572680
8.953081
9.060000
8.861916
8.429977
7.861000
7.251801
6.699196
6.300000
6.127983
6.164727
6.368765
6.698634
7.112867
7.570000
8.036198
8.508154
8.990189
9.486626
10.001789
10.540000
11.106390
11.709326
12.357981
13.061528
13.829143
14.670000
15.577268
16.480098
17.291639
17.925038
18.293443
18.310000
17.925002
17.237318
16.382962
15.497948
14.718289
14.180000
13.977724
14.040629
14.256511
14.513169
14.698399
14.700000
14.434333
13.932018
13.252242
12.454190
11.597048
10.740000
9.932075
9.181668
8.487019
7.846365
7.257946
6.720000
6.233063
5.806865
5.453432
5.184793
5.012973
4.950000
5.005811
5.181983
5.478001
5.893353
6.427524
7.080000
7.838599
8.644463
9.427062
10.115870
10.640359
10.930000
10.933310
10.674981
10.198749
9.548351
8.767522
7.900000
6.988439
6.071169
5.185441
4.368504
3.657607
3.090000
2.692380
2.449231
2.334486
2.322078
2.385938
2.500000
2.644497
2.824870
3.052864
3.340221
3.698685
4.140000
4.661763
5.204992
5.696558
6.063334
6.232190
6.130000
5.714330
5.065532
4.294653
3.512740
2.830840
2.360000
2.179943
2.245101
2.478578
2.803483
3.142921
3.420000
3.582702
3.678510
3.779784
3.958885
4.288170
4.840000
5.661750
6.700860
7.879784
9.120979
10.346899
11.480000
12.457613
13.276569
13.948578
14.485348
14.898586
15.200000
15.398448
15.491381
15.473402
15.339111
15.083110
14.700000
14.191282
13.586054
12.920314
12.230060
11.551289
10.920000
10.362721
9.868107
9.415343
8.983613
8.552104
8.100000
7.613620
7.107814
6.604565
6.125858
5.693675
5.330000
5.051086
4.850267
4.715146
4.633325
4.592409
4.580000
4.584581
4.598155
4.613602
4.623804
4.621643
4.600000
4.559616
4.532670
4.559198
4.679237
4.932825
5.360000
5.986305
6.779315
7.692108
8.677767
9.689370
10.680000
11.598635
12.377850
12.946120
13.231918
13.163720
12.670000
11.726517
10.498175
9.197163
8.035671
7.225887
6.980000
7.439649
8.464264
9.842727
11.363917
12.816714
13.990000
14.725028
15.072547
15.135680
15.017551
14.821284
14.650000
14.585472
14.624068
14.740803
14.910692
15.108753
15.310000
15.493870
15.657478
15.802359
15.930050
16.042085
16.140000
16.217335
16.235651
16.148510
15.909479
15.472121
14.790000
13.839983
12.692142
11.439849
10.176479
8.995405
7.990000
7.234353
6.725413
6.440843
6.358309
6.455473
6.710000
7.101865
7.620282
8.256778
9.002880
9.850111
10.790000
11.803559
12.829756
13.797043
14.633877
15.268711
15.630000
15.672000
15.452177
15.053798
14.560130
14.054442
13.620000
13.317422
13.116722
12.965265
12.810416
12.599540
12.280000
11.819517
11.267232
10.692642
10.165242
9.754529
9.530000
9.536501
9.720275
10.002919
10.306024
10.551187
10.660000
10.579573
10.359073
10.073184
9.796587
9.603965
9.570000
9.740670
10.047134
10.391846
10.677258
10.805825
10.680000
10.236171
9.546463
8.716933
7.853641
7.062643
6.450000
6.089830
5.928495
5.880421
5.860031
5.781750
5.560000
5.136964
4.565852
3.927632
3.303271
2.773738
2.420000
2.300741
2.385504
2.621552
2.956144
3.336539
3.710000
4.033130
4.299908
4.513660
4.677710
4.795382
4.870000
4.908177
4.929677
4.957556
5.014867
5.124664
5.310000
5.587266
5.946197
6.369865
6.841340
7.343695
7.860000
8.373361
8.867015
9.324235
9.728292
10.062456
10.310000
10.459661
10.522037
10.513195
10.449198
10.346111
10.220000
10.083182
9.932984
9.762987
9.566770
9.337915
9.070000
8.754372
8.373435
7.907359
7.336314
6.640471
5.800000
4.814517
3.761426
2.737578
1.839824
1.165015
0.810000
0.840153
1.194935
1.782328
2.510314
3.286878
4.020000
4.635148
5.127723
5.510611
5.796696
5.998864
6.130000
6.203236
6.232690
6.232728
6.217715
6.202018
6.200000
6.226909
6.301517
6.443477
6.672442
7.008065
7.470000
8.064220
8.741982
9.440863
10.098442
10.652295
11.040000
11.218202
11.219815
11.096820
10.901199
10.684931
10.500000
10.388296
10.351350
10.380606
10.467504
10.603489
10.780000
10.986532
11.204784
11.414507
11.595450
11.727364
11.790000
11.771177
11.690993
11.577617
11.459214
11.363952
11.320000
11.345241
11.416427
11.500027
11.562510
11.570345
11.490000
11.301424
11.038484
10.748526
10.478895
10.276938
10.190000
10.253228
10.452969
10.763369
11.158577
11.612738
12.100000
12.598672
13.103714
13.614246
14.129391
14.648268
15.170000
15.686897
16.164026
16.559645
16.832009
16.939375
16.840000
16.508786
15.987217
15.333425
14.605537
13.861686
13.160000
12.539626
11.963770
11.376657
10.722509
9.945549
8.990000
7.829007
6.551405
5.274947
4.117390
3.196489
2.630000
2.497956
2.729500
3.216055
3.849042
4.519883
5.120000
5.564170
5.860596
6.040834
6.136443
6.178979
6.200000
6.223927
6.246635
6.256858
6.243336
6.194804
6.100000
5.952342
5.763977
5.551732
5.332436
5.122916
4.940000
4.795824
4.683755
4.592464
4.510626
4.426913
4.330000
4.214129
4.095820
3.997163
3.940248
3.947163
4.040000
4.234095
4.517780
4.872634
5.280236
5.722165
6.180000
6.632869
7.050095
7.398550
7.645104
7.756631
7.700000
7.455308
7.055542
6.546917
5.975643
5.387933
4.830000
4.342058
3.940328
3.635034
3.436399
3.354647
3.400000
3.575535
3.855738
4.207948
4.599502
4.997740
5.370000
5.699690
6.034497
6.438175
6.974481
7.707171
8.700000
9.981399
11.438498
12.923102
14.287017
15.382048
16.060000
16.216752
15.924475
15.299416
14.457820
13.515933
12.590000
11.776410
11.092121
10.534234
10.099851
9.786073
9.590000
9.503443
9.497042
9.536148
9.586110
9.612277
9.580000
9.466162
9.293785
9.097425
8.911637
8.770977
8.710000
8.748528
8.847446
8.952902
9.011047
8.968030
8.770000
8.383891
7.859764
7.268466
6.680843
6.167739
5.800000
5.622576
5.576831
5.578232
5.542249
5.384349
5.020000
4.398723
3.606247
2.762354
1.986827
1.399449
1.120000
1.228830
1.648554
2.262351
2.953404
3.604894
4.100000
4.357207
4.436205
4.431990
4.439555
4.553893
4.870000
5.447204
6.202180
7.015938
7.769487
8.343838
8.620000
8.519994
8.129888
7.576757
6.987681
6.489736
6.210000
6.234253
6.483084
6.835783
7.171642
7.369950
7.310000
6.914150
6.277035
5.536359
4.829826
4.295138
4.070000
4.247758
4.744330
5.431279
6.180165
6.862552
7.350000
7.545051
7.474163
7.194776
6.764327
6.240256
5.680000
5.129586
4.589388
4.048369
3.495490
2.919713
2.310000
1.669198
1.055691
0.541749
0.199640
0.101634
0.320000
0.901029
1.787106
2.894635
4.140023
5.439676
6.710000
7.881962
8.944775
9.902212
10.758046
11.516051
12.180000
12.752602
13.232312
13.616517
13.902607
14.087972
14.170000
14.145035
14.005237
13.741721
13.345600
12.807988
12.120000
11.288831
10.385998
9.499100
8.715736
8.123503
7.810000
7.831262
8.117067
8.565629
9.075162
9.543881
9.870000
9.982788
9.935735
9.813385
9.700283
9.680973
9.840000
10.234438
10.811475
11.490832
12.192226
12.835375
13.340000
13.647887
13.789105
13.815788
13.780074
13.734099
13.730000
13.806096
13.945439
14.117266
14.290811
14.435311
14.520000
14.519674
14.431361
14.257649
14.001126
13.664381
13.250000
12.766830
12.248747
11.735888
11.268387
10.886379
10.630000
10.524211
10.533279
10.606299
10.692363
10.740565
10.700000
10.528364
10.217765
9.768918
9.182533
8.459323
7.600000
6.621270
5.603807
4.644281
3.839358
3.285709
3.080000
3.280447
3.791451
4.478960
5.208923
5.847287
6.260000
6.348239
6.154093
5.754879
5.227914
4.650515
4.100000
3.639929
3.278843
3.011523
2.832754
2.737318
2.720000
2.777599
2.914981
3.139029
3.456627
3.874656
4.400000
5.034536
5.760122
6.553610
7.391851
8.251697
9.110000
9.948746
10.770455
11.582781
12.393378
13.209900
14.040000
14.883489
15.708798
16.476516
17.147230
17.681529
18.040000
18.196327
18.176576
18.019907
17.765480
17.452458
17.120000
16.801480
16.507121
16.241357
16.008626
15.813362
15.660000
15.549096
15.465683
15.390914
15.305941
15.191919
15.030000
14.803803
14.506815
14.134988
13.684275
13.150628
12.530000
11.824163
11.058167
10.262883
9.469180
8.707929
8.010000
7.402694
6.899035
6.508481
6.240486
6.104507
6.110000
6.254831
6.490506
6.756944
6.994060
7.141773
7.140000
6.950808
6.624866
6.234994
5.854013
5.554741
5.410000
5.465920
5.661883
5.910580
6.124703
6.216946
6.100000
5.716344
5.127603
4.425187
3.700507
3.044975
2.550000
2.283564
2.219928
2.309923
2.504379
2.754128
3.010000
3.235278
3.443054
3.658871
3.908272
4.216800
4.610000
5.100693
5.650818
6.209593
6.726237
7.149966
7.430000
7.531163
7.480710
7.321505
7.096410
6.848287
6.620000
6.447387
6.338192
6.293136
6.312938
6.398319
6.550000
6.764799
7.023929
7.304702
7.584431
7.840426
8.050000
8.194436
8.270907
8.280555
8.224524
8.103958
7.920000
7.677410
7.395407
7.096829
6.804511
6.541289
6.330000
6.185139
6.087836
6.010881
5.927063
5.809173
5.630000
5.373888
5.071399
4.764649
4.495755
4.306833
4.240000
4.322551
4.522495
4.793023
5.087324
5.358587
5.560000
5.657993
5.671953
5.634507
5.578282
5.535904
5.540000
5.616125
5.761543
5.966447
6.221029
6.515483
6.840000
7.185332
7.544468
7.910955
8.278341
8.640173
8.990000
9.320741
9.622807
9.885983
10.100051
10.254796
10.340000
10.348463
10.285043
10.157613
9.974047
9.742218
9.470000
9.163926
8.825169
8.453564
8.048945
7.611146
7.140000
6.639631
6.131318
5.640631
5.193136
4.814403
4.530000
4.357457
4.282150
4.281414
4.332586
4.413002
4.500000
4.573595
4.624527
4.646214
4.632076
4.575532
4.470000
4.311911
4.109742
3.874979
3.619109
3.353621
3.090000
2.840472
2.620208
2.445120
2.331116
2.294106
2.350000
2.509443
2.762017
3.092042
3.483835
3.921715
4.390000
4.873193
5.356539
5.825464
6.265397
6.661766
7.000000
7.268339
7.466273
7.596104
7.660134
7.660665
7.600000
7.482709
7.322443
7.135120
6.936659
6.742980
6.570000
6.429573
6.317288
6.224665
6.143229
6.064499
5.980000
5.880016
5.749888
5.573719
5.335612
5.019671
4.610000
4.101519
3.532420
2.951710
2.408398
1.951492
1.630000
1.477239
1.463765
1.544440
1.674128
1.807694
1.900000
1.921560
1.905484
1.900531
1.955459
2.119029
2.440000
2.947307
3.590596
4.299688
5.004405
5.634568
6.120000
6.412220
6.549540
6.591968
6.599515
6.632189
6.750000
6.997239
7.355320
7.789940
8.266796
8.751584
9.210000
9.617853
9.991403
10.357021
10.741079
11.169948
11.670000
12.252876
12.871289
13.463225
13.966667
14.319597
14.460000
14.347913
14.031587
13.581328
13.067440
12.560229
12.130000
11.830705
11.650881
11.562714
11.538389
11.550089
11.570000
11.575657
11.565999
11.545315
11.517895
11.488026
11.460000
11.434027
11.394011
11.319775
11.191144
10.987945
10.690000
10.290872
9.839069
9.396836
9.026417
8.790057
8.750000
8.941187
9.289342
9.692881
10.050225
10.259792
10.220000
9.865351
9.274676
8.562889
7.844904
7.235637
6.850000
6.773336
6.972697
7.385564
7.949416
8.601735
9.280000
9.929639
10.527870
11.059857
11.510764
11.865757
12.110000
12.231811
12.232119
12.115009
11.884564
11.544866
11.100000
10.556822
9.933283
9.250107
8.528018
7.787741
7.050000
6.341827
5.715490
5.229563
4.942622
4.913243
5.200000
5.834157
6.737722
7.805392
8.931864
10.011835
10.940000
11.635019
12.111401
12.407619
12.562143
12.613446
12.600000
12.559101
12.523340
12.524134
12.592898
12.761048
13.060000
13.506912
14.061906
14.670847
15.279600
15.834029
16.280000
16.575475
16.726815
16.752479
16.670925
16.500612
16.260000
15.963317
15.607870
15.186738
14.692997
14.119725
13.460000
12.713989
11.910223
11.084321
10.271903
9.508589
8.830000
8.260633
7.780498
7.358480
6.963466
6.564344
6.130000
5.640885
5.123713
4.616760
4.158305
3.786626
3.540000
3.442215
3.459096
3.541979
3.642201
3.711096
3.700000
3.576136
3.370274
3.129072
2.899188
2.727278
2.660000
2.732084
2.930547
3.230481
3.606974
4.035117
4.490000
4.953214
5.432351
5.941504
6.494768
7.106236
7.790000
8.546358
9.320421
10.043502
10.646916
11.061978
11.220000
11.080381
10.714855
10.223237
9.705344
9.260993
8.990000
8.954986
9.069789
9.211050
9.255411
9.079514
8.560000
7.617868
6.351544
4.903812
3.417455
2.035257
0.900000
0.122662
0.000000
0.000000
0.000000
0.000000
0.400000
0.953473
1.569727
2.210133
2.836066
3.408897
3.890000
4.249232
4.490393
4.625766
4.667635
4.628285
4.520000
4.357052
4.161665
3.958054
3.770431
3.623008
3.540000
3.535153
3.580353
3.637019
3.666569
3.630423
3.490000
3.221779
2.862477
2.463872
2.077739
1.755856
1.550000
1.497221
1.575663
1.748745
1.979883
2.232495
2.470000
2.664476
2.822647
2.959900
3.091619
3.233191
3.400000
3.602560
3.831895
4.074156
4.315493
4.542057
4.740000
4.899680
5.028289
5.137227
5.237891
5.341683
5.460000
5.600200
5.753466
5.906938
6.047757
6.163065
6.240000
6.273409
6.288959
6.320022
6.399968
6.562170
6.840000
7.251625
7.754400
8.290475
8.802000
9.231125
9.520000
9.627681
9.580846
9.423078
9.197958
8.949072
8.720000
8.544871
8.419992
8.332214
8.268389
8.215367
8.160000
8.091352
8.007332
7.908065
7.793672
7.664276
7.520000
7.361250
7.189568
7.006777
6.814702
6.615168
6.410000
6.205684
6.027360
5.904828
5.867890
5.946347
6.170000
6.554716
7.060622
7.633910
8.220775
8.767407
9.220000
9.541054
9.758301
9.915780
10.057530
10.227590
10.470000
10.814261
11.231729
11.679219
12.113549
12.491537
12.770000
12.918382
12.956636
12.917345
12.833087
12.736446
12.660000
12.626841
12.622096
12.621403
12.600398
12.534718
12.400000
12.181661
11.904238
11.602044
11.309396
11.060610
10.890000
10.817532
10.805768
10.802921
10.757202
10.616825
10.330000
9.866591
9.283060
8.657522
8.068090
7.592878
7.310000
7.269069
7.405695
7.626991
7.840067
7.952033
7.870000
7.532737
7.005640
6.385763
5.770161
5.255889
4.940000
4.887855
5.038043
5.297457
5.572991
5.771541
5.800000
5.596027
5.220338
4.764411
4.319726
3.977763
3.830000
3.936600
4.232458
4.621150
5.006253
5.291344
5.380000
5.208312
4.842423
4.380990
3.922670
3.566121
3.410000
3.521958
3.845629
4.293641
4.778621
5.213198
5.510000
5.609272
5.561727
5.445697
5.339512
5.321503
5.470000
5.837574
6.373757
7.002320
7.647034
8.231670
8.680000
8.935338
9.019169
8.972522
8.836426
8.651909
8.460000
8.294084
8.156974
8.043840
7.949853
7.870183
7.800000
7.730087
7.633677
7.479617
7.236753
6.873932
6.360000
5.682977
4.907578
4.117692
3.397208
2.830015
2.500000
2.466292
2.688973
3.103363
3.644784
4.248556
4.850000
5.399262
5.905789
6.393854
6.887730
7.411687
7.990000
8.636891
9.326388
10.022469
10.689112
11.290297
11.790000
12.157016
12.379399
12.450019
12.361746
12.107450
11.680000
11.086434
10.390460
9.669953
9.002791
8.466848
8.140000
8.073221
8.209874
8.466418
8.759313
9.005021
9.120000
9.043367
8.804860
8.456876
8.051807
7.642051
7.280000
7.002710
6.785870
6.589829
6.374938
6.101545
5.730000
5.235980
4.656476
4.043807
3.450292
2.928250
2.530000
2.291796
2.185634
2.167443
2.193154
2.218696
2.200000
2.106603
1.962469
1.805170
1.672278
1.601364
1.630000
1.780497
2.014120
2.276877
2.514772
2.673811
2.700000
2.555994
2.271049
1.891072
1.461967
1.029641
0.640000
0.331684
0.114275
0.000000
0.000000
0.030634
0.200000
0.468101
0.818518
1.231083
1.685630
2.161991
2.640000
3.100123
3.525356
3.899331
4.205676
4.428023
4.550000
4.565852
4.512279
4.436594
4.386110
4.408141
4.550000
4.842023
5.246637
5.709292
6.175438
6.590524
6.900000
7.066889
7.124505
7.123736
7.115470
7.150596
7.280000
7.537784
7.890900
8.289514
8.683791
9.023898
9.260000
9.356884
9.337822
9.240709
9.103438
8.963904
8.860000
8.820237
8.835589
8.887650
8.958011
9.028263
9.080000
9.098929
9.087228
9.051191
8.997111
8.931283
8.860000
8.789232
8.723646
8.667587
8.625397
8.601420
8.600000
8.620626
8.643373
8.643462
8.596115
8.476554
8.260000
7.932710
7.525086
7.078565
6.634585
6.234585
5.920000
5.721035
5.622951
5.599778
5.625543
5.674274
5.720000
5.742365
5.743480
5.731073
5.712872
5.696605
5.690000
5.699784
5.728685
5.778430
5.850746
5.947360
6.070000
6.215397
6.360299
6.476458
6.535627
6.509557
6.370000
6.104970
5.767526
5.426987
5.152674
5.013904
5.080000
5.392221
5.879596
6.443092
6.983679
7.402326
7.600000
7.510866
7.201868
6.773144
6.324832
5.957071
5.770000
5.833804
6.098858
6.485584
6.914401
7.305733
7.580000
7.676694
7.611587
7.419522
7.135341
6.793886
6.430000
6.076966
5.761830
5.510079
5.347199
5.298677
5.390000
5.630951
5.968499
6.333912
6.658455
6.873396
6.910000
6.722472
6.356766
5.881773
5.366387
4.879499
4.490000
4.249857
4.143327
4.137745
4.200441
4.298749
4.400000
4.476620
4.521406
4.532247
4.507034
4.443655
4.340000
4.198848
4.042530
3.898266
3.793276
3.754781
3.810000
3.974424
4.216624
4.493440
4.761714
4.978287
5.100000
5.098503
5.004680
4.864225
4.722831
4.626191
4.620000
4.736473
4.953917
5.237161
5.551037
5.860373
6.130000
6.332505
6.471506
6.558379
6.604502
6.621250
6.620000
6.610500
6.595987
6.578071
6.558361
6.538468
6.520000
6.504478
6.493066
6.486837
6.486867
6.494230
6.510000
6.533440
6.556565
6.569580
6.562688
6.526093
6.450000
6.331346
6.194008
6.068594
5.985715
5.975981
6.070000
6.284647
6.581848
6.909793
7.216674
7.450679
7.560000
7.508724
7.324527
7.050983
6.731665
6.410146
6.130000
5.925458
5.793377
5.721275
5.696668
5.707071
5.740000
5.785326
5.842334
5.912665
5.997960
6.099858
6.220000
6.358842
6.512101
6.674313
6.840011
7.003729
7.160000
7.302734
7.423334
7.512582
7.561256
7.560135
7.500000
7.377215
7.210487
7.024109
6.842374
6.689573
6.590000
6.561833
6.598791
6.688481
6.818509
6.976480
7.150000
7.327723
7.502496
7.668215
7.818775
7.948072
8.050000
8.121071
8.168260
8.201157
8.229353
8.262437
8.310000
8.375862
8.440759
8.479656
8.467518
8.379311
8.190000
7.886314
7.502037
7.082719
6.673908
6.321152
6.070000
5.950873
5.933684
5.973217
6.024257
6.041590
5.980000
5.808110
5.549894
5.243163
4.925730
4.635405
4.410000
4.275529
4.210814
4.182879
4.158749
4.105448
3.990000
3.794218
3.559072
3.340319
3.193717
3.175025
3.340000
3.726858
4.303640
5.020846
5.828975
6.678527
7.520000
8.314324
9.064147
9.782548
10.482604
11.177396
11.880000
12.590708
13.258661
13.820213
14.211718
14.369529
14.230000
13.758862
13.039356
12.184099
11.305709
10.516803
9.930000
9.625371
9.552804
9.629642
9.773226
9.900898
9.930000
9.799607
9.535723
9.186084
8.798426
8.420486
8.100000
7.871803
7.719119
7.612274
7.521590
7.417391
7.270000
7.059988
6.808911
6.548571
6.310771
6.127313
6.030000
6.040282
6.138199
6.293441
6.475696
6.654653
6.800000
6.888515
6.925329
6.922664
6.892740
6.847778
6.800000
6.758808
6.722337
6.685904
6.644826
6.594419
6.530000
6.449725
6.363099
6.282469
6.220179
6.188575
6.200000
6.261738
6.360821
6.479219
6.598901
6.701838
6.770000
6.793185
6.792506
6.796906
6.835326
6.936710
7.130000
7.430848
7.801749
8.191909
8.550534
8.826829
8.970000
8.948285
8.806054
8.606708
8.413650
8.290279
8.300000
8.484622
8.799589
9.178757
9.555979
9.865109
10.040000
10.033321
9.872996
9.605763
9.278360
8.937526
8.630000
8.390752
8.207687
8.056942
7.914654
7.756961
7.560000
7.309087
7.026256
6.742719
6.489689
6.298378
6.200000
6.213224
6.306550
6.435933
6.557332
6.626702
6.600000
6.448156
6.201991
5.907298
5.609873
5.355509
5.190000
5.143088
5.180303
5.251123
5.305027
5.291494
5.160000
4.879077
4.493466
4.066959
3.663350
3.346433
3.180000
3.205650
3.376205
3.622291
3.874534
4.063562
4.120000
3.995682
3.727269
3.372627
2.989624
2.636126
2.370000
2.231805
2.192866
2.207200
2.228822
2.211750
2.110000
1.893115
1.592747
1.256074
0.930273
0.662522
0.500000
0.475363
0.563181
0.723505
0.916383
1.101865
1.240000
1.301314
1.298232
1.253658
1.190493
1.131639
1.100000
1.112346
1.160928
1.231865
1.311276
1.385281
1.440000
1.468978
1.495464
1.550133
1.663662
1.866726
2.190000
2.649012
3.198699
3.778852
4.329259
4.789712
5.100000
5.219883
5.188999
5.066960
4.913374
4.787851
4.750000
4.841551
5.032711
5.275808
5.523171
5.727125
5.840000
5.827479
5.708675
5.516056
5.282092
5.039250
4.820000
4.648115
4.512589
4.393717
4.271796
4.127125
3.940000
3.699874
3.432822
3.174078
2.958871
2.822435
2.800000
2.913964
3.135381
3.422473
3.733460
4.026562
4.260000
4.405337
4.487505
4.544780
4.615438
4.737753
4.950000
5.276773
5.687932
6.139656
6.588123
6.989511
7.300000
7.487156
7.564101
7.555347
7.485405
7.378786
7.260000
7.148539
7.043811
6.940205
6.832109
6.713911
6.580000
6.425910
6.251765
6.058832
5.848381
5.621680
5.380000
5.122449
4.839501
4.519468
4.150665
3.721404
3.220000
2.648089
2.060603
1.525797
1.111924
0.887240
0.920000
1.250194
1.804753
2.482346
3.181640
3.801302
4.240000
4.425025
4.398162
4.229820
3.990406
3.750330
3.580000
3.531604
3.584450
3.699625
3.838217
3.961313
4.030000
4.015457
3.929223
3.792930
3.628207
3.456687
3.300000
3.174532
3.075695
2.993657
2.918583
2.840642
2.750000
2.642525
2.536884
2.457444
2.428572
2.474635
2.620000
2.877821
3.216398
3.592817
3.964166
4.287532
4.520000
4.630682
4.636784
4.567537
4.452170
4.319914
4.200000
4.116997
4.076836
4.080786
4.130117
4.226098
4.370000
4.559940
4.781427
5.016820
5.248474
5.458749
5.630000
5.750465
5.831899
5.891935
5.948208
6.018352
6.120000
6.264773
6.440236
6.627939
6.809433
6.966270
7.080000
7.137017
7.143084
7.108810
7.044800
6.961661
6.870000
6.780771
6.706315
6.659322
6.652479
6.698476
6.810000
6.988186
7.187950
7.352653
7.425654
7.350317
7.070000
6.550789
5.849661
5.046318
4.220459
3.451786
2.820000
2.384861
2.126367
2.004576
1.979547
2.011335
2.060000
2.094628
2.120426
2.151627
2.202466
2.287179
2.420000
2.612320
2.864153
3.172668
3.535034
3.948422
4.410000
4.913777
5.441112
5.970203
6.479250
6.946449
7.350000
7.674888
7.933252
8.144019
8.326115
8.498466
8.680000
8.884541
9.105509
9.331222
9.549996
9.750149
9.920000
10.050650
10.144340
10.206095
10.240940
10.253900
10.250000
10.233044
10.201946
10.154399
10.088097
10.000733
9.890000
9.755555
9.604915
9.447559
9.292967
9.150621
9.030000
8.938532
8.875433
8.837866
8.822996
8.827986
8.850000
8.884531
8.920392
8.944727
8.944678
8.907388
8.820000
8.674826
8.484850
8.268226
8.043108
7.827648
7.640000
7.494823
7.392800
7.331118
7.306965
7.317530
7.360000
7.430928
7.524322
7.633553
7.751995
7.873020
7.990000
8.097993
8.198803
8.295919
8.392831
8.493028
8.600000
8.718349
8.857133
9.026520
9.236680
9.497784
9.820000
10.207498
10.640443
11.093001
11.539336
11.953614
12.310000
12.588187
12.789984
12.922727
12.993752
13.010398
12.980000
12.909661
12.805548
12.673593
12.519728
12.349887
12.170000
11.987520
11.815972
11.670402
11.565853
11.517371
11.540000
11.638454
11.776119
11.906050
11.981304
11.954936
11.780000
11.429406
10.955479
10.430397
9.926337
9.515479
9.270000
9.238551
9.375669
9.612363
9.879643
10.108519
10.230000
10.195419
10.037402
9.808901
9.562867
9.352250
9.230000
9.234127
9.342871
9.519532
9.727407
9.929797
10.090000
10.180481
10.210373
10.197972
10.161578
10.119488
10.090000
10.084689
10.088231
10.078580
10.033690
9.931512
9.750000
9.476273
9.134110
8.756456
8.376257
8.026456
7.740000
7.538831
7.400884
7.293094
7.182394
7.035718
6.820000
6.512525
6.131984
5.707418
5.267871
4.842384
4.460000
4.143292
3.888959
3.687233
3.528344
3.402523
3.300000
3.210465
3.121438
3.019899
2.892827
2.727201
2.510000
2.236562
1.935659
1.644422
1.399979
1.239462
1.200000
1.305230
1.524813
1.814915
2.131702
2.431342
2.670000
2.825155
2.959533
3.157169
3.502101
4.078366
4.970000
6.222435
7.726685
9.335159
10.900263
12.274407
13.310000
13.901631
14.112614
14.048447
13.814624
13.516644
13.260000
13.122940
13.074710
13.057304
13.012721
12.882954
12.610000
12.154433
11.551140
10.853586
10.115234
9.389551
8.730000
8.177105
7.719619
7.333353
6.994121
6.677732
6.360000
6.027518
5.710015
5.448001
5.281986
5.252482
5.400000
5.749535
6.264025
6.890894
7.577564
8.271458
8.920000
9.480175
9.947218
10.325924
10.621093
10.837519
10.980000
11.054950
11.075253
11.055408
11.009918
10.953281
10.900000
10.860163
10.826216
10.786192
10.728125
10.640050
10.510000
10.329721
10.105810
9.848574
9.568322
9.275361
8.980000
8.689748
8.400915
8.107012
7.801552
7.478044
7.130000
6.752399
6.346086
5.913377
5.456583
4.978020
4.480000
3.968389
3.463258
2.988231
2.566930
2.222979
1.980000
1.854971
1.838288
1.913700
2.064956
2.275806
2.530000
2.810383
3.096181
3.365719
3.597320
3.769306
3.860000
3.855582
3.773653
3.639673
3.479098
3.317388
3.180000
3.087151
3.038094
3.026839
3.047398
3.093781
3.160000
3.242063
3.343970
3.471720
3.631309
3.828737
4.070000
4.355708
4.664914
4.971282
5.248476
5.470161
5.610000
5.653161
5.630819
5.585653
5.560343
5.597565
5.740000
6.015029
6.388847
6.812355
7.236450
7.612032
7.890000
8.035243
8.068607
8.024928
7.939044
7.845789
7.780000
7.767657
7.799318
7.856682
7.921449
7.975322
8.000000
7.981211
7.920789
7.824595
7.698492
7.548340
7.380000
7.199444
7.013083
6.827438
6.649028
6.484375
6.340000
6.220503
6.122804
6.041905
5.972804
5.910502
5.850000
5.787525
5.724218
5.662444
5.604572
5.552968
5.510000
5.479349
5.469954
5.492069
5.555946
5.671838
5.850000
6.091374
6.359669
6.609281
6.794608
6.870049
6.790000
6.526635
6.123223
5.640809
5.140437
4.683153
4.330000
4.125930
4.051515
4.071235
4.149570
4.250998
4.340000
4.387888
4.393311
4.361751
4.298691
4.209613
4.100000
3.975065
3.838945
3.695510
3.548628
3.402169
3.260000
3.127363
3.014983
2.934959
2.899389
2.920370
3.010000
3.169975
3.360382
3.530904
3.631225
3.611029
3.420000
3.032736
2.523489
1.991425
1.535712
1.255515
1.250000
1.584221
2.186774
2.952145
3.774816
4.549274
5.170000
5.557558
5.736822
5.758746
5.674281
5.534382
5.390000
5.283047
5.219270
5.195372
5.208058
5.254032
5.330000
5.432614
5.558321
5.703517
5.864599
6.037961
6.220000
6.405572
6.583373
6.740560
6.864289
6.941717
6.960000
6.914821
6.835966
6.761745
6.730469
6.780450
6.950000
7.262319
7.680172
8.151212
8.623094
9.043472
9.360000
9.532337
9.568161
9.487156
9.309005
9.053392
8.740000
8.388889
8.021628
7.660163
7.326439
7.042403
6.830000
6.703403
6.645697
6.632192
6.638200
6.639032
6.610000
6.534720
6.430029
6.321069
6.232983
6.190912
6.220000
6.340866
6.556040
6.863532
7.261350
7.747503
8.320000
8.960660
9.586552
10.098553
10.397542
10.384398
9.960000
9.068252
7.825161
6.389758
4.921075
3.578146
2.520000
1.869016
1.600954
1.654916
1.970008
2.485335
3.140000
3.876470
4.650655
5.421828
6.149262
6.792228
7.310000
7.675290
7.914576
8.067772
8.174797
8.275568
8.410000
8.608387
8.862524
9.154583
9.466734
9.781150
10.080000
10.344726
10.553846
10.685146
10.716414
10.625436
10.390000
10.000394
9.496908
8.932334
8.359463
7.831088
7.400000
7.107310
6.947412
6.903019
6.956844
7.091600
7.290000
7.530041
7.770851
7.966840
8.072421
8.042004
7.830000
7.411276
6.842518
6.200869
5.563472
5.007468
4.610000
4.422819
4.396114
4.454682
4.523321
4.526827
4.390000
4.061151
3.582656
3.020403
2.440283
1.908185
1.490000
1.234196
1.119560
1.107456
1.159252
1.236311
1.300000
1.322620
1.320217
1.319772
1.348266
1.432682
1.600000
1.868287
2.219943
2.628457
3.067314
3.509999
3.930000
4.303817
4.620009
4.870150
5.045813
5.138572
5.140000
5.048066
4.886316
4.684693
4.473138
4.281593
4.140000
4.071235
4.069913
4.123580
4.219784
4.346075
4.490000
4.639632
4.785145
4.917239
5.026613
5.103967
5.140000
5.132598
5.108396
5.101214
5.144873
5.273195
5.520000
5.902984
6.375345
6.874155
7.336486
7.699410
7.900000
7.898890
7.750963
7.534666
7.328442
7.210738
7.260000
7.528678
7.965246
8.492182
9.031968
9.507080
9.840000
9.974963
9.943239
9.797855
9.591835
9.378208
9.210000
9.126376
9.111056
9.133899
9.164765
9.173512
9.130000
9.011571
8.825501
8.586549
8.309476
8.009039
7.700000
7.395165
7.099534
6.816154
6.548074
6.298340
6.070000
5.863602
5.669697
5.476333
5.271562
5.043435
4.780000
4.474778
4.143161
3.806013
3.484195
3.198570
2.970000
2.813583
2.721362
2.679615
2.674620
2.692656
2.720000
2.744361
2.759168
2.759277
2.739546
2.694835
2.620000
2.513833
2.390856
2.269528
2.168305
2.105643
2.100000
2.163040
2.279258
2.426360
2.582048
2.724027
2.830000
2.886185
2.912851
2.938782
2.992762
3.103573
3.300000
3.593379
3.925264
4.219761
4.400978
4.393022
4.120000
3.540993
2.754982
1.895923
1.097769
0.494476
0.220000
0.366074
0.855547
1.569048
2.387205
3.190647
3.860000
4.305359
4.554680
4.665384
4.694891
4.700623
4.740000
4.857118
5.042769
5.274417
5.529528
5.785567
6.020000
6.214408
6.366837
6.479449
6.554406
6.593869
6.600000
6.576731
6.535068
6.487787
6.447665
6.427477
6.440000
6.490891
6.557337
6.609403
6.617158
6.550668
6.380000
6.089935
5.724104
5.340850
4.998519
4.755454
4.670000
4.782286
5.059582
5.450946
5.905433
6.372099
6.800000
7.148283
7.416456
7.614116
7.750861
7.836290
7.880000
7.893424
7.895336
7.906341
7.947049
8.038066
8.200000
8.443714
8.741091
9.054269
9.345388
9.576585
9.710000
9.719035
9.622154
9.449082
9.229548
8.993278
8.770000
8.581904
8.421036
8.271902
8.119013
7.946876
7.740000
7.487700
7.198519
6.885808
6.562918
6.243198
5.940000
5.667436
5.442666
5.283615
5.208204
5.234358
5.380000
5.654780
6.035261
6.489733
6.986487
7.493813
7.980000
8.416083
8.784067
9.068702
9.254736
9.326919
9.270000
9.075981
8.765878
8.367959
7.910494
7.421752
6.930000
6.463928
6.053902
5.730710
5.525138
5.467972
5.590000
5.907428
6.378142
6.945449
7.552657
8.143072
8.660000
9.056084
9.321308
9.454992
9.456456
9.325018
9.060000
8.669394
8.195885
7.690832
7.205595
6.791531
6.500000
6.364814
6.349598
6.400430
6.463388
6.484552
6.410000
6.204360
5.906466
5.573699
5.263444
5.033083
4.940000
5.020384
5.225651
5.486023
5.731724
5.892975
5.900000
5.708734
5.377968
4.992208
4.635956
4.393719
4.350000
4.563245
4.987661
5.551396
6.182599
6.809418
7.360000
7.775416
8.048425
8.184707
8.189943
8.069814
7.830000
7.481710
7.058268
6.598524
6.141331
5.725539
5.390000
5.164316
5.041095
5.003695
5.035474
5.119789
5.240000
5.380561
5.530314
5.679196
5.817145
5.934101
6.020000
6.068625
6.089132
6.094522
6.097797
6.111956
6.150000
6.221699
6.323899
6.450215
6.594260
6.749650
6.910000
7.070134
7.229715
7.389619
7.550718
7.713887
7.880000
8.048600
8.213907
8.368811
8.506201
8.618968
8.700000
8.743800
8.751324
8.725138
8.667810
8.581908
8.470000
8.337264
8.199317
8.074389
7.980708
7.936502
7.960000
8.060988
8.215483
8.391057
8.555286
8.675742
8.720000
8.667580
8.545789
8.393882
8.251112
8.156734
8.150000
8.255173
8.436545
8.643414
8.825080
8.930842
8.910000
8.726450
8.402476
7.974962
7.480790
6.956842
6.440000
5.957824
5.500587
5.049236
4.584722
4.087994
3.540000
2.934845
2.319250
1.753092
1.296247
1.008591
0.950000
1.157518
1.576856
2.130895
2.742512
3.334587
3.830000
4.170917
4.376657
4.485829
4.537038
4.568893
4.620000
4.719925
4.862069
5.030790
5.210446
5.385397
5.540000
5.661326
5.747287
5.798511
5.815621
5.799242
5.750000
5.670930
5.574707
5.476417
5.391145
5.333978
5.320000
5.355974
5.415367
5.463322
5.464984
5.385495
5.190000
4.855267
4.404567
3.872794
3.294845
2.705615
2.140000
1.630180
1.197478
0.860502
0.637858
0.548155
0.610000
0.830123
1.167743
1.570200
1.984834
2.358988
2.640000
2.787151
2.807476
2.719950
2.543545
2.297237
2.000000
1.672754
1.344204
1.045002
0.805799
0.657248
0.630000
0.743918
0.975709
1.291294
1.656591
2.037520
2.400000
2.716622
2.986663
3.216072
3.410799
3.576792
3.720000
3.844086
3.943565
4.010666
4.037620
4.016655
3.940000
3.807036
3.645745
3.491262
3.378721
3.343256
3.420000
3.629392
3.933084
4.278035
4.611199
4.879535
5.030000
5.025026
4.888954
4.661600
4.382778
4.092306
3.830000
3.624669
3.461098
3.313067
3.154354
2.958739
2.700000
2.363705
1.982578
1.601132
1.263878
1.015330
0.900000
0.949538
1.144144
1.451156
1.837911
2.271746
2.720000
3.153467
3.556771
3.917995
4.225220
4.466527
4.630000
4.708493
4.713957
4.663115
4.572693
4.459413
4.340000
4.232283
4.158513
4.142044
4.206232
4.374432
4.670000
5.106262
5.656436
6.283708
6.951267
7.622302
8.260000
8.832667
9.329078
9.743125
10.068699
10.299694
10.430000
10.457236
10.393919
10.256293
10.060602
9.823090
9.560000
9.288576
9.030062
8.806703
8.640744
8.554428
8.570000
8.696424
8.889536
9.091894
9.246053
9.294569
9.180000
8.869295
8.426979
7.941972
7.503194
7.199563
7.120000
7.322879
7.744400
8.290218
8.865987
9.377362
9.730000
9.857661
9.806532
9.650908
9.465082
9.323348
9.300000
9.446154
9.720213
10.057402
10.392946
10.662070
10.800000
10.762214
10.585209
10.325735
10.040542
9.786380
9.620000
9.583832
9.663025
9.828408
10.050813
10.301067
10.550000
10.775006
10.979730
11.174381
11.369171
11.574307
11.800000
12.048553
12.290650
12.489066
12.606578
12.605964
12.450000
12.118373
11.658412
11.134355
10.610442
10.150911
9.820000
9.661148
9.634591
9.679762
9.736098
9.743032
9.640000
9.384071
9.002855
8.541595
8.045537
7.559924
7.130000
6.790160
6.531398
6.333857
6.177681
6.043014
5.910000
5.761909
5.594517
5.406727
5.197443
4.965566
4.710000
4.433501
4.154238
3.894234
3.675511
3.520093
3.450000
3.479689
3.593345
3.767586
3.979030
4.204296
4.420000
4.608900
4.778308
4.941671
5.112442
5.304068
5.530000
5.797950
6.092684
6.393228
6.678610
6.927859
7.120000
7.237538
7.276882
7.237916
7.120524
6.924590
6.650000
6.303516
5.919416
5.538858
5.202998
4.952993
4.830000
4.863028
5.032490
5.306652
5.653781
6.042142
6.440000
6.818818
7.162847
7.459532
7.696322
7.860662
7.940000
7.927764
7.841309
7.703969
7.539081
7.369979
7.220000
7.106329
7.021548
6.952092
6.884393
6.804885
6.700000
6.561644
6.403610
6.245163
6.105569
6.004093
5.960000
5.984133
6.053642
6.137255
6.203701
6.221707
6.160000
5.998723
5.763674
5.492065
5.221108
4.988016
4.830000
4.772780
4.796106
4.868234
4.957421
5.031924
5.060000
5.016869
4.905605
4.736248
4.518836
4.263407
3.980000
3.679282
3.374436
3.079274
2.807606
2.573244
2.390000
2.266280
2.188872
2.139157
2.098518
2.048339
1.970000
1.851061
1.703781
1.546599
1.397950
1.276272
1.200000
1.185728
1.242670
1.378198
1.599681
1.914492
2.330000
2.843806
3.414427
3.990611
4.521103
4.954650
5.240000
5.344326
5.308509
5.191859
5.053685
4.953296
4.950000
5.087132
5.344129
5.684452
6.071563
6.468925
6.840000
7.155387
7.414236
7.622834
7.787469
7.914429
8.010000
8.077200
8.105965
8.082962
7.994856
7.828313
7.570000
7.216183
6.801532
6.370318
5.966811
5.635281
5.420000
5.346123
5.362351
5.398267
5.383457
5.247506
4.920000
4.363536
3.672769
2.975365
2.398991
2.071313
2.120000
2.625564
3.479907
4.527774
5.613914
6.583074
7.280000
7.593790
7.590938
7.382289
7.078686
6.790975
6.630000
6.677193
6.896342
7.221822
7.588008
7.929275
8.180000
8.291372
8.281842
8.186675
8.041136
7.880489
7.740000
7.646947
7.596659
7.576478
7.573747
7.575806
7.570000
7.548664
7.524115
7.513663
7.534619
7.604295
7.740000
7.950156
8.207623
8.476371
8.720370
8.903589
8.990000
8.957841
8.842430
8.693354
8.560199
8.492552
8.540000
8.732923
9.024878
9.350213
9.643278
9.838424
9.870000
9.695883
9.368059
8.962045
8.553354
8.217500
8.030000
8.041185
8.200663
8.432858
8.662196
8.813102
8.810000
8.601321
8.231511
7.769022
7.282307
6.839815
6.510000
6.339689
6.289219
6.297303
6.302652
6.243980
6.060000
5.711264
5.245686
4.733017
4.243012
3.845422
3.610000
3.583309
3.719149
3.948129
4.200857
4.407945
4.500000
4.427027
4.216608
3.915719
3.571337
3.230438
2.940000
2.733259
2.588495
2.470247
2.343056
2.171460
1.920000
1.568918
1.161264
0.755792
0.411256
0.186407
0.140000
0.315051
0.691634
1.234083
1.906737
2.673930
3.500000
4.347404
5.171090
5.924124
6.559575
7.030511
7.290000
7.308433
7.125489
6.798171
6.383482
5.938424
5.520000
5.170207
4.871028
4.589441
4.292421
3.946949
3.520000
2.999395
2.456323
1.982816
1.670906
1.612623
1.900000
2.588786
3.589604
4.776794
6.024696
7.207651
8.200000
8.899673
9.298965
9.413759
9.259940
8.853392
8.210000
7.359882
6.390092
5.401920
4.496655
3.775585
3.340000
3.259735
3.478815
3.909811
4.465292
5.057832
5.600000
6.025066
6.349092
6.608838
6.841064
7.082532
7.370000
7.735973
8.195929
8.761088
9.442672
10.251902
11.200000
12.277986
13.396082
14.444310
15.312692
15.891248
16.070000
15.784999
15.156408
14.350421
13.533228
12.871024
12.530000
12.624842
13.064210
13.705257
14.405135
15.020999
15.410000
15.470355
15.264529
14.896052
14.468452
14.085258
13.850000
13.840360
14.030637
14.369287
14.804761
15.285514
15.760000
16.187928
16.574032
16.934302
17.284727
17.641296
18.020000
18.428251
18.839159
19.217255
19.527072
19.733143
19.800000
19.701104
19.445629
19.051678
18.537354
17.920761
17.220000
16.453353
15.639808
14.798534
13.948696
13.109463
12.300000
11.539050
10.843656
10.230436
9.716008
9.316990
9.050000
8.924428
8.920752
9.012221
9.172086
9.373595
9.590000
9.797775
9.986300
10.148180
10.276020
10.362425
10.400000
10.382619
10.309232
10.180058
9.995316
9.755223
9.460000
9.110313
8.708622
8.257836
7.760865
7.220617
6.640000
6.025204
5.395539
4.773596
4.181965
3.643236
3.180000
2.809148
2.524776
2.315279
2.169053
2.074495
2.020000
1.994684
1.990542
2.000288
2.016637
2.032303
2.040000
2.034615
2.019723
2.001069
1.984400
1.975461
1.980000
2.001901
2.037604
2.081687
2.128728
2.173306
2.210000
2.238429
2.278381
2.354685
2.492170
2.715665
3.050000
3.504290
4.024799
4.542075
4.986667
5.289126
5.380000
5.214733
4.848349
4.360766
3.831901
3.341673
2.970000
2.776776
2.741804
2.824861
2.985727
3.184181
3.380000
3.540662
3.664436
3.757289
3.825190
3.874104
3.910000
3.941363
3.986749
4.067231
4.203885
4.417783
4.730000
5.147452
5.620422
6.085036
6.477420
6.733699
6.790000
6.607349
6.246380
5.792626
5.331622
4.948902
4.730000
4.733198
4.907763
5.175711
5.459057
5.679815
5.760000
5.644489
5.369604
4.994529
4.578448
4.180543
3.860000
3.659031
3.551968
3.496172
3.449005
3.367827
3.210000
2.947396
2.609931
2.242032
1.888126
1.592639
1.400000
1.343098
1.408679
1.571951
1.808122
2.092403
2.400000
2.706415
2.988317
3.222666
3.386422
3.456547
3.410000
3.234898
2.963978
2.641135
2.310262
2.015253
1.800000
1.699965
1.716880
1.844042
2.074751
2.402304
2.820000
3.312787
3.832205
4.321446
4.723698
4.982153
5.040000
4.864073
4.515781
4.080175
3.642308
3.287232
3.100000
3.138514
3.352080
3.662855
3.992996
4.264658
4.400000
4.345992
4.148862
3.879655
3.609414
3.409181
3.350000
3.478167
3.740989
4.061024
4.360832
4.562971
4.590000
4.393052
4.037552
3.617499
3.226890
2.959724
2.910000
3.138281
3.571395
4.102731
4.625683
5.033642
5.220000
5.112341
4.775018
4.306577
3.805563
3.370522
3.100000
3.064624
3.223349
3.507212
3.847251
4.174501
4.420000
4.534163
4.544919
4.499574
4.445434
4.429808
4.500000
4.687334
4.959198
5.266993
5.562123
5.795991
5.920000
5.901129
5.768661
5.567454
5.342370
5.138265
5.000000
4.962410
5.020234
5.158189
5.360991
5.613356
5.900000
6.207103
6.526700
6.852289
7.177370
7.495441
7.800000
8.082975
8.330004
8.525154
8.652492
8.696085
8.640000
8.476970
8.234396
7.948345
7.654884
7.390080
7.190000
7.082154
7.059819
7.107716
7.210565
7.353086
7.520000
7.698443
7.885217
8.079542
8.280634
8.487714
8.700000
8.914815
9.121904
9.309117
9.464305
9.575315
9.630000
9.621371
9.563092
9.473988
9.372888
9.278616
9.210000
9.180211
9.179804
9.193679
9.206736
9.203877
9.170000
9.095378
8.991767
8.876296
8.766093
8.678285
8.630000
8.632073
8.670164
8.723636
8.771856
8.794189
8.770000
8.682810
8.532764
8.324160
8.061298
7.748478
7.390000
6.993445
6.579522
6.172225
5.795544
5.473472
5.230000
5.083642
5.030999
5.063191
5.171341
5.346570
5.580000
5.860828
6.170556
6.488760
6.795017
7.068905
7.290000
7.444248
7.543074
7.604269
7.645626
7.684939
7.740000
7.822502
7.919742
8.012915
8.083218
8.111848
8.080000
7.977501
7.828699
7.666571
7.524093
7.434244
7.430000
7.531613
7.708425
7.917053
8.114114
8.256224
8.300000
8.218178
8.047973
7.842718
7.655749
7.540398
7.550000
7.718545
8.002647
8.339574
8.666595
8.920981
9.040000
8.980836
8.780330
8.495237
8.182314
7.898317
7.700000
7.628899
7.665665
7.775728
7.924518
8.077465
8.200000
8.263383
8.262196
8.196852
8.067763
7.875341
7.620000
7.306505
6.957033
6.598115
6.256284
5.958068
5.730000
5.589303
5.515970
5.480687
5.454140
5.407016
5.310000
5.146100
4.947608
4.759138
4.625304
4.590720
4.700000
4.979910
5.385823
5.855263
6.325756
6.734827
7.020000
7.137085
7.115028
7.001060
6.842412
6.686315
6.580000
6.561843
6.634806
6.792996
7.030520
7.341486
7.720000
8.155635
8.619821
9.079455
9.501432
9.852649
10.100000
10.221220
10.237391
10.180433
10.082269
9.974818
9.890000
9.852218
9.855802
9.887561
9.934307
9.982849
10.020000
10.034629
10.023846
9.986822
9.922727
9.830729
9.710000
9.557599
9.362146
9.110150
8.788120
8.382567
7.880000
7.275762
6.600534
5.893829
5.195163
4.544048
3.980000
3.530602
3.175718
2.883283
2.621228
2.357490
2.060000
1.709376
1.336963
0.986790
0.702887
0.529280
0.510000
0.672867
0.980874
1.380806
1.819448
2.243584
2.600000
2.848738
3.002873
3.088735
3.132656
3.160967
3.200000
3.269911
3.366153
3.478004
3.594744
3.705650
3.800000
3.867360
3.898443
3.884248
3.815776
3.684027
3.480000
3.204770
2.899707
2.616254
2.405856
2.319957
2.410000
2.705735
3.150137
3.664484
4.170058
4.588136
4.840000
4.869927
4.714190
4.432058
4.082802
3.725693
3.420000
3.208398
3.067178
2.956034
2.834660
2.662751
2.400000
2.025183
1.593393
1.178806
0.855595
0.697935
0.780000
1.149389
1.747398
2.488744
3.288147
4.060326
4.720000
5.202492
5.525535
5.727470
5.846633
5.921364
5.990000
6.081432
6.186757
6.287627
6.365690
6.402598
6.380000
6.288541
6.154843
6.014524
5.903199
5.856485
5.910000
6.087645
6.366462
6.711779
7.088923
7.463221
7.800000
8.075092
8.306344
8.522110
8.750739
9.020585
9.360000
9.783284
10.248530
10.699782
11.081083
11.336475
11.410000
11.264552
10.938424
10.488761
9.972706
9.447404
8.970000
8.581611
8.259256
7.963925
7.656611
7.298305
6.850000
6.286827
5.640479
4.956789
4.281590
3.660716
3.140000
2.759739
2.538089
2.487670
2.621102
2.951005
3.490000
4.239495
5.156054
6.185032
7.271779
8.361651
9.400000
10.341170
11.175471
11.902204
12.520669
13.030167
13.430000
13.720593
13.906876
13.994903
13.990730
13.900411
13.730000
13.494096
13.241469
13.029433
12.915300
12.956385
13.210000
13.710661
14.401691
15.203615
16.036958
16.822245
17.480000
17.948537
18.237321
18.373605
18.384644
18.297691
18.140000
17.938942
17.722359
17.518213
17.354464
17.259073
17.260000
17.367271
17.519169
17.636042
17.638240
17.446109
16.980000
16.190541
15.149485
13.958869
12.720726
11.537091
10.510000
9.714178
9.115112
8.650983
8.259969
7.880248
7.450000
6.932239
6.389324
5.908449
5.576807
5.481593
5.710000
6.313254
7.198701
8.237722
9.301692
10.261992
10.990000
11.391783
11.512166
11.430665
11.226794
10.980067
10.770000
10.658272
10.635226
10.673368
10.745207
10.823248
10.880000
10.894711
10.873596
10.829611
10.775713
10.724857
10.690000
10.676495
10.659279
10.605687
10.483054
10.258713
9.900000
9.391764
8.788917
8.163889
7.589108
7.137002
6.880000
6.864923
7.036163
7.312505
7.612735
7.855639
7.960000
7.865583
7.596062
7.196090
6.710320
6.183406
5.660000
5.178765
4.754406
4.395635
4.111168
3.909719
3.800000
3.783986
3.836686
3.926369
4.021303
4.089757
4.100000
4.029736
3.894406
3.718891
3.528066
3.346810
3.200000
3.108183
3.074577
3.098069
3.177546
3.311894
3.500000
3.736653
4.000247
4.265082
4.505454
4.695661
4.810000
4.829697
4.763692
4.627852
4.438045
4.210138
3.960000
3.702753
3.450540
3.214759
3.006810
2.838091
2.720000
2.660126
2.650816
2.680611
2.738047
2.811664
2.890000
2.964754
3.040269
3.124047
3.223593
3.346410
3.500000
3.689145
3.907738
4.146950
4.397950
4.651910
4.900000
5.137693
5.377667
5.636904
5.932385
6.281090
6.700000
7.200917
7.774926
8.407933
9.085844
9.794564
10.520000
11.243917
11.931517
12.543863
13.042018
13.387042
13.540000
13.477490
13.238265
12.876614
12.446826
12.003192
11.600000
11.280844
11.046533
10.887181
10.792899
10.753801
10.760000
10.802559
10.876342
10.977164
11.100838
11.243178
11.400000
11.565818
11.729949
11.880414
12.005232
12.092421
12.130000
12.112041
12.056824
11.988679
11.931939
11.910936
11.950000
12.068888
12.269053
12.547370
12.900716
13.325967
13.820000
14.371526
14.936595
15.463092
15.898902
16.191909
16.290000
16.158990
15.836420
15.377763
14.838492
14.274080
13.740000
13.278766
12.881060
12.524607
12.187130
11.846353
11.480000
11.071873
10.630080
10.168810
9.702249
9.244583
8.810000
8.413234
8.071211
7.801402
7.621283
7.548324
7.600000
7.788154
8.102114
8.525580
9.042250
9.635824
10.290000
10.983779
11.677369
12.326277
12.886012
13.312084
13.560000
13.590016
13.381374
12.918062
12.184070
11.163387
9.840000
8.227268
6.456025
4.686474
3.078818
1.793259
0.990000
0.777577
1.057858
1.681041
2.497326
3.356912
4.110000
4.637422
4.942543
5.059363
5.021880
4.864092
4.620000
4.320837
3.986785
3.635259
3.283675
2.949450
2.650000
2.407006
2.259206
2.249603
2.421199
2.816997
3.480000
4.428175
5.579353
6.826329
8.061898
9.178857
10.070000
10.655895
10.968197
11.066332
11.009726
10.857807
10.670000
10.500883
10.385638
10.354595
10.438086
10.666444
11.070000
11.660294
12.373697
13.127789
13.840151
14.428361
14.810000
14.928914
14.834020
14.600498
14.303533
14.018306
13.820000
13.759605
13.791336
13.845218
13.851274
13.739527
13.440000
12.909751
12.213970
11.444880
10.694706
10.055671
9.620000
9.452271
9.506489
9.709012
9.986198
10.264408
10.470000
10.546904
10.509334
10.389074
10.217908
10.027622
9.850000
9.709789
9.603584
9.520944
9.451428
9.384594
9.310000
9.217784
9.100405
8.950899
8.762305
8.527659
8.240000
7.893009
7.482945
7.006710
6.461205
5.843335
5.150000
4.392216
3.637445
2.967263
2.463244
2.206965
2.280000
2.728406
3.456164
4.331740
5.223595
6.000194
6.530000
6.723189
6.656786
6.449528
6.220153
6.087398
6.170000
6.546755
7.136691
7.818897
8.472458
8.976464
9.210000
9.092153
8.702005
8.158635
7.581124
7.088552
6.800000
6.797596
7.015660
7.351564
7.702675
7.966364
8.040000
7.852881
7.462021
6.956360
6.424842
5.956408
5.640000
5.538565
5.611072
5.790495
6.009808
6.201985
6.300000
6.256377
6.101840
5.886660
5.661112
5.475467
5.380000
5.411991
5.556755
5.786615
6.073894
6.390915
6.710000
7.007186
7.273362
7.503130
7.691091
7.831847
7.920000
7.953615
7.944610
7.908366
7.860262
7.815680
7.790000
7.791037
7.796344
7.775908
7.699714
7.537749
7.260000
6.851124
6.354456
5.828004
5.329773
4.917769
4.650000
4.563912
4.614719
4.737077
4.865640
4.935062
4.880000
4.659292
4.328518
3.967438
3.655817
3.473417
3.500000
3.786094
4.265284
4.841919
5.420351
5.904928
6.200000
6.240314
6.082199
5.812384
5.517594
5.284557
5.200000
5.325013
5.618141
6.012294
6.440383
6.835315
7.130000
7.276673
7.304866
7.263438
7.201246
7.167147
7.210000
7.365147
7.613875
7.923953
8.263153
8.599245
8.900000
9.140006
9.321115
9.451999
9.541328
9.597772
9.630000
9.644969
9.642775
9.621799
9.580424
9.517030
9.430000
9.318452
9.184452
9.030804
8.860310
8.675774
8.480000
8.275390
8.062751
7.842486
7.615003
7.380706
7.140000
6.892487
6.634545
6.361751
6.069679
5.753904
5.410000
5.039895
4.670920
4.336759
4.071096
3.907615
3.880000
4.011685
4.285109
4.672463
5.145936
5.677718
6.240000
6.807301
7.363459
7.894640
8.387013
8.826744
9.200000
9.495686
9.713649
9.856477
9.926754
9.927067
9.860000
9.731068
9.557500
9.359452
9.157081
8.970545
8.820000
8.722681
8.684129
8.706966
8.793810
8.947282
9.170000
9.461867
9.811908
10.206434
10.631752
11.074171
11.520000
11.953001
12.346755
12.672297
12.900662
13.002885
12.950000
12.726083
12.367367
11.923127
11.442636
10.975169
10.570000
10.266511
10.064518
9.953947
9.924720
9.966763
10.070000
10.221993
10.400856
10.582337
10.742188
10.856159
10.900000
10.854821
10.723169
10.512954
10.232082
9.888462
9.490000
9.047011
8.579429
8.109596
7.659853
7.252541
6.910000
6.649683
6.469484
6.362410
6.321467
6.339662
6.410000
6.525879
6.682265
6.874513
7.097981
7.348024
7.620000
7.908235
8.202937
8.493286
8.768460
9.017639
9.230000
9.398959
9.534875
9.652342
9.765955
9.890310
10.040000
10.227132
10.453859
10.719845
11.024755
11.368252
11.750000
12.165012
12.589688
12.995776
13.355025
13.639184
13.820000
13.878793
13.835168
13.718300
13.557366
13.381540
13.220000
13.094816
12.999641
12.921023
12.845512
12.759654
12.650000
12.505462
12.324418
12.107607
11.855773
11.569657
11.250000
10.900881
10.539726
10.187297
9.864358
9.591672
9.390000
9.271291
9.212235
9.180703
9.144571
9.071712
8.930000
8.696963
8.388743
8.031140
7.649950
7.270971
6.920000
6.618358
6.369458
6.172237
6.025629
5.928571
5.880000
5.879049
5.925645
6.019913
6.161979
6.351966
6.590000
6.873085
7.185739
7.509360
7.825345
8.115093
8.360000
8.547918
8.692511
8.813897
8.932195
9.067524
9.240000
9.461865
9.713848
9.968802
10.199577
10.379026
10.480000
10.486474
10.426911
10.340896
10.268016
10.247855
10.320000
10.511082
10.795915
11.136363
11.494285
11.831544
12.110000
12.301653
12.419057
12.484902
12.521880
12.552682
12.600000
12.675870
12.749709
12.780279
12.726343
12.546663
12.200000
11.667182
11.017292
10.341480
9.730895
9.276685
9.070000
9.169709
9.505567
9.975049
10.475632
10.904790
11.160000
11.169769
10.986736
10.694572
10.376948
10.117533
10.000000
10.079964
10.300821
10.577912
10.826578
10.962160
10.900000
10.585931
10.087759
9.503781
8.932297
8.471604
8.220000
8.245942
8.498515
8.896964
9.360532
9.808463
10.160000
10.353774
10.405958
10.352113
10.227799
10.068574
9.910000
9.780768
9.682095
9.608333
9.553830
9.512935
9.480000
9.451164
9.429734
9.420806
9.429476
9.460842
9.520000
9.608371
9.712673
9.815945
9.901230
9.951568
9.950000
9.885490
9.770687
9.624164
9.464494
9.310249
9.180000
9.084069
8.999765
8.896148
8.742275
8.507207
8.160000
7.685968
7.135439
6.574995
6.071219
5.690693
5.500000
5.544930
5.788110
6.171373
6.636552
7.125484
7.580000
7.953477
8.245455
8.467015
8.629238
8.743206
8.820000
8.870791
8.907108
8.940569
8.982793
9.045397
9.140000
9.269794
9.404261
9.504459
9.531444
9.446272
9.210000
8.798923
8.250292
7.616595
6.950321
6.303960
5.730000
5.268866
4.912720
4.641663
4.435791
4.275204
4.140000
4.013670
3.893271
3.779255
3.672070
3.572169
3.480000
3.395252
3.314566
3.233819
3.148890
3.055658
2.950000
2.832590
2.723280
2.646719
2.627553
2.690431
2.860000
3.148462
3.518239
3.919306
4.301638
4.615211
4.810000
4.851431
4.766725
4.598557
4.389599
4.182522
4.020000
3.932575
3.902266
3.898965
3.892560
3.852942
3.750000
3.562206
3.302358
2.991835
2.652014
2.304276
1.970000
1.671979
1.438671
1.299947
1.285679
1.425740
1.750000
2.276913
2.979253
3.818377
4.755639
5.752395
6.770000
7.772498
8.734685
9.634045
10.448061
11.154218
11.730000
12.165039
12.497561
12.777943
13.056560
13.383787
13.810000
14.366514
15.008404
15.671684
16.292367
16.806467
17.150000
17.281173
17.246970
17.116573
16.959159
16.843908
16.840000
16.996805
17.284455
17.653276
18.053591
18.435724
18.750000
18.958368
19.069282
19.102822
19.079069
19.018101
18.940000
18.864168
18.807305
18.785434
18.814578
18.910759
19.090000
19.358385
19.682237
20.017941
20.321880
20.550438
20.660000
20.622292
20.470413
20.252804
20.017904
19.814156
19.690000
19.679436
19.758703
19.889595
20.033911
20.153447
20.210000
20.178203
20.084036
19.966315
19.863858
19.815481
19.860000
20.019326
20.247747
20.482643
20.661396
20.721388
20.600000
20.257641
19.746830
19.143113
18.522038
17.959152
17.530000
17.284463
17.169750
17.107404
17.018969
16.825987
16.450000
15.836406
15.026022
14.083519
13.073567
12.060837
11.110000
10.274958
9.566531
8.984770
8.529727
8.201454
8.000000
7.918439
7.921929
7.968651
8.016783
8.024506
7.950000
7.767629
7.516493
7.251878
7.029067
6.903346
6.930000
7.138314
7.453580
7.775089
8.002134
8.034007
7.770000
7.151753
6.290298
5.339016
4.451285
3.780486
3.480000
3.659951
4.257449
5.166348
6.280504
7.493769
8.700000
9.807979
10.786201
11.618090
12.287071
12.776566
13.070000
13.164291
13.110339
12.972540
12.815287
12.702975
12.700000
12.853931
13.145034
13.536751
13.992523
14.475793
14.950000
15.386746
15.790266
16.172956
16.547212
16.925428
17.320000
17.733994
18.133161
18.473923
18.712702
18.805921
18.710000
18.394454
17.881164
17.205101
16.401238
15.504547
14.550000
13.570921
12.594036
11.644424
10.747162
9.927328
9.210000
8.607465
8.080840
7.578455
7.048635
6.439707
5.700000
4.803388
3.825936
2.869258
2.034967
1.424676
1.140000
1.247411
1.672825
2.307015
3.040758
3.764828
4.370000
4.773681
4.999803
5.098932
5.121631
5.118466
5.140000
5.223838
5.355740
5.508507
5.654939
5.767837
5.820000
5.800922
5.766866
5.790789
5.945648
6.304399
6.940000
7.889930
9.049760
10.279587
11.439506
12.389612
12.990000
13.147555
12.956316
12.557112
12.090772
11.698125
11.520000
11.656611
12.045718
12.584465
13.169997
13.699461
14.070000
14.206094
14.141555
13.937530
13.655165
13.355606
13.100000
12.932208
12.826952
12.741666
12.633789
12.460755
12.180000
11.769055
11.285824
10.808304
10.414495
10.182394
10.190000
10.486896
11.009013
11.663866
12.358971
13.001844
13.500000
13.785906
13.891827
13.874980
13.792583
13.701850
13.660000
13.705454
13.801457
13.892462
13.922920
13.837282
13.580000
13.117650
12.505307
11.820171
11.139441
10.540318
10.100000
9.872696
9.820647
9.883103
9.999314
10.108530
10.150000
10.077677
9.904326
9.657415
9.364412
9.052784
8.750000
8.477661
8.233900
8.010986
7.801187
7.596769
7.390000
7.178486
6.981184
6.822390
6.726397
6.717502
6.820000
7.044367
7.345807
7.665705
7.945446
8.126416
8.150000
7.979880
7.668922
7.292292
6.925152
6.642667
6.520000
6.606855
6.851096
7.175127
7.501352
7.752175
7.850000
7.742978
7.482248
7.144699
6.807216
6.546688
6.440000
6.539706
6.801021
7.154827
7.532005
7.863435
8.080000
8.131161
8.040703
7.850992
7.604394
7.343275
7.110000
6.936484
6.812834
6.718705
6.633752
6.537632
6.410000
6.238135
6.039814
5.840439
5.665411
5.540131
5.490000
5.530096
5.634205
5.765788
5.888307
5.965223
5.960000
5.847082
5.644847
5.382660
5.089881
4.795873
4.530000
4.314864
4.146036
4.012324
3.902541
3.805496
3.710000
3.610174
3.521381
3.464294
3.459586
3.527930
3.690000
3.952356
4.265107
4.564250
4.785783
4.865700
4.740000
4.373597
3.847080
3.269954
2.751728
2.401908
2.330000
2.615340
3.216575
4.062182
5.080638
6.200418
7.350000
8.462498
9.489584
10.387567
11.112758
11.621465
11.870000
11.837677
11.595830
11.238799
10.860924
10.556545
10.420000
10.520591
10.827467
11.284736
11.836508
12.426893
13.000000
13.511856
13.966155
14.378508
14.764526
15.139819
15.520000
15.914901
16.311247
16.689983
17.032057
17.318413
17.530000
17.654095
17.703302
17.696560
17.652804
17.590972
17.530000
17.482285
17.434063
17.365028
17.254876
17.083301
16.830000
16.485468
16.083409
15.668328
15.284730
14.977119
14.790000
14.749406
14.807484
14.897908
14.954353
14.910492
14.700000
14.280980
13.709245
13.065038
12.428600
11.880174
11.500000
11.338618
11.327756
11.369439
11.365690
11.218536
10.830000
10.140519
9.244174
8.273457
7.360860
6.638877
6.240000
6.261621
6.660734
7.359235
8.279016
9.341973
10.470000
11.593368
12.675852
13.689605
14.606779
15.399527
16.040000
16.507223
16.807710
16.954845
16.962015
16.842605
16.610000
16.277091
15.854791
15.353514
14.783679
14.155702
13.480000
12.769041
12.043498
11.326098
10.639565
10.006624
9.450000
8.986329
8.607882
8.300844
8.051396
7.845720
7.670000
7.518608
7.418675
7.405526
7.514482
7.780866
8.240000
8.904935
9.699638
10.525801
11.285120
11.879288
12.210000
12.211743
11.950181
11.523769
11.030964
10.570222
10.240000
10.113091
10.159639
10.324124
10.551025
10.784824
10.970000
11.065335
11.086818
11.064736
11.029380
11.011038
11.040000
11.133067
11.253090
11.349432
11.371456
11.268524
10.990000
10.505591
9.866377
9.143786
8.409243
7.734172
7.190000
6.834385
6.669919
6.685423
6.869723
7.211640
7.700000
8.310201
8.963948
9.569521
10.035201
10.269267
10.180000
9.713467
8.966881
8.075242
7.173549
6.396802
5.880000
5.715606
5.825934
6.090761
6.389863
6.603017
6.610000
6.329988
5.839753
5.255465
4.693297
4.269418
4.100000
4.269164
4.732833
5.414878
6.239172
7.129589
8.010000
8.815995
9.530028
10.146273
10.658902
11.062087
11.350000
11.519080
11.574832
11.525029
11.377441
11.139841
10.820000
10.425046
9.959531
9.427361
8.832445
8.178689
7.470000
6.714809
5.939636
5.175526
4.453520
3.804664
3.260000
2.841412
2.534146
2.314286
2.157918
2.041128
1.940000
1.839959
1.763780
1.743580
1.811473
1.999575
2.340000
2.851670
3.500733
4.240143
5.022855
5.801822
6.530000
7.167620
7.704028
8.135847
8.459700
8.672210
8.770000
8.754191
8.643894
8.462718
8.234271
7.982162
7.730000
7.499828
7.307431
7.167030
7.092844
7.099094
7.200000
7.399691
7.661936
7.940412
8.188796
8.360766
8.410000
8.303814
8.064084
7.726323
7.326046
6.898767
6.480000
6.097552
5.748396
5.421797
5.107022
4.793334
4.470000
4.133108
3.806036
3.518988
3.302165
3.185768
3.200000
3.364693
3.658199
4.048501
4.503580
4.991419
5.480000
5.947704
6.414500
6.910760
7.466850
8.113141
8.880000
9.780465
10.758244
11.739711
12.651242
13.419214
13.970000
14.246130
14.254747
14.019147
13.562624
12.908477
12.080000
11.108764
10.059434
9.004953
8.018260
7.172295
6.540000
6.175158
6.054922
6.137292
6.380263
6.741833
7.180000
7.654680
8.133468
8.585880
8.981429
9.289631
9.480000
9.533067
9.473426
9.336689
9.158465
8.974365
8.820000
8.722913
8.678381
8.673614
8.695822
8.732214
8.770000
8.797271
8.805641
8.787604
8.735655
8.642289
8.500000
8.311753
8.122389
7.987220
7.961558
8.100714
8.460000
9.076922
9.917766
10.931014
12.065149
13.268650
14.490000
15.688524
16.866918
18.038722
19.217477
20.416723
21.650000
22.912040
24.122342
25.181597
25.990498
26.449735
26.460000
25.961697
25.054086
23.876138
22.566826
21.265123
20.110000
19.203671
18.501314
17.921350
17.382196
16.802273
16.100000
15.219220
14.205471
13.129713
12.062908
11.076017
10.240000
9.608846
9.168653
8.888547
8.737652
8.685095
8.700000
8.754099
8.829545
8.911099
8.983519
9.031566
9.040000
9.002213
8.946130
8.908309
8.925308
9.033686
9.270000
9.656032
10.154455
10.713167
11.280063
11.803042
12.230000
12.527040
12.733087
12.905275
13.100735
13.376599
13.790000
14.374329
15.068012
15.785735
16.442183
16.952043
17.230000
17.214026
16.935237
16.448037
15.806829
15.066015
14.280000
13.491884
12.699559
11.889617
11.048650
10.163247
9.220000
8.216820
7.196897
6.214743
5.324868
4.581784
4.040000
3.735328
3.628778
3.662660
3.779285
3.920961
4.030000
4.072562
4.110212
4.228365
4.512437
5.047844
5.920000
7.170812
8.668151
10.236378
11.699854
12.882941
13.610000
13.757244
13.408294
12.698622
11.763700
10.739002
9.760000
8.941230
8.313489
7.886635
7.670529
7.675031
7.910000
8.370242
8.990344
9.689839
10.388258
11.005134
11.460000
11.693542
11.731060
11.619010
11.403847
11.132025
10.850000
10.596703
10.380972
10.204121
10.067466
9.972321
9.920000
9.904462
9.890238
9.834505
9.694437
9.427210
8.990000
8.364663
7.631779
6.896609
6.264416
5.840459
5.730000
5.998276
6.550424
7.251558
7.966789
8.561233
8.900000
8.890243
8.607265
8.168410
7.691019
7.292435
7.090000
7.170104
7.495329
7.997302
8.607653
9.258009
9.880000
10.419478
10.879196
11.276131
11.627258
11.949556
12.260000
12.567955
12.852331
13.084425
13.235537
13.276962
13.180000
12.929629
12.565556
12.141168
11.709854
11.325002
11.040000
10.891585
10.849892
10.868403
10.900603
10.899974
10.820000
10.631623
10.375618
10.110219
9.893661
9.784176
9.840000
10.093961
10.477266
10.895720
11.255125
11.461284
11.420000
11.069016
10.473835
9.731900
8.940654
8.197540
7.600000
7.232151
7.124800
7.295428
7.761517
8.540548
9.650000
11.084974
12.751039
14.531386
16.309202
17.967677
19.390000
20.484251
21.258080
21.744028
21.974636
21.982447
21.800000
21.463948
21.027381
20.547502
20.081511
19.686610
19.420000
19.322874
19.372395
19.529714
19.755986
20.012363
20.260000
20.468351
20.640078
20.786143
20.917510
21.045141
21.180000
21.326268
21.460999
21.554465
21.576939
21.498693
21.290000
20.935837
20.480001
19.980996
19.497326
19.087493
18.810000
18.696404
18.670479
18.629049
18.468942
18.086983
17.380000
16.289796
14.938085
13.491558
12.116907
10.980824
10.250000
10.042931
10.285331
10.854719
11.628614
12.484535
13.300000
13.975564
14.503925
14.900816
15.181969
15.363120
15.460000
15.489720
15.474895
15.439519
15.407582
15.403079
15.450000
15.558473
15.683161
15.764860
15.744368
15.562483
15.160000
14.493703
13.584314
12.468541
11.183092
9.764676
8.250000
6.690327
5.195140
3.888477
2.894374
2.336869
2.340000
2.976331
4.112532
5.563802
7.145338
8.672338
9.960000
10.866387
11.421028
11.696316
11.764644
11.698408
11.570000
11.444741
11.359653
11.344686
11.429788
11.644910
12.020000
12.566456
13.221472
13.903692
14.531758
15.024313
15.300000
15.301796
15.070013
14.669296
14.164292
13.619644
13.100000
12.662239
12.332179
12.127873
12.067372
12.168731
12.450000
12.918461
13.538308
14.262963
15.045849
15.840387
16.600000
17.282435
17.862737
18.320275
18.634418
18.784537
18.750000
18.522308
18.141485
17.659687
17.129070
16.601789
16.130000
15.753287
15.460953
15.229726
15.036338
14.857519
14.670000
14.454172
14.205075
13.921408
13.601873
13.245170
12.850000
12.420301
11.980970
11.562140
11.193946
10.906521
10.730000
10.682909
10.737341
10.853781
10.992714
11.114625
11.180000
11.157461
11.048185
10.861486
10.606679
10.293079
9.930000
9.535117
9.159549
8.862775
8.704273
8.743521
9.040000
9.634199
10.490655
11.554915
12.772527
14.089039
15.450000
16.796374
18.050796
19.131317
19.955990
20.442867
20.510000
20.108732
19.323571
18.272317
17.072771
15.842732
14.700000
13.739672
12.966032
12.360664
11.905147
11.581066
11.370000
11.249201
11.178596
11.113778
11.010343
10.823885
10.510000
10.043153
9.473289
8.869225
8.299778
7.833764
7.540000
7.461800
7.540471
7.691821
7.831655
7.875779
7.740000
7.369093
6.823715
6.193490
5.568046
5.037007
4.690000
4.586087
4.662077
4.824218
4.978754
5.031933
4.890000
4.491096
3.900939
3.217140
2.537309
1.959059
1.580000
1.469111
1.580833
1.840974
2.175344
2.509750
2.770000
2.902415
2.935360
2.917713
2.898353
2.926156
3.050000
3.307295
3.689580
4.176923
4.749394
5.387063
6.070000
6.778496
7.493728
8.197096
8.869998
9.493833
10.050000
10.522239
10.903655
11.189694
11.375800
11.457420
11.430000
11.297177
11.095354
10.869130
10.663098
10.521856
10.490000
10.596138
10.804927
11.065038
11.325140
11.533904
11.640000
11.608273
11.468271
11.265719
11.046340
10.855859
10.740000
10.732207
10.816804
10.965837
11.151351
11.345390
11.520000
11.654891
11.760438
11.854682
11.955663
12.081422
12.250000
12.471145
12.721442
12.969184
13.182662
13.330170
13.380000
13.312796
13.158607
12.959833
12.758874
12.598129
12.520000
12.550772
12.652277
12.770235
12.850362
12.838377
12.680000
12.339949
11.858950
11.296729
10.713013
10.167528
9.720000
9.410728
9.202293
9.037850
8.860551
8.613550
8.240000
7.698251
7.007433
6.201873
5.315896
4.383830
3.440000
2.525204
1.706123
1.055909
0.647716
0.554695
0.850000
1.570888
2.611039
3.828240
5.080276
6.224934
7.120000
7.659949
7.886017
7.876131
7.708215
7.460196
7.210000
7.022927
6.913780
6.884737
6.937974
7.075669
7.300000
7.607416
7.971453
8.359922
8.740630
9.081386
9.350000
9.527086
9.644480
9.746826
9.878766
10.084943
10.410000
10.879983
11.446553
12.042775
12.601714
13.056434
13.340000
13.405251
13.284123
13.028324
12.689564
12.319553
11.970000
11.682114
11.455104
11.277679
11.138548
11.026418
10.930000
10.839672
10.752497
10.667209
10.582541
10.497227
10.410000
10.318087
10.212685
10.083484
9.920176
9.712452
9.450000
9.129093
8.772320
8.408854
8.067864
7.778522
7.570000
7.461145
7.429517
7.442352
7.466886
7.470357
7.420000
7.293040
7.106650
6.887990
6.664221
6.462505
6.310000
6.226047
6.198699
6.208188
6.234747
6.258606
6.260000
6.225735
6.168925
6.109258
6.066422
6.060107
6.110000
6.228049
6.395231
6.584781
6.769936
6.923930
7.020000
7.041143
7.009411
6.956617
6.914575
6.915098
6.990000
7.160526
7.405643
7.693750
7.993246
8.272530
8.500000
8.649532
8.716907
8.703383
8.610219
8.438672
8.190000
7.868893
7.493767
7.086467
6.668842
6.262737
5.890000
5.572210
5.329878
5.183248
5.152562
5.258065
5.520000
5.949165
6.518573
7.191792
7.932391
8.703938
9.470000
10.200622
10.891757
11.545833
12.165279
12.752525
13.310000
13.834550
14.300696
14.677376
14.933528
15.038090
14.960000
14.683954
14.257680
13.744662
13.208386
12.712337
12.320000
12.071762
11.915621
11.776475
11.579223
11.248765
10.710000
9.914274
8.918725
7.806938
6.662498
5.568990
4.610000
3.861187
3.366516
3.162023
3.283747
3.767727
4.650000
5.930930
7.468176
9.083722
10.599552
11.837650
12.620000
12.820788
12.523004
11.861841
10.972491
9.990147
9.050000
8.266706
7.672771
7.280163
7.100853
7.146809
7.430000
7.954333
8.691469
9.605005
10.658540
11.815672
13.040000
14.286285
15.473947
16.513566
17.315727
17.791011
17.850000
17.440387
16.658300
15.636979
14.509663
13.409591
12.470000
11.793279
11.358408
11.113516
11.006731
10.986183
11.000000
11.004183
10.986216
10.941458
10.865264
10.752993
10.600000
10.401519
10.152283
9.846903
9.479989
9.046152
8.540000
7.974790
7.438356
7.037180
6.877741
7.066521
7.710000
8.861684
10.363181
12.003127
13.570156
14.852902
15.640000
15.787688
15.422622
14.739061
13.931264
13.193490
12.720000
12.647332
12.881145
13.269380
13.659974
13.900868
13.840000
13.376364
12.613167
11.704671
10.805137
10.068826
9.650000
9.653833
9.989149
10.515687
11.093183
11.581375
11.840000
11.770943
11.444680
10.973831
10.471020
10.048869
9.820000
9.869153
10.169539
10.666488
11.305328
12.031389
12.790000
13.530593
14.219015
14.825217
15.319148
15.670759
15.850000
15.845188
15.718103
15.548895
15.417710
15.404696
15.590000
16.026943
16.661534
17.412954
18.200384
18.943005
19.560000
19.988753
20.239465
20.340541
20.320385
20.207403
20.030000
19.809620
19.539866
19.207384
18.798816
18.300807
17.700000
16.988556
16.180700
15.296175
14.354722
13.376083
12.380000
11.384397
10.399926
9.435417
8.499705
7.601622
6.750000
5.958114
5.257005
4.682156
4.269050
4.053170
4.070000
4.341944
4.839092
5.518460
6.337058
7.251900
8.220000
9.197954
10.140699
11.002756
11.738644
12.302886
12.650000
12.749248
12.628851
12.331767
11.900957
11.379381
10.810000
10.234404
9.688713
9.207677
8.826046
8.578570
8.500000
8.616051
8.916296
9.381275
9.991526
10.727588
11.570000
12.491254
13.431658
14.323473
15.098961
15.690383
16.030000
16.075044
15.882627
15.534832
15.113741
14.701436
14.380000
14.206718
14.139685
14.112199
14.057558
13.909059
13.600000
13.093315
12.470483
11.842621
11.320842
11.016263
11.040000
11.470670
12.256899
13.314818
14.560555
15.910239
17.280000
18.586460
19.748216
20.684358
21.313975
21.556160
21.330000
20.589509
19.428386
17.975252
16.358729
14.707437
13.150000
11.794162
10.664168
9.763386
9.095185
8.662933
8.470000
8.510834
8.744203
9.119956
9.587940
10.098006
10.600000
11.046670
11.402354
11.634292
11.709720
11.595877
11.260000
10.685358
9.919343
9.025376
8.066882
7.107283
6.210000
5.433982
4.820275
4.405452
4.226084
4.318743
4.720000
5.443205
6.408815
7.514065
8.656189
9.732423
10.640000
11.304726
11.766687
12.094538
12.356937
12.622539
12.960000
13.420576
13.985919
14.620281
15.287914
15.953070
16.580000
17.135841
17.599266
17.951836
18.175109
18.250644
18.160000
17.892636
17.469608
16.919874
16.272390
15.556113
14.800000
14.026487
13.231931
12.406168
11.539035
10.620366
9.640000
8.605721
7.597111
6.711703
6.047027
5.700615
5.770000
6.313037
7.228883
8.377021
9.616932
10.808098
11.810000
12.513011
12.931059
13.108963
13.091542
12.923615
12.650000
12.307698
11.902438
11.432128
10.894678
10.287999
9.610000
8.868789
8.113265
7.402527
6.795671
6.351796
6.130000
6.164230
6.387835
6.709016
7.035970
7.276899
7.340000
7.163088
6.802430
6.343910
5.873410
5.476812
5.240000
5.230503
5.442444
5.851594
6.433723
7.164602
8.020000
8.972817
9.984459
11.013463
12.018364
12.957698
13.790000
14.476471
14.988979
15.302053
15.390227
15.228032
14.790000
14.074677
13.176664
12.214575
11.307025
10.572628
10.130000
10.061672
10.305847
10.764647
11.340192
11.934603
12.450000
12.810209
13.025873
13.129337
13.152949
13.129054
13.090000
13.058833
13.021402
12.954255
12.833940
12.637005
12.340000
11.928531
11.424445
10.858644
10.262033
9.665517
9.100000
8.589263
8.128597
7.706170
7.310149
6.928703
6.550000
6.174417
5.851168
5.641678
5.607371
5.809670
6.310000
7.137422
8.191546
9.339619
10.448887
11.386599
12.020000
12.251775
12.126352
11.723597
11.123377
10.405556
9.650000
8.925016
8.252676
7.643492
7.107976
6.656641
6.300000
6.045521
5.888499
5.821185
5.835830
5.924685
6.080000
6.289612
6.523697
6.748017
6.928333
7.030407
7.020000
6.880521
6.665971
6.447996
6.298245
6.288363
6.490000
6.948765
7.606122
8.377498
9.178318
9.924010
10.530000
10.935575
11.175465
11.308262
11.392556
11.486938
11.650000
11.924537
12.290165
12.710704
13.149976
13.571801
13.940000
14.227157
14.440913
14.597672
14.713836
14.805811
14.890000
14.978315
15.064700
15.138609
15.189494
15.206806
15.180000
15.103055
14.988063
14.851642
14.710412
14.580992
14.480000
14.417521
14.377494
14.337323
14.274415
14.166172
13.990000
13.732002
13.413074
13.062814
12.710818
12.386681
12.120000
11.928918
11.785765
11.651419
11.486758
11.252659
10.910000
10.438763
9.895347
9.355259
8.894001
8.587080
8.510000
8.710754
9.127290
9.670046
10.249458
10.775964
11.160000
11.337944
11.349936
11.262058
11.140388
11.051009
11.060000
11.211682
11.463334
11.750474
12.008619
12.173289
12.180000
11.985095
11.628208
11.169797
10.670320
10.190235
9.790000
9.513494
9.338279
9.225339
9.135657
9.030216
8.870000
8.623383
8.288306
7.870098
7.374090
6.805614
6.170000
5.479917
4.777387
4.111770
3.532427
3.088716
2.830000
2.785328
2.902517
3.109072
3.332500
3.500307
3.540000
3.401686
3.125879
2.775693
2.414241
2.104639
1.910000
1.873019
1.954707
2.095657
2.236462
2.317712
2.280000
2.084017
1.770848
1.401678
1.037691
0.740070
0.570000
0.573922
0.739307
1.038880
1.445369
1.931500
2.470000
3.036497
3.618221
4.205302
4.787872
5.356061
5.900000
6.412544
6.897441
7.361163
7.810182
8.250970
8.690000
