9.131800
9.573128
10.008797
10.433623
10.842419
11.230000
11.594793
11.949678
12.311148
12.695697
13.119816
13.600000
14.143102
14.717419
15.281610
15.794332
16.214242
16.500000
16.620669
16.586940
16.419912
16.140680
15.770344
15.330000
14.840287
14.320004
13.787494
13.261096
12.759151
12.300000
11.898693
11.557116
11.273864
11.047530
10.876711
10.760000
10.686700
10.608938
10.469552
10.211377
9.777247
9.110000
8.183027
7.091945
5.962928
4.922149
4.095782
3.610000
3.551471
3.848838
4.391237
5.067806
5.767681
6.380000
6.816043
7.075667
7.180874
7.153664
7.016039
6.790000
6.499172
6.173679
5.845268
5.545686
5.306681
5.160000
5.125925
5.178876
5.281805
5.397667
5.489414
5.520000
5.463284
5.336743
5.168761
4.987721
4.822006
4.700000
4.641912
4.635263
4.659401
4.693671
4.717422
4.710000
4.658974
4.584796
4.516137
4.481670
4.510067
4.630000
4.855570
5.142590
5.432302
5.665947
5.784766
5.730000
5.464393
5.036694
4.517155
3.976025
3.483556
3.110000
2.905376
2.838780
2.859080
2.915139
2.955824
2.930000
2.802900
2.605221
2.384027
2.186383
2.059353
2.050000
2.189692
2.447003
2.774812
3.125996
3.453432
3.710000
3.862547
3.933805
3.960476
3.979264
4.026871
4.140000
4.345538
4.631111
4.974533
5.353613
5.746165
6.130000
6.485719
6.805084
7.082643
7.312949
7.490551
7.610000
7.665798
7.652258
7.563644
7.394220
7.138250
6.790000
6.354606
5.880699
5.427782
5.055358
4.822929
4.790000
4.992397
5.371241
5.843979
6.328054
6.740913
7.000000
7.047241
6.922484
6.690054
6.414278
6.159485
5.990000
5.954100
6.035861
6.203307
6.424462
6.667352
6.900000
7.096079
7.251850
7.369220
7.450096
7.496387
7.510000
7.493527
7.452295
7.392315
7.319599
7.240157
7.160000
7.083517
7.008600
6.931520
6.848546
6.755950
6.650000
6.529490
6.403306
6.282856
6.179549
6.104794
6.070000
6.081671
6.126695
6.187056
6.244738
6.281725
6.280000
6.227483
6.135840
6.022669
5.905572
5.802149
5.730000
5.705710
5.741798
5.849768
6.041123
6.327366
6.720000
7.220185
7.787707
8.372008
8.922529
9.388712
9.720000
9.883317
9.915521
9.870951
9.803947
9.768850
9.820000
9.995759
10.270580
10.602940
10.951312
11.274174
11.530000
11.693878
11.807343
11.928541
12.115619
12.426723
12.920000
13.630303
14.499308
15.445397
16.386954
17.242361
17.930000
18.386716
18.623204
18.668620
18.552120
18.302861
17.950000
17.518249
17.014543
16.441374
15.801233
15.096612
14.330000
13.508992
12.661585
11.820882
11.019983
10.291989
9.670000
9.180275
8.821707
8.586346
8.466240
8.453442
8.540000
8.716156
8.964919
9.267485
9.605055
9.958827
10.310000
10.642923
10.954544
11.244963
11.514280
11.762592
11.990000
12.194051
12.362091
12.478911
12.529308
12.498073
12.370000
12.138974
11.835242
11.498141
11.167009
10.881183
10.680000
10.590931
10.593978
10.657274
10.748954
10.837151
10.890000
10.883133
10.822179
10.720262
10.590509
10.446047
10.300000
10.163155
10.036936
9.920427
9.812712
9.712875
9.620000
9.531283
9.436373
9.323029
9.179012
8.992082
8.750000
8.447823
8.109796
7.767458
7.452353
7.196019
7.030000
6.975017
7.008519
7.097138
7.207504
7.306248
7.360000
7.347248
7.293905
7.237739
7.216520
7.268018
7.430000
7.727472
8.134380
8.611905
9.121229
9.623534
10.080000
10.462030
10.781908
11.062139
11.325229
11.593680
11.890000
12.236537
12.655024
13.167037
13.794153
14.557948
15.480000
16.563024
17.734292
18.902213
19.975198
20.861657
21.470000
21.734838
21.695586
21.417861
20.967277
20.409452
19.810000
19.216049
18.600770
17.918844
17.124952
16.173777
15.020000
13.640641
12.102075
10.493015
8.902174
7.418264
6.130000
5.107775
4.348707
3.831597
3.535242
3.438444
3.520000
3.753259
4.089762
4.475598
4.856857
5.179628
5.390000
5.457569
5.445949
5.442262
5.533627
5.807167
6.350000
7.204475
8.233849
9.256605
10.091226
10.556197
10.470000
9.716520
8.441246
6.855068
5.168874
3.593555
2.340000
1.571527
1.261165
1.334374
1.716610
2.333333
3.110000
3.973576
4.857055
5.694937
6.421721
6.971909
7.280000
7.305094
7.104689
6.760880
6.355764
5.971439
5.690000
5.573177
5.601228
5.734044
5.931518
6.153539
6.360000
6.516088
6.608179
6.627943
6.567054
6.417182
6.170000
5.829878
5.451983
5.104182
4.854340
4.770324
4.920000
5.347687
6.003518
6.814078
7.705955
8.605733
9.440000
10.146875
10.710613
11.127005
11.391840
11.500909
11.450000
11.240741
10.898105
10.452902
9.935944
9.378040
8.810000
8.257940
7.729190
7.226385
6.752162
6.309155
5.900000
5.529121
5.208100
4.950306
4.769112
4.677886
4.690000
4.818308
5.073597
5.466139
6.006206
6.704069
7.570000
8.602001
9.748995
10.947637
12.134583
13.246485
14.220000
15.007626
15.625239
16.104562
16.477315
16.775221
17.030000
17.269164
17.503383
17.739116
17.982824
18.240965
18.520000
18.819329
19.110119
19.356474
19.522501
19.572308
19.470000
19.188194
18.733550
18.121239
17.366430
16.484293
15.490000
14.406320
13.286421
12.191071
11.181039
10.317093
9.660000
9.255926
9.092619
9.143227
9.380896
9.778771
10.310000
10.939562
11.599770
12.214771
12.708712
13.005739
13.030000
12.733050
12.176080
11.447690
10.636480
9.831050
9.120000
8.567775
8.142206
7.786969
7.445738
7.062190
6.580000
5.963626
5.260650
4.539436
3.868347
3.315747
2.950000
2.818970
2.888527
3.104038
3.410875
3.754406
4.080000
4.345168
4.555984
4.730660
4.887413
5.044454
5.220000
5.428690
5.670872
5.943320
6.242808
6.566110
6.910000
7.270350
7.639418
8.008560
8.369134
8.712495
9.030000
9.314866
9.567754
9.791189
9.987693
10.159789
10.310000
10.438660
10.537343
10.595434
10.602318
10.547378
10.420000
10.213040
9.933243
9.590824
9.196000
8.758987
8.290000
7.798021
7.287092
6.760019
6.219608
5.668667
5.110000
4.551865
4.024314
3.562849
3.202974
2.980190
2.930000
3.073548
3.374542
3.782334
4.246274
4.715713
5.140000
5.478111
5.727517
5.895314
5.988596
6.014460
5.980000
5.895675
5.785389
5.676411
5.596008
5.571449
5.630000
5.791598
6.046853
6.379042
6.771445
7.207338
7.670000
8.141683
8.600533
9.023670
9.388213
9.671284
9.850000
9.911485
9.882867
9.801278
9.703850
9.627713
9.610000
9.672240
9.773555
9.857467
9.867498
9.747169
9.440000
8.916455
8.254765
7.560102
6.937639
6.492547
6.330000
6.527078
7.048495
7.830873
8.810836
9.925004
11.110000
12.301575
13.431995
14.432654
15.234945
15.770262
15.970000
15.795602
15.328709
14.681011
13.964200
13.289966
12.770000
12.490925
12.439096
12.575801
12.862328
13.259965
13.730000
14.232458
14.722315
15.153284
15.479079
15.653413
15.630000
15.380864
14.951274
14.404812
13.805058
13.215594
12.700000
12.310661
12.055181
11.929967
11.931428
12.055969
12.300000
12.649871
13.051705
13.441568
13.755528
13.929649
13.900000
13.637726
13.254296
12.896260
12.710166
12.842563
13.440000
14.588577
16.132591
17.855893
19.542329
20.975748
21.940000
22.285096
22.125708
21.642670
21.016816
20.428981
20.060000
20.040065
20.296798
20.707179
21.148186
21.496800
21.630000
21.456217
21.009691
20.356115
19.561179
18.690577
17.810000
16.975530
16.204807
15.505862
14.886726
14.355428
13.920000
13.583331
13.327747
13.130436
12.968584
12.819376
12.660000
12.475731
12.284204
12.111143
11.982273
11.923317
11.960000
12.106430
12.330252
12.587492
12.834178
13.026338
13.120000
13.080862
12.913307
12.631390
12.249164
11.780682
11.240000
10.649334
10.063555
9.545698
9.158797
8.965886
9.030000
9.393977
10.019878
10.849566
11.824906
12.887763
13.980000
15.044016
16.024340
16.866037
17.514170
17.913803
18.010000
17.771673
17.263133
16.572537
15.788043
14.997812
14.290000
13.732115
13.309055
12.985067
12.724397
12.491293
12.250000
11.977460
11.701388
11.462196
11.300294
11.256091
11.370000
11.665593
12.099096
12.609899
13.137391
13.620962
14.000000
14.227623
14.311857
14.274458
14.137179
13.921775
13.650000
13.339054
12.987919
12.591019
12.142782
11.637634
11.070000
10.442039
9.786838
9.145214
8.557988
8.065977
7.710000
7.515197
7.443990
7.443123
7.459340
7.439385
7.330000
7.092730
6.748314
6.332293
5.880207
5.427596
5.010000
4.655042
4.358680
4.108954
3.893905
3.701573
3.520000
3.342657
3.184744
3.066891
3.009729
3.033888
3.160000
3.396829
3.705677
4.035982
4.337180
4.558707
4.650000
4.582203
4.413287
4.222931
4.090812
4.096609
4.320000
4.810516
5.497099
6.278544
7.053646
7.721200
8.180000
8.357538
8.296094
8.066642
7.740159
7.387620
7.080000
6.874978
6.777043
6.777386
6.867199
7.037673
7.280000
7.581484
7.913881
8.245062
8.542896
8.775252
8.910000
8.927234
8.855949
8.737364
8.612698
8.523170
8.510000
8.601847
8.777135
9.001730
9.241496
9.462297
9.630000
9.717322
9.724398
9.658215
9.525763
9.334028
9.090000
8.804559
8.504162
8.219158
7.979897
7.816728
7.760000
7.826524
7.978953
8.166401
8.337982
8.442811
8.430000
8.265687
7.984100
7.636487
7.274100
6.948188
6.710000
6.593227
6.561314
6.560149
6.535617
6.433606
6.200000
5.811823
5.370644
5.009166
4.860097
5.056140
5.730000
6.957213
8.584630
10.401935
12.198810
13.764938
14.890000
15.425021
15.466391
15.171842
14.699106
14.205915
13.850000
13.750435
13.871657
14.139446
14.479580
14.817838
15.080000
15.205323
15.186980
15.031624
14.745907
14.336481
13.810000
13.181886
12.502646
11.831559
11.227904
10.750958
10.460000
10.400653
10.563917
10.927138
11.467662
12.162834
12.990000
13.910133
14.818723
15.594887
16.117742
16.266408
15.920000
15.009648
13.674525
12.105815
10.494701
9.032368
7.910000
7.271599
7.072437
7.220605
7.624195
8.191296
8.830000
9.455347
10.010173
10.444265
10.707409
10.749392
10.520000
9.993265
9.240205
8.356085
7.436168
6.575718
5.870000
5.392195
5.127154
5.037645
5.086438
5.236300
5.450000
5.693140
5.942660
6.178333
6.379932
6.527230
6.600000
6.591817
6.551463
6.541522
6.624575
6.863207
7.320000
8.027599
8.898893
9.816831
10.664361
11.324435
11.680000
11.648526
11.285557
10.681156
9.925387
9.108314
8.320000
7.641075
7.114436
6.773546
6.651867
6.782865
7.200000
7.916109
8.861514
9.945911
11.078995
12.170459
13.130000
13.883517
14.421728
14.751559
14.879932
14.813771
14.560000
14.138157
13.618239
13.082854
12.614612
12.296124
12.210000
12.409918
12.833835
13.390777
13.989768
14.539834
14.950000
15.151475
15.164197
15.030289
14.791873
14.491069
14.170000
13.855386
13.512338
13.090566
12.539779
11.809687
10.850000
9.647537
8.337562
7.092447
6.084566
5.486293
5.470000
6.146641
7.381489
8.978397
10.741216
12.473799
13.980000
15.106823
15.873888
16.343966
16.579830
16.644250
16.600000
16.501714
16.371477
16.223239
16.070947
15.928552
15.810000
15.724100
15.659093
15.598079
15.524159
15.420433
15.270000
15.061516
14.805855
14.519444
14.218713
13.920088
13.640000
13.390113
13.163043
12.946644
12.728768
12.497269
12.240000
11.944652
11.598268
11.187730
10.699919
10.121715
9.440000
8.652575
7.800920
6.937435
6.114520
5.384575
4.800000
4.399862
4.169903
4.082529
4.110148
4.225169
4.400000
4.610243
4.844284
5.093700
5.350072
5.604979
5.850000
6.074117
6.255925
6.371420
6.396600
6.307461
6.080000
5.705324
5.234979
4.735619
4.273899
3.916474
3.730000
3.766438
4.018975
4.466105
5.086324
5.858124
6.760000
7.766472
8.836160
9.923710
10.983769
11.970984
12.840000
13.553185
14.103795
14.492804
14.721191
14.789931
14.700000
14.453380
14.056069
13.515072
12.837393
12.030034
11.100000
10.071768
9.039706
8.115656
7.411460
7.038961
7.110000
7.692930
8.682145
9.928554
11.283062
12.596575
13.720000
14.533227
15.032083
15.241378
15.185922
14.890526
14.380000
13.681847
12.834337
11.878434
10.855102
9.805303
8.770000
7.785729
6.871310
6.041135
5.309597
4.691088
4.200000
3.846488
3.623758
3.520776
3.526510
3.629929
3.820000
4.084383
4.405512
4.764512
5.142510
5.520630
5.880000
6.205516
6.497157
6.758675
6.993821
7.206346
7.400000
7.581240
7.767341
7.978286
8.234057
8.554634
8.960000
9.465313
10.066441
10.754429
11.520321
12.355163
13.250000
14.190888
15.143932
16.070249
16.930954
17.687166
18.300000
18.738589
19.004128
19.105827
19.052899
18.854553
18.520000
18.064664
17.528817
16.958943
16.401525
15.903050
15.510000
15.258588
15.143938
15.150902
15.264333
15.469081
15.750000
16.084039
16.416541
16.684948
16.826699
16.779236
16.480000
15.892570
15.085081
14.151807
13.187019
12.284993
11.540000
11.019985
10.687577
10.479075
10.330779
10.178987
9.960000
9.622766
9.166831
8.604392
7.947643
7.208780
6.400000
5.540062
4.673986
3.853358
3.129761
2.554780
2.180000
2.040597
2.106112
2.329677
2.664426
3.063489
3.480000
3.874078
4.233788
4.554182
4.830314
5.057236
5.230000
5.344065
5.396515
5.384843
5.306539
5.159094
4.940000
4.652487
4.322743
3.982696
3.664271
3.399397
3.220000
3.146357
3.152140
3.199374
3.250080
3.266281
3.210000
3.058058
2.846472
2.626058
2.447631
2.362006
2.420000
2.654374
3.025674
3.476393
3.949026
4.386064
4.730000
4.944124
5.074907
5.189618
5.355525
5.639896
6.110000
6.807928
7.675069
8.627635
9.581837
10.453888
11.160000
11.642821
11.950742
12.158593
12.341201
12.573394
12.930000
13.461622
14.121962
14.840494
15.546694
16.170037
16.640000
16.907634
17.010300
17.006933
16.956470
16.917846
16.950000
17.093812
17.317950
17.573025
17.809651
17.978438
18.030000
17.926329
17.674937
17.294715
16.804558
16.223355
15.570000
14.861937
14.110822
13.326863
12.520267
11.701244
10.880000
10.071848
9.312516
8.642834
8.103633
7.735745
7.580000
7.663401
7.957633
8.420553
9.010016
9.683880
10.400000
11.122418
11.839914
12.547455
13.240006
13.912532
14.560000
15.176279
15.750858
16.272127
16.728480
17.108307
17.400000
17.595890
17.704061
17.736535
17.705335
17.622482
17.500000
17.346595
17.157712
16.925482
16.642033
16.299496
15.890000
15.414258
14.907311
14.412787
13.974310
13.635506
13.440000
13.413504
13.510079
13.665869
13.817022
13.899684
13.850000
13.624873
13.264225
12.828735
12.379082
11.975944
11.680000
11.535570
11.521540
11.600440
11.734797
11.887141
12.020000
12.100580
12.114800
12.053256
11.906544
11.665260
11.320000
10.871044
10.357407
9.827786
9.330879
8.915385
8.630000
8.506354
8.507794
8.580600
8.671051
8.725424
8.690000
8.523356
8.233269
7.839814
7.363067
6.823104
6.240000
5.631519
5.006168
4.370145
3.729646
3.090865
2.460000
1.848672
1.290206
0.823355
0.486869
0.319500
0.360000
0.633100
1.107451
1.737686
2.478434
3.284329
4.110000
4.913604
5.667396
6.347152
6.928653
7.387676
7.700000
7.851974
7.872226
7.799955
7.674362
7.534643
7.420000
7.358594
7.334442
7.320526
7.289827
7.215324
7.070000
6.844808
6.602597
6.424189
6.390405
6.582068
7.080000
7.933424
9.065169
10.366468
11.728552
13.042652
14.200000
15.100155
15.675986
15.868689
15.619461
14.869500
13.560000
11.683827
9.440518
7.081276
4.857306
3.019813
1.820000
1.427545
1.686016
2.357456
3.203905
3.987406
4.470000
4.484326
4.145417
3.638900
3.150405
2.865562
2.970000
3.593159
4.639725
5.958195
7.397066
8.804836
10.030000
10.954612
11.594943
12.000820
12.222070
12.308522
12.310000
12.263950
12.158282
11.968525
11.670207
11.238856
10.650000
9.897089
9.045262
8.177578
7.377100
6.726887
6.310000
6.187417
6.331783
6.693661
7.223615
7.872207
8.590000
9.318939
9.966497
10.431527
10.612885
10.409424
9.720000
8.506457
6.982601
5.425231
4.111142
3.317133
3.320000
4.294632
6.008284
8.126301
10.314029
12.236813
13.560000
14.040477
13.801300
13.057066
12.022373
10.911819
9.940000
9.273181
8.884293
8.697934
8.638700
8.631190
8.600000
8.483835
8.277823
7.991199
7.633197
7.213053
6.740000
6.222034
5.662192
5.062270
4.424066
3.749377
3.040000
2.318306
1.688965
1.277220
1.208315
1.607494
2.600000
4.249880
6.376392
8.737599
11.091562
13.196341
14.810000
15.753470
16.099169
15.982383
15.538401
14.902511
14.210000
13.572165
13.004340
12.497868
12.044092
11.634355
11.260000
10.916064
10.612360
10.362394
10.179674
10.077707
10.070000
10.157376
10.289925
10.405055
10.440173
10.332685
10.020000
9.464433
8.727940
7.897386
7.059634
6.301551
5.710000
5.350077
5.199796
5.215403
5.353142
5.569260
5.820000
6.070167
6.318802
6.573504
6.841871
7.131503
7.450000
7.799948
8.163884
8.519333
8.843818
9.114866
9.310000
9.412773
9.430847
9.377916
9.267670
9.113801
8.930000
8.724518
8.483838
8.189003
7.821057
7.361042
6.790000
6.102398
5.346394
4.583571
3.875509
3.283792
2.870000
2.681631
2.709844
2.931714
3.324313
3.864717
4.530000
5.286957
6.061265
6.768325
7.323535
7.642293
7.640000
7.267070
6.613983
5.806236
4.969325
4.228748
3.710000
3.508376
3.598359
3.924232
4.430275
5.060771
5.760000
6.480260
7.205914
7.929337
8.642907
9.339003
10.010000
10.646045
11.228357
11.735921
12.147726
12.442756
12.600000
12.603938
12.461030
12.183228
11.782487
11.270760
10.660000
9.964545
9.208266
8.417417
7.618253
6.837029
6.100000
5.434317
4.870723
4.440855
4.176353
4.108855
4.270000
4.672676
5.254769
5.935414
6.633744
7.268894
7.760000
8.050486
8.180940
8.216241
8.221265
8.260892
8.400000
8.677323
9.027025
9.357124
9.575640
9.590592
9.310000
8.680266
7.801330
6.811513
5.849137
5.052525
4.560000
4.463695
4.670989
5.043076
5.441145
5.726389
5.760000
5.454770
4.929898
4.356185
3.904430
3.745435
4.050000
4.922689
6.203122
7.664685
9.080763
10.224739
10.870000
10.857207
10.296132
9.363824
8.237334
7.093709
6.110000
5.426632
5.037535
4.900017
4.971384
5.208943
5.570000
6.016219
6.526690
7.084857
7.674167
8.278066
8.880000
9.461547
9.996818
10.458055
10.817502
11.047403
11.120000
11.019167
10.775300
10.430423
10.026564
9.605748
9.210000
8.869331
8.565688
8.269001
7.949204
7.576226
7.120000
6.562491
5.933802
5.276071
4.631435
4.042032
3.550000
3.187836
2.949475
2.819216
2.781352
2.820182
2.920000
3.067880
3.262000
3.503317
3.792786
4.131361
4.520000
4.956617
5.426967
5.913766
6.399727
6.867567
7.300000
7.683939
8.023094
8.325370
8.598675
8.850916
9.090000
9.316005
9.497695
9.596004
9.571868
9.386222
9.000000
8.395605
7.641312
6.826863
6.042000
5.376465
4.920000
4.736481
4.786316
5.004044
5.324208
5.681346
6.010000
6.264072
6.474906
6.693209
6.969689
7.355050
7.900000
8.636168
9.518875
10.484368
11.468889
12.408685
13.240000
13.911350
14.420333
14.776820
14.990680
15.071784
15.030000
14.878480
14.643496
14.354603
14.041353
13.733301
13.460000
13.243018
13.071978
12.928519
12.794278
12.650892
12.480000
12.269865
12.035257
11.797571
11.578203
11.398547
11.280000
11.233215
11.225881
11.214946
11.157355
11.010058
10.730000
10.297552
9.786773
9.295146
8.920153
8.759277
8.910000
9.432365
10.236657
11.195720
12.182402
13.069547
13.730000
14.071600
14.142156
14.024472
13.801349
13.555591
13.370000
13.307532
13.351755
13.466391
13.615163
13.761792
13.870000
13.912255
13.896010
13.837463
13.752814
13.658260
13.570000
13.498216
13.429020
13.342506
13.218768
13.037901
12.780000
12.437056
12.048651
11.666264
11.341374
11.125460
11.070000
11.203143
11.459709
11.751188
11.989070
12.084844
11.950000
11.528243
10.892143
10.146484
9.396050
8.745627
8.300000
8.130180
8.172090
8.327877
8.499692
8.589684
8.500000
8.166545
7.660239
7.085757
6.547773
6.150963
6.000000
6.163501
6.565843
7.095345
7.640326
8.089105
8.330000
8.283990
8.002687
7.570364
7.071294
6.589748
6.210000
5.992485
5.902299
5.880698
5.868943
5.808290
5.640000
5.326810
4.917378
4.481843
4.090343
3.813016
3.720000
3.859072
4.188560
4.644430
5.162649
5.679184
6.130000
6.467042
6.706161
6.879188
7.017950
7.154278
7.320000
7.535862
7.778276
8.012569
8.204069
8.318103
8.320000
8.189046
7.960364
7.683036
7.406145
7.178772
7.050000
7.051334
7.143972
7.271536
7.377648
7.405928
7.300000
7.020758
6.598193
6.079570
5.512153
4.943209
4.420000
3.978783
3.611775
3.300185
3.025220
2.768089
2.510000
2.240869
1.985446
1.777189
1.649557
1.636008
1.770000
2.070750
2.500515
3.007307
3.539142
4.044035
4.470000
4.779926
4.996200
5.156083
5.296836
5.455721
5.670000
5.964731
6.316168
6.688363
7.045365
7.351227
7.570000
7.680038
7.716904
7.730467
7.770593
7.887148
8.130000
8.531090
9.050658
9.631019
10.214487
10.743375
11.160000
11.425231
11.574166
11.660457
11.737757
11.859721
12.080000
12.433355
12.878975
13.357154
13.808187
14.172371
14.390000
14.420237
14.297713
14.075928
13.808382
13.548572
13.350000
13.255374
13.264248
13.365383
13.547545
13.799496
14.110000
14.464285
14.833445
15.185038
15.486622
15.705757
15.810000
15.778781
15.639009
15.429465
15.188928
14.956180
14.770000
14.660175
14.620519
14.635853
14.690997
14.770773
14.860000
14.945102
15.018915
15.075873
15.110416
15.116979
15.090000
15.028350
14.948638
14.871904
14.819192
14.811543
14.870000
15.003765
15.174683
15.332760
15.428002
15.410413
15.230000
14.859228
14.360407
13.818304
13.317689
12.943332
12.780000
12.885062
13.206282
13.664023
14.178648
14.670519
15.060000
15.287236
15.371501
15.351853
15.267349
15.157045
15.060000
15.004328
14.974380
14.943565
14.885291
14.772966
14.580000
14.289571
13.923941
13.515138
13.095193
12.696137
12.350000
12.080858
11.880969
11.734635
11.626160
11.539848
11.460000
11.372969
11.273296
11.157572
11.022388
10.864334
10.680000
10.468101
10.235847
9.992575
9.747620
9.510316
9.290000
9.093239
8.915537
8.749626
8.588243
8.424123
8.250000
8.061210
7.863488
7.665170
7.474592
7.300090
7.150000
7.034514
6.971252
6.979693
7.079313
7.289589
7.630000
8.105318
8.661502
9.229808
9.741489
10.127802
10.320000
10.272732
10.034219
9.676076
9.269915
8.887352
8.600000
8.459262
8.435694
8.479640
8.541443
8.571449
8.520000
8.350682
8.080041
7.737865
7.353942
6.958057
6.580000
6.243380
5.947104
5.683899
5.446494
5.227618
5.020000
4.822926
4.661914
4.569040
4.576379
4.716007
5.020000
5.505100
6.126721
6.824942
7.539842
8.211501
8.780000
9.198987
9.476387
9.633694
9.692402
9.674006
9.600000
9.490665
9.361436
9.226533
9.100179
8.996594
8.930000
8.910111
8.928611
8.972674
9.029476
9.086193
9.130000
9.148242
9.128937
9.060272
8.930437
8.727617
8.440000
8.064746
7.634902
7.192487
6.779519
6.438017
6.210000
6.120690
6.128121
6.173531
6.198155
6.143233
5.950000
5.578234
5.061872
4.453391
3.805267
3.169978
2.600000
2.146651
1.856613
1.775407
1.948555
2.421578
3.240000
4.420669
5.865750
7.448732
9.043107
10.522366
11.760000
12.658495
13.236315
13.540917
13.619759
13.520301
13.290000
12.971276
12.586400
12.152602
11.687115
11.207170
10.730000
10.275381
9.873272
9.556176
9.356596
9.307037
9.440000
9.781921
10.334956
11.095194
12.058722
13.221628
14.580000
16.104806
17.666533
19.110549
20.282221
21.026915
21.190000
20.675938
19.625577
18.238860
16.715729
15.256128
14.060000
13.284543
12.915973
12.897762
13.173382
13.686304
14.380000
15.195150
16.061271
16.905090
17.653334
18.232728
18.570000
18.619580
18.446720
18.144376
17.805504
17.523060
17.390000
17.470372
17.712590
18.036157
18.360578
18.605357
18.690000
18.559208
18.258477
17.858498
17.429964
17.043567
16.770000
16.659599
16.681280
16.783601
16.915122
17.024402
17.060000
16.985727
16.826402
16.622096
16.412880
16.238824
16.140000
16.140733
16.202370
16.270513
16.290765
16.208726
15.970000
15.537406
14.942636
14.234600
13.462209
12.674372
11.920000
11.236032
10.611531
10.023585
9.449288
8.865729
8.250000
7.595686
6.962353
6.426058
6.062862
5.948823
6.160000
6.745620
7.647577
8.780932
10.060747
11.402083
12.720000
13.940953
15.036968
15.991462
16.787853
17.409560
17.840000
18.069779
18.118254
18.011969
17.777469
17.441298
17.030000
16.573773
16.117424
15.709412
15.398197
15.232240
15.260000
15.502074
15.867607
16.237884
16.494186
16.517797
16.190000
15.438580
14.377332
13.166553
11.966539
10.937590
10.240000
9.986292
10.097880
10.448406
10.911508
11.360826
11.670000
11.747596
11.641887
11.436074
11.213355
11.056930
11.050000
11.247907
11.594570
12.006049
12.398406
12.687703
12.790000
12.645867
12.293907
11.797230
11.218946
10.622166
10.070000
9.609920
9.226838
8.890031
8.568773
8.232337
7.850000
7.400519
6.900591
6.376395
5.854111
5.359920
4.920000
4.556012
4.271538
4.065638
3.937374
3.885808
3.910000
4.010524
4.193998
4.468552
4.842317
5.323423
5.920000
6.627402
7.389878
8.138903
8.805949
9.322490
9.620000
9.651258
9.454268
9.088338
8.612777
8.086895
7.570000
7.110528
6.713421
6.372747
6.082573
5.836968
5.630000
5.460147
5.343528
5.300674
5.352114
5.518380
5.820000
6.269302
6.845801
7.520808
8.265636
9.051596
9.850000
10.637414
11.411418
12.174845
12.930528
13.681302
14.430000
15.178357
15.923714
16.662314
17.390400
18.104214
18.800000
19.471242
20.100393
20.667149
21.151206
21.532257
21.790000
21.913064
21.925824
21.861589
21.753667
21.635367
21.540000
21.486176
21.433717
21.327746
21.113387
20.735764
20.140000
19.292231
18.242641
17.062426
15.822784
14.594910
13.450000
12.435919
11.507201
10.595048
9.630663
8.545246
7.270000
5.777102
4.202629
2.723630
1.517159
0.760265
0.630000
1.234561
2.406729
3.910430
5.509591
6.968139
8.050000
8.586598
8.679344
8.497148
8.208920
7.983567
7.990000
8.345067
8.957376
9.683476
10.379915
10.903240
11.110000
10.906468
10.397818
9.738947
9.084755
8.590140
8.410000
8.648829
9.209501
9.944485
10.706250
11.347265
11.720000
11.719327
11.409734
10.898113
10.291356
9.696354
9.220000
8.939835
8.816007
8.779312
8.760548
8.690511
8.500000
8.140915
7.649572
7.083389
6.499787
5.956184
5.510000
5.204375
5.025337
4.944632
4.934009
4.965216
5.010000
5.047741
5.088341
5.149334
5.248252
5.402630
5.630000
5.936790
6.285003
6.625534
6.909280
7.087136
7.110000
6.951487
6.676092
6.371030
6.123518
6.020769
6.150000
6.564439
7.181371
7.884095
8.555909
9.080111
9.340000
9.257423
8.908423
8.407589
7.869514
7.408787
7.140000
7.144571
7.371234
7.735547
8.153072
8.539370
8.810000
8.902625
8.843310
8.680222
8.461530
8.235400
8.050000
7.938958
7.877750
7.827313
7.748584
7.602501
7.350000
6.964738
6.471246
5.906775
5.308577
4.713901
4.160000
3.679962
3.290230
3.003087
2.830813
2.785690
2.880000
3.117961
3.471536
3.904627
4.381135
4.864959
5.320000
5.714584
6.034735
6.270903
6.413537
6.453086
6.380000
6.195462
5.943596
5.679260
5.457309
5.332604
5.360000
5.574585
5.932361
6.369559
6.822410
7.227147
7.520000
7.649948
7.616961
7.433756
7.113050
6.667558
6.110000
5.463631
4.793868
4.176667
3.687984
3.403777
3.400000
3.726732
4.330531
5.132077
6.052051
7.011132
7.930000
8.744211
9.448825
10.053776
10.568998
11.004428
11.370000
11.672766
11.908244
12.069071
12.147882
12.137313
12.030000
11.821763
11.521162
11.139941
10.689845
10.182616
9.630000
9.048376
8.472662
7.942414
7.497185
7.176529
7.020000
7.052002
7.236337
7.521653
7.856603
8.189835
8.470000
8.663846
8.810509
8.967222
9.191220
9.539734
10.070000
10.807197
11.648294
12.458207
13.101852
13.444144
13.350000
12.737783
11.739649
10.541200
9.328040
8.285773
7.600000
7.400235
7.591629
8.023242
8.544135
9.003367
9.250000
9.172757
8.819019
8.275830
7.630234
6.969276
6.380000
5.930403
5.612295
5.398438
5.261595
5.174528
5.110000
5.045538
4.977727
4.907918
4.837461
4.767705
4.700000
4.636658
4.583832
4.548639
4.538192
4.559607
4.620000
4.719683
4.831758
4.922527
4.958290
4.905348
4.730000
4.414288
4.003209
3.557503
3.137907
2.805160
2.620000
2.625482
2.793924
3.079962
3.438230
3.823365
4.190000
4.499017
4.736281
4.893901
4.963987
4.938650
4.810000
4.583079
4.314657
4.074436
3.932118
3.957406
4.220000
4.761167
5.508425
6.360855
7.217540
7.977561
8.540000
8.837670
8.938311
8.943394
8.954389
9.072767
9.400000
10.002180
10.803886
11.694320
12.562683
13.298176
13.790000
13.959815
13.859108
13.571827
13.181918
12.773327
12.430000
12.212312
12.086349
11.994622
11.879647
11.683935
11.350000
10.842464
10.214386
9.540933
8.897273
8.358573
8.000000
7.872275
7.928328
8.096644
8.305705
8.483996
8.560000
8.483992
8.293412
8.047491
7.805461
7.626554
7.570000
7.674813
7.899136
8.180892
8.458005
8.668400
8.750000
8.661477
8.444489
8.161442
7.874741
7.646792
7.540000
7.594834
7.764019
7.978340
8.168586
8.265543
8.200000
7.927195
7.500177
6.996448
6.493508
6.068858
5.800000
5.740506
5.848235
6.057118
6.301086
6.514070
6.630000
6.600504
6.447995
6.212581
5.934371
5.653474
5.410000
5.233496
5.111268
5.020059
4.936615
4.837681
4.700000
4.508845
4.283602
4.052182
3.842500
3.682469
3.600000
3.609225
3.669140
3.724961
3.721901
3.605176
3.320000
2.839349
2.247245
1.655474
1.175820
0.920067
1.000000
1.487732
2.296693
3.300642
4.373337
5.388537
6.220000
6.771944
7.070425
7.171957
7.133054
7.010230
6.860000
6.729629
6.629383
6.560280
6.523337
6.519571
6.550000
6.612411
6.691672
6.769423
6.827302
6.846948
6.810000
6.705265
6.550225
6.369528
6.187826
6.029766
5.920000
5.876297
5.888910
5.941214
6.016580
6.098385
6.170000
6.220102
6.258579
6.300617
6.361408
6.456139
6.600000
6.801626
7.043442
7.301317
7.551121
7.768725
7.930000
8.017744
8.042469
8.021616
7.972626
7.912941
7.860000
7.828788
7.824461
7.849719
7.907262
7.999789
8.130000
8.299003
8.501539
8.730757
8.979807
9.241838
9.510000
9.774738
10.015680
10.209753
10.333880
10.364988
10.280000
10.066907
9.757962
9.396481
9.025782
8.689183
8.430000
8.276846
8.199509
8.153072
8.092620
7.973235
7.750000
7.393673
6.937707
6.431230
5.923368
5.463249
5.100000
4.872582
4.779291
4.808258
4.947611
5.185482
5.510000
5.909240
6.371054
6.883239
7.433594
8.009915
8.600000
9.189117
9.752420
10.262534
10.692086
11.013699
11.200000
11.234617
11.145193
10.970373
10.748804
10.519131
10.320000
10.180934
10.094958
10.045974
10.017885
9.994593
9.960000
9.899935
9.807940
9.679480
9.510025
9.295043
9.030000
8.720575
8.413284
8.164855
8.032013
8.071486
8.340000
8.863922
9.548183
10.267351
10.895996
11.308689
11.380000
11.028782
10.351022
9.486992
8.576965
7.761210
7.180000
6.937526
6.993656
7.272180
7.696886
8.191563
8.680000
9.095422
9.408799
9.600539
9.651048
9.540732
9.250000
8.772916
8.158184
7.468165
6.765220
6.111711
5.570000
5.189487
4.967724
4.889302
4.938814
5.100849
5.360000
5.700804
6.107588
6.564626
7.056192
7.566558
8.080000
8.582205
9.064516
9.519693
9.940494
10.319677
10.650000
10.926396
11.152495
11.334101
11.477017
11.587049
11.670000
11.732721
11.786245
11.842655
11.914030
12.012451
12.150000
12.330824
12.527339
12.704031
12.825382
12.855877
12.760000
12.516531
12.161434
11.744971
11.317404
10.928993
10.630000
10.454535
10.372110
10.336083
10.299816
10.216668
10.040000
9.738846
9.344941
8.905695
8.468516
8.080815
7.790000
7.629478
7.576644
7.594887
7.647601
7.698174
7.710000
7.656621
7.552188
7.421005
7.287378
7.175608
7.110000
7.104780
7.133865
7.161091
7.150297
7.065320
6.870000
6.542637
6.119391
5.650882
5.187732
4.780564
4.480000
4.322123
4.284869
4.331633
4.425812
4.530802
4.610000
4.635396
4.613356
4.558837
4.486799
4.412201
4.350000
4.312634
4.302448
4.319268
4.362917
4.433219
4.530000
4.650829
4.784259
4.916592
5.034126
5.123162
5.170000
5.166968
5.130515
5.083115
5.047245
5.045381
5.100000
5.227640
5.421090
5.667200
5.952821
6.264804
6.590000
6.913258
7.211423
7.459337
7.631843
7.703783
7.650000
7.459002
7.173958
6.851701
6.549067
6.322888
6.230000
6.305595
6.498301
6.735107
6.943000
7.048969
6.980000
6.690611
6.245431
5.736621
5.256339
4.896746
4.750000
4.876871
5.212567
5.660909
6.125716
6.510806
6.720000
6.681721
6.422818
5.994741
5.448945
4.836880
4.210000
3.613651
3.068754
2.590125
2.192579
1.890933
1.700000
1.630018
1.672907
1.816009
2.046664
2.352214
2.720000
3.138499
3.600729
4.100841
4.632988
5.191324
5.770000
6.363254
6.965660
7.571879
8.176568
8.774389
9.360000
9.929597
10.485520
11.031645
11.571849
12.110009
12.650000
13.193822
13.735965
14.269042
14.785665
15.278447
15.740000
16.164142
16.549508
16.895937
17.203269
17.471343
17.700000
17.888545
18.034152
18.133461
18.183112
18.179745
18.120000
18.000798
17.820180
17.576469
17.267987
16.893057
16.450000
15.942014
15.391794
14.826912
14.274938
13.763444
13.320000
12.962490
12.670051
12.412133
12.158185
11.877658
11.540000
11.122331
10.632445
10.085805
9.497876
8.884120
8.260000
7.640686
7.040169
6.472145
5.950311
5.488364
5.100000
4.792101
4.544287
4.329365
4.120139
3.889416
3.610000
3.264290
2.873052
2.466646
2.075429
1.729761
1.460000
1.289072
1.210170
1.209052
1.271478
1.383208
1.530000
1.695532
1.855157
1.982146
2.049769
2.031296
1.900000
1.644215
1.312534
0.968614
0.676114
0.498690
0.500000
0.718257
1.089893
1.525898
1.937258
2.234963
2.330000
2.165073
1.809745
1.365296
0.933002
0.614144
0.510000
0.689738
1.094089
1.631670
2.211103
2.741007
3.130000
3.311714
3.319826
3.213023
3.049992
2.889422
2.790000
2.796413
2.897347
3.067488
3.281520
3.514129
3.740000
3.937540
4.100043
4.224525
4.308001
4.347488
4.340000
4.285371
4.194702
4.081912
3.960919
3.845642
3.750000
3.685467
3.653742
3.654078
3.685730
3.747953
3.840000
3.956788
4.075887
4.170526
4.213937
4.179351
4.040000
3.786777
3.481230
3.202568
3.030003
3.042743
3.320000
3.906936
4.712527
5.611700
6.479385
7.190509
7.620000
7.682330
7.450144
7.035630
6.550976
6.108370
5.820000
5.765364
5.893193
6.119530
6.360416
6.531892
6.550000
6.356910
5.999306
5.550001
5.081806
4.667535
4.380000
4.268154
4.285508
4.361718
4.426434
4.409311
4.240000
3.876124
3.387179
2.870629
2.423939
2.144575
2.130000
2.439804
2.982074
3.627018
4.244847
4.705771
4.880000
4.685353
4.230082
3.670050
3.161118
2.859147
2.920000
3.447998
4.341301
5.446532
6.610312
7.679260
8.500000
8.961592
9.122861
9.085071
8.949488
8.817376
8.790000
8.939477
9.221329
9.561933
9.887662
10.124893
10.200000
10.063372
9.761452
9.364698
8.943567
8.568515
8.310000
8.214489
8.232492
8.290525
8.315109
8.232761
7.970000
7.481772
6.836729
6.131952
5.464518
4.931507
4.630000
4.622867
4.836146
5.161669
5.491265
5.716765
5.730000
5.459076
4.977204
4.393873
3.818570
3.360783
3.130000
3.201200
3.511333
3.962839
4.458158
4.899731
5.190000
5.260011
5.155241
4.949772
4.717687
4.533069
4.470000
4.580745
4.830295
5.161823
5.518501
5.843502
6.080000
6.186731
6.184690
6.110437
6.000531
5.891532
5.820000
5.814091
5.868353
5.968930
6.101967
6.253609
6.410000
6.556395
6.674491
6.745093
6.749008
6.667041
6.480000
6.179587
5.801091
5.390699
4.994595
4.658967
4.430000
4.339470
4.361515
4.455863
4.582241
4.700378
4.770000
4.759523
4.672107
4.519599
4.313847
4.066699
3.790000
3.495540
3.194872
2.899490
2.620888
2.370560
2.160000
1.998872
1.889515
1.832440
1.828156
1.877173
1.980000
2.134667
2.329289
2.549498
2.780931
3.009220
3.220000
3.403894
3.571478
3.738316
3.919973
4.132013
4.390000
4.704015
5.062206
5.447236
5.841770
6.228470
6.590000
6.912220
7.193771
7.436488
7.642208
7.812766
7.950000
8.055391
8.129007
8.170562
8.179770
8.156345
8.100000
8.012790
7.906126
7.793763
7.689453
7.606947
7.560000
7.562478
7.628709
7.773135
8.010197
8.354338
8.820000
9.408455
10.068295
10.734947
11.343832
11.830375
12.130000
12.200139
12.086257
11.855828
11.576327
11.315226
11.140000
11.099694
11.169640
11.306740
11.467899
11.610017
11.690000
11.677936
11.596665
11.482210
11.370598
11.297853
11.300000
11.399810
11.567034
11.758169
11.929710
12.038155
12.040000
11.907453
11.675569
11.395115
11.116858
10.891564
10.770000
10.788387
10.924764
11.142621
11.405452
11.676747
11.920000
12.103673
12.216116
12.250650
12.200594
12.059271
11.820000
11.486642
11.105216
10.732280
10.424393
10.238114
10.230000
10.433879
10.792650
11.226480
11.655537
11.999988
12.180000
12.138305
11.907888
11.544299
11.103089
10.639806
10.210000
9.859245
9.593206
9.407572
9.298034
9.260280
9.290000
9.380735
9.517438
9.682911
9.859960
10.031388
10.180000
10.290083
10.351859
10.357033
10.297311
10.164398
9.950000
9.650044
9.277349
8.848956
8.381906
7.893240
7.400000
6.915713
6.439857
5.968394
5.497288
5.022502
4.540000
4.050112
3.570631
3.123719
2.731536
2.416243
2.200000
2.096526
2.085768
2.139231
2.228420
2.324842
2.400000
2.430638
2.414447
2.354358
2.253301
2.114205
1.940000
1.737406
1.528297
1.338337
1.193192
1.118525
1.140000
1.273074
1.492367
1.762293
2.047266
2.311697
2.520000
2.647569
2.713717
2.748740
2.782931
2.846587
2.970000
3.172254
3.427580
3.698998
3.949528
4.142189
4.240000
4.219111
4.108186
3.949018
3.783402
3.653132
3.600000
3.652322
3.784492
3.957429
4.132048
4.269266
4.330000
4.288640
4.173474
4.026265
3.888775
3.802766
3.810000
3.937193
4.150870
4.402511
4.643594
4.825597
4.900000
4.834209
4.659341
4.422442
4.170555
3.950726
3.810000
3.778379
3.817691
3.872723
3.888261
3.809091
3.580000
3.167740
2.626933
2.034166
1.466030
0.999112
0.710000
0.655292
0.811616
1.135611
1.583915
2.113165
2.680000
3.246186
3.794011
4.310888
4.784235
5.201467
5.550000
5.823481
6.040490
6.225835
6.404329
6.600780
6.840000
7.135536
7.455882
7.758271
7.999932
8.138098
8.130000
7.950116
7.641907
7.266082
6.883351
6.554421
6.340000
6.282521
6.351305
6.497400
6.671850
6.825701
6.910000
6.889663
6.785095
6.630569
6.460362
6.308747
6.210000
6.189057
6.233501
6.321573
6.431519
6.541580
6.630000
6.679617
6.691643
6.671887
6.626156
6.560258
6.480000
6.392013
6.306223
6.233378
6.184226
6.169518
6.200000
6.282377
6.407169
6.560852
6.729901
6.900792
7.060000
7.193665
7.286583
7.323215
7.288022
7.165463
6.940000
6.605278
6.191683
5.738787
5.286160
4.873374
4.540000
4.313001
4.168907
4.071638
3.985116
3.873263
3.700000
3.441422
3.122320
2.779661
2.450411
2.171536
1.980000
1.900710
1.910331
1.973466
2.054720
2.118696
2.130000
2.063978
1.938948
1.783974
1.628117
1.500438
1.430000
1.440555
1.534616
1.709387
1.962073
2.289876
2.690000
3.150608
3.623698
4.052226
4.379148
4.547421
4.500000
4.204419
3.726517
3.156708
2.585409
2.103035
1.800000
1.737965
1.863568
2.094690
2.349215
2.545024
2.600000
2.455943
2.150323
1.744530
1.299953
0.877980
0.540000
0.332524
0.242547
0.242189
0.303566
0.398797
0.500000
0.583129
0.639487
0.664214
0.652449
0.599331
0.500000
0.356811
0.200984
0.070954
0.005157
0.042027
0.220000
0.558838
1.003612
1.480718
1.916553
2.237515
2.370000
2.266909
1.987160
1.616173
1.239370
0.942172
0.810000
0.901210
1.165896
1.527089
1.907818
2.231111
2.420000
2.418714
2.256292
1.982970
1.648989
1.304586
1.000000
0.777590
0.648196
0.614779
0.680300
0.847720
1.120000
1.491482
1.922036
2.362913
2.765365
3.080644
3.260000
3.272270
3.156624
2.969819
2.768609
2.609751
2.550000
2.627356
2.804802
3.026562
3.236865
3.379935
3.400000
3.261221
3.007502
2.702682
2.410599
2.195092
2.120000
2.228916
2.484448
2.828960
3.204814
3.554373
3.820000
3.960152
3.997668
3.971478
3.920515
3.883712
3.900000
3.996076
4.149695
4.326378
4.491643
4.611010
4.650000
4.586330
4.446514
4.269261
4.093284
3.957293
3.900000
3.949205
4.089065
4.292827
4.533739
4.785048
5.020000
5.217314
5.377598
5.506930
5.611388
5.697052
5.770000
5.835056
5.892024
5.939453
5.975893
5.999892
6.010000
6.007091
6.001342
6.005257
6.031336
6.092083
6.200000
6.361487
6.558532
6.767021
6.962838
7.121869
7.220000
7.239368
7.187122
7.076661
6.921387
6.734700
6.530000
6.319188
6.108165
5.901334
5.703095
5.517850
5.350000
5.206333
5.103179
5.059253
5.093271
5.223948
5.470000
5.838118
6.286896
6.762903
7.212710
7.582886
7.820000
7.887352
7.815163
7.650383
7.439962
7.230851
7.070000
6.991408
6.977266
6.996815
7.019293
7.013942
6.950000
6.808498
6.617624
6.417358
6.247679
6.148567
6.160000
6.307704
6.560387
6.872504
7.198509
7.492856
7.710000
7.815779
7.821569
7.750127
7.624212
7.466584
7.300000
7.143484
7.001115
6.873239
6.760198
6.662337
6.580000
6.511118
6.443969
6.364418
6.258330
6.111569
5.910000
5.644960
5.329674
4.982838
4.623149
4.269304
3.940000
3.649319
3.392891
3.161730
2.946851
2.739270
2.530000
2.313734
2.099872
1.901491
1.731667
1.603478
1.530000
1.519910
1.564286
1.649806
1.763146
1.890985
2.020000
2.138615
2.242241
2.328036
2.393155
2.434758
2.450000
2.436925
2.397119
2.333052
2.247196
2.142021
2.020000
1.883267
1.732617
1.568507
1.391395
1.201740
1.000000
0.792413
0.608340
0.482921
0.451298
0.548611
0.810000
1.253608
1.829579
2.471058
3.111191
3.683123
4.120000
4.370285
4.443715
4.365347
4.160234
3.853433
3.470000
3.038910
2.604819
2.216306
1.921947
1.770319
1.810000
2.069632
2.498119
3.024430
3.577535
4.086402
4.480000
4.707238
4.796778
4.797223
4.757174
4.725232
4.750000
4.867898
5.066619
5.321678
5.608585
5.902855
6.180000
6.420662
6.626004
6.802316
6.955892
7.093023
7.220000
7.342880
7.466773
7.596557
7.737105
7.893294
8.070000
8.266477
8.459496
8.620207
8.719762
8.729309
8.620000
8.377880
8.048577
7.692614
7.370515
7.142802
7.070000
7.186587
7.422864
7.683087
7.871513
7.892399
7.650000
7.080264
6.245895
5.241289
4.160841
3.098946
2.150000
1.393979
0.853187
0.535508
0.448827
0.601030
1.000000
1.640718
2.466543
3.407929
4.395331
5.359203
6.230000
6.954121
7.541753
8.019025
8.412070
8.747018
9.050000
9.343120
9.632372
9.919720
10.207130
10.496569
10.790000
11.083999
11.353575
11.568345
11.697927
11.711940
11.580000
11.288013
10.887033
10.444400
10.027456
9.703543
9.540000
9.577653
9.751257
9.969054
10.139284
10.170186
9.970000
9.481053
8.782012
7.985632
7.204668
6.551872
6.140000
6.044896
6.194769
6.480916
6.794638
7.027233
7.070000
6.846863
6.412247
5.853203
5.256780
4.710029
4.300000
4.091819
4.062910
4.168773
4.364910
4.606819
4.850000
5.052483
5.182410
5.210453
5.107285
4.843577
4.390000
3.739778
2.976339
2.205663
1.533728
1.066514
0.910000
1.130581
1.636307
2.295646
2.977064
3.549026
3.880000
3.879011
3.617321
3.206753
2.759129
2.386271
2.200000
2.279904
2.576631
3.008591
3.494198
3.951864
4.300000
4.476882
4.500231
4.407633
4.236672
4.024933
3.810000
3.623634
3.474298
3.364628
3.297264
3.274842
3.300000
3.371683
3.474059
3.587604
3.692792
3.770099
3.800000
3.770467
3.699465
3.612455
3.534900
3.492261
3.510000
3.605476
3.763636
3.961325
4.175385
4.382662
4.560000
4.691749
4.792286
4.883496
4.987262
5.125469
5.320000
5.581788
5.877960
6.164691
6.398158
6.534536
6.530000
6.357303
6.055505
5.680239
5.287143
4.931851
4.670000
4.541545
4.523726
4.578101
4.666233
4.749679
4.790000
4.757720
4.659223
4.509855
4.324963
4.119896
3.910000
3.706092
3.500865
3.282480
3.039100
2.758886
2.430000
2.047310
1.632504
1.213976
0.820120
0.479330
0.220000
0.063743
0.005046
0.031616
0.131161
0.291387
0.500000
0.744850
1.014351
1.297059
1.581533
1.856327
2.110000
2.333201
2.524960
2.686396
2.818634
2.922795
3.000000
3.055770
3.113218
3.199855
3.343190
3.570735
3.910000
4.375198
4.927352
5.514185
6.083421
6.582784
6.960000
7.175196
7.238115
7.170907
6.995720
6.734701
6.410000
6.039344
5.622780
5.155937
4.634440
4.053919
3.410000
2.709652
2.005209
1.360346
0.838740
0.504066
0.420000
0.626586
1.069348
1.670178
2.350968
3.033611
3.640000
4.112013
4.471473
4.760192
5.019980
5.292645
5.620000
6.029437
6.490684
6.959053
7.389854
7.738400
7.960000
8.022878
7.946901
7.764846
7.509492
7.213617
6.910000
6.626736
6.373195
6.154064
5.974029
5.837779
5.750000
5.710501
5.699579
5.692650
5.665132
5.592443
5.450000
5.222787
4.934046
4.616588
4.303222
4.026756
3.820000
3.710297
3.703126
3.798498
3.996426
4.296923
4.700000
5.200377
5.771599
6.381920
6.999592
7.592868
8.130000
8.589538
8.991218
9.365071
9.741131
10.149430
10.620000
11.168369
11.752049
12.314045
12.797364
13.145014
13.300000
13.223328
12.947995
12.525000
12.005337
11.440005
10.880000
10.363552
9.877822
9.397207
8.896101
8.348901
7.730000
7.029549
6.300716
5.612422
5.033590
4.633142
4.480000
4.612372
4.945610
5.364354
5.753241
5.996910
5.980000
5.627676
5.027214
4.306413
3.593076
3.015005
2.700000
2.739376
3.078499
3.626244
4.291492
4.983118
5.610000
6.105281
6.499162
6.846109
7.200587
7.617062
8.150000
8.832832
9.614852
10.424319
11.189493
11.838634
12.300000
12.521678
12.531060
12.375364
12.101810
11.757616
11.390000
11.036706
10.697576
10.362974
10.023267
9.668821
9.290000
8.885293
8.485674
8.130239
7.858084
7.708306
7.720000
7.912770
8.228246
8.588569
8.915877
9.132307
9.160000
8.945619
8.533933
7.994234
7.395817
6.807974
6.300000
5.922578
5.651949
5.445745
5.261598
5.057139
4.790000
4.434163
4.029013
3.630287
3.293718
3.075044
3.030000
3.195538
3.533479
3.986859
4.498714
5.012083
5.470000
5.829147
6.100774
6.309778
6.481054
6.639496
6.810000
7.012598
7.247869
7.511528
7.799293
8.106878
8.430000
8.762268
9.088863
9.392859
9.657331
9.865353
10.000000
10.048424
10.014089
9.904536
9.727310
9.489950
9.200000
8.867139
8.509598
8.147745
7.801949
7.492578
7.240000
7.057464
6.929741
6.834482
6.749338
6.651960
6.520000
6.335967
6.101807
5.824326
5.510328
5.166617
4.800000
4.422557
4.067474
3.773214
3.578240
3.521015
3.640000
3.954963
4.410889
4.934067
5.450785
5.887333
6.170000
6.247034
6.154524
5.950517
5.693062
5.440207
5.250000
5.164863
5.164719
5.213864
5.276595
5.317208
5.300000
5.201568
5.047710
4.876526
4.726113
4.634572
4.640000
4.766272
4.980366
5.235033
5.483026
5.677097
5.770000
5.730426
5.590826
5.399593
5.205117
5.055789
5.000000
5.069663
5.230773
5.432845
5.625397
5.757943
5.780000
5.659116
5.434971
5.165275
4.907741
4.720079
4.660000
4.768177
5.017120
5.362303
5.759196
6.163271
6.530000
6.824380
7.049510
7.218014
7.342514
7.435635
7.510000
7.576107
7.635949
7.689393
7.736305
7.776552
7.810000
7.835033
7.844099
7.828164
7.778193
7.685150
7.540000
7.339316
7.102097
6.852950
6.616480
6.417295
6.280000
6.220573
6.220475
6.252537
6.289591
6.304468
6.270000
6.164734
5.990077
5.753152
5.461082
5.120991
4.740000
4.325076
3.882552
3.418606
2.939414
2.451153
1.960000
1.477741
1.038604
0.682424
0.449039
0.378285
0.510000
0.863820
1.378589
1.972948
2.565541
3.075011
3.420000
3.540727
3.463708
3.237034
2.908797
2.527089
2.140000
1.791605
1.509913
1.318915
1.242603
1.304967
1.530000
1.931092
2.479231
3.134805
3.858199
4.609802
5.350000
6.045183
6.685753
7.268115
7.788674
8.243834
8.630000
8.945259
9.194422
9.383984
9.520438
9.610279
9.660000
9.680542
9.700633
9.753449
9.872166
10.089957
10.440000
10.936370
11.516749
12.099719
12.603862
12.947762
13.050000
12.857358
12.429409
11.853926
11.218682
10.611449
10.120000
9.809709
9.656358
9.613328
9.634003
9.671766
9.680000
9.624778
9.522939
9.404012
9.297527
9.233013
9.240000
9.335114
9.483369
9.636875
9.747742
9.768080
9.650000
9.361061
8.930622
8.403489
7.824469
7.238371
6.690000
6.213464
5.800069
5.430420
5.085122
4.744780
4.390000
4.006702
3.602065
3.188582
2.778748
2.385056
2.020000
1.697876
1.440190
1.270251
1.211367
1.286847
1.520000
1.920637
2.444583
3.034165
3.631710
4.179546
4.620000
4.911381
5.075922
5.151840
5.177348
5.190663
5.230000
5.327312
5.489506
5.717226
6.011119
6.371828
6.800000
7.288353
7.797907
8.281756
8.692991
8.984708
9.110000
9.041497
8.829976
8.545751
8.259138
8.040449
7.960000
8.066679
8.323671
8.672739
9.055643
9.414143
9.690000
9.841141
9.890154
9.875792
9.836810
9.811961
9.840000
9.947693
10.113862
10.305343
10.488969
10.631576
10.700000
10.669661
10.550323
10.360338
10.118055
9.841826
9.550000
9.256859
8.960401
8.654557
8.333256
7.990427
7.620000
7.222257
6.822887
6.453934
6.147440
5.935448
5.850000
5.908375
6.068792
6.274707
6.469576
6.596856
6.600000
6.440866
6.154909
5.795988
5.417958
5.074676
4.820000
4.691311
4.660090
4.681342
4.710074
4.701292
4.610000
4.404215
4.103992
3.742394
3.352486
2.967334
2.620000
2.337014
2.118759
1.959082
1.851832
1.790855
1.770000
1.783285
1.825418
1.891277
1.975742
2.073690
2.180000
2.287206
2.378457
2.434558
2.436313
2.364525
2.200000
1.934604
1.604456
1.256739
0.938636
0.697329
0.580000
0.616555
0.767793
0.977234
1.188401
1.344816
1.390000
1.287926
1.084374
0.845574
0.637758
0.527156
0.580000
0.838176
1.246193
1.724219
2.192418
2.570956
2.780000
2.762612
2.553445
2.210050
1.789978
1.350777
0.950000
0.635589
0.417062
0.294329
0.267301
0.335888
0.500000
0.752948
1.061639
1.386382
1.687484
1.925254
2.060000
2.063963
1.957123
1.771394
1.538688
1.290919
1.060000
0.871801
0.728016
0.624293
0.556284
0.519636
0.510000
0.522767
0.552295
0.592682
0.638030
0.682436
0.720000
0.748057
0.776879
0.819977
0.890857
1.003028
1.170000
1.397414
1.659447
1.922411
2.152617
2.316377
2.380000
2.322705
2.175332
1.981628
1.785341
1.630216
1.560000
1.603387
1.728854
1.889825
2.039724
2.131974
2.120000
1.973192
1.724807
1.424071
1.120208
0.862443
0.700000
0.667642
0.742287
0.886389
1.062406
1.232791
1.360000
1.414989
1.402712
1.336621
1.230170
1.096812
0.950000
0.802355
0.663163
0.540878
0.443953
0.380843
0.360000
0.386842
0.454637
0.553618
0.674017
0.806067
0.940000
1.069538
1.202364
1.349650
1.522570
1.732295
1.990000
2.306025
2.687390
3.140282
3.670889
4.285399
4.990000
5.781778
6.621410
7.460472
8.250541
8.943191
9.490000
9.854087
10.044749
10.082830
9.989170
9.784613
9.490000
9.128774
8.734779
8.344459
7.994260
7.720625
7.560000
7.536281
7.623173
7.781834
7.973420
8.159090
8.300000
8.364575
8.350307
8.261956
8.104281
7.882043
7.600000
7.265559
6.896711
6.514093
6.138344
5.790100
5.490000
5.252218
5.065073
4.910422
4.770122
4.626029
4.460000
4.260617
4.043369
3.830469
3.644131
3.506570
3.440000
3.459526
3.551822
3.696452
3.872982
4.060976
4.240000
4.392297
4.510826
4.591223
4.629127
4.620173
4.560000
4.449989
4.314505
4.183655
4.087548
4.056294
4.120000
4.295199
4.544119
4.815408
5.057718
5.219698
5.250000
5.113935
4.843465
4.487214
4.093803
3.711858
3.390000
3.166004
3.034242
2.978237
2.981514
3.027593
3.100000
3.184735
3.277715
3.377337
3.481994
3.590083
3.700000
3.809686
3.915267
4.012416
4.096807
4.164110
4.210000
4.232263
4.237142
4.232998
4.228187
4.231068
4.250000
4.289782
4.340978
4.390593
4.425632
4.433099
4.400000
4.321896
4.228574
4.158379
4.149656
4.240748
4.470000
4.856108
5.339171
5.839640
6.277967
6.574604
6.650000
6.453582
6.050670
5.535560
5.002548
4.545930
4.260000
4.207714
4.326669
4.523119
4.703320
4.773529
4.640000
4.239589
3.631544
2.905715
2.151949
1.460094
0.920000
0.601477
0.494192
0.567773
0.791848
1.136048
1.570000
2.060335
2.561688
3.025695
3.403992
3.648215
3.710000
3.563987
3.276833
2.938197
2.637739
2.465120
2.510000
2.835243
3.396536
4.122767
4.942829
5.785609
6.580000
7.262863
7.802950
8.176983
8.361687
8.333785
8.070000
7.566036
6.893517
6.143049
5.405237
4.770685
4.330000
4.149846
4.201130
4.430820
4.785884
5.213288
5.660000
6.086571
6.507888
6.952419
7.448635
8.025005
8.710000
9.515165
10.384356
11.244503
12.022539
12.645394
13.040000
13.156934
13.041355
12.762068
12.387877
11.987586
11.630000
11.367700
11.188371
11.063475
10.964473
10.862828
10.730000
10.547035
10.333309
10.117782
9.929415
9.797168
9.750000
9.804393
9.926913
10.071646
10.192680
10.244103
10.180000
9.969560
9.642374
9.243134
8.816530
8.407255
8.060000
7.807875
7.637665
7.524570
7.443793
7.370535
7.280000
7.153290
6.995116
6.816088
6.626818
6.437919
6.260000
6.100862
5.957058
5.822329
5.690415
5.555059
5.410000
5.254465
5.109615
5.002097
4.958558
5.005643
5.170000
5.462020
5.827075
6.194283
6.492762
6.651628
6.600000
6.297456
5.825418
5.295769
4.820395
4.511177
4.480000
4.796815
5.363847
6.041389
6.689733
7.169172
7.340000
7.105191
6.538454
5.756176
4.874748
4.010559
3.280000
2.772558
2.470117
2.327658
2.300165
2.342618
2.410000
2.466243
2.511080
2.553191
2.601261
2.663969
2.750000
2.869691
3.040009
3.279576
3.607015
4.040949
4.600000
5.292399
6.084810
6.933504
7.794753
8.624827
9.380000
10.025666
10.563714
11.005158
11.361012
11.642288
11.860000
12.022901
12.130705
12.180863
12.170830
12.098058
11.960000
11.757822
11.507542
11.228889
10.941594
10.665388
10.420000
10.221181
10.068758
9.958581
9.886497
9.848354
9.840000
9.854584
9.874461
9.879286
9.848714
9.762400
9.600000
9.345250
8.998211
8.563024
8.043832
7.444777
6.770000
6.030573
5.265289
4.519868
3.840032
3.271502
2.860000
2.634308
2.555449
2.567505
2.614560
2.640698
2.590000
2.424231
2.175879
1.895112
1.632097
1.437004
1.360000
1.433905
1.622145
1.870797
2.125939
2.333647
2.440000
2.410472
2.288133
2.135449
2.014888
1.988916
2.120000
2.448279
2.924581
3.477405
4.035250
4.526615
4.880000
5.044512
5.051689
4.953680
4.802631
4.650688
4.550000
4.536729
4.583105
4.645375
4.679783
4.642576
4.490000
4.195886
3.804407
3.377321
2.976386
2.663360
2.500000
2.529216
2.718524
3.016590
3.372080
3.733661
4.050000
4.280674
4.428903
4.508819
4.534553
4.520236
4.480000
4.425218
4.356234
4.270634
4.166005
4.039931
3.890000
3.718546
3.546901
3.401144
3.307355
3.291613
3.380000
3.588189
3.890236
4.249790
4.630502
4.996022
5.310000
5.546058
5.717711
5.848445
5.961747
6.081103
6.230000
6.419800
6.613364
6.761430
6.814733
6.724011
6.440000
5.936825
5.282165
4.567086
3.882654
3.319937
2.970000
2.894982
3.041309
3.326477
3.667983
3.983325
4.190000
4.227690
4.124822
3.932008
3.699858
3.478985
3.320000
3.261015
3.290142
3.382993
3.515178
3.662310
3.800000
3.910332
4.001275
4.087271
4.182763
4.302192
4.460000
4.662751
4.885499
5.095421
5.259694
5.345495
5.320000
5.162508
4.900803
4.574793
4.224385
3.889485
3.610000
3.416895
3.305363
3.261656
3.272025
3.322723
3.400000
3.490053
3.578858
3.652334
3.696403
3.696985
3.640000
3.515346
3.328836
3.090256
2.809398
2.496050
2.160000
1.813792
1.480985
1.187890
0.960819
0.826085
0.810000
0.926753
1.142040
1.409435
1.682511
1.914841
2.060000
2.088039
2.034930
1.953121
1.895064
1.913206
2.060000
2.370627
2.811204
3.330580
3.877605
4.401129
4.850000
5.186489
5.426550
5.599557
5.734885
5.861908
6.010000
6.199434
6.414077
6.628691
6.818040
6.956888
7.020000
6.990588
6.885661
6.730680
6.551104
6.372391
6.220000
6.111317
6.031426
5.957338
5.866064
5.734614
5.540000
5.268961
4.947155
4.609969
4.292790
4.031004
3.860000
3.805247
3.852547
3.977787
4.156852
4.365628
4.580000
4.787274
5.020435
5.323884
5.742026
6.319263
7.100000
8.104961
9.260159
10.467928
11.630601
12.650514
13.430000
13.900381
14.108930
14.131906
14.045570
13.926181
13.850000
13.877357
14.004862
14.213198
14.483046
14.795086
15.130000
15.471210
15.813102
16.152801
16.487433
16.814124
17.130000
17.433589
17.729026
18.021849
18.317594
18.621799
18.940000
19.269757
19.576718
19.818553
19.952932
19.937524
19.730000
19.306410
18.716323
18.027688
17.308457
16.626578
16.050000
15.628030
15.335399
15.128193
14.962500
14.794407
14.580000
14.285359
13.916526
13.489539
13.020432
12.525240
12.020000
11.515906
11.004792
10.473651
9.909476
9.299262
8.630000
7.896851
7.127640
6.358358
5.624996
4.963546
4.410000
3.990348
3.690575
3.486669
3.354614
3.270396
3.210000
3.157962
3.133022
3.162466
3.273585
3.493667
3.850000
4.358497
4.989560
5.702216
6.455491
7.208410
7.920000
8.555272
9.103181
9.558668
9.916673
10.172137
10.320000
10.360183
10.312529
10.201861
10.053001
9.890773
9.740000
9.622514
9.548184
9.523889
9.556507
9.652918
9.820000
10.058790
10.346959
10.656335
10.958748
11.226027
11.430000
11.549595
11.592130
11.572022
11.503687
11.401540
11.280000
11.152182
11.026002
10.908077
10.805024
10.723460
10.670000
10.647790
10.646085
10.650669
10.647327
10.621843
10.560000
10.450595
10.294475
10.095497
9.857519
9.584401
9.280000
8.951727
8.621201
8.313594
8.054077
7.867822
7.780000
7.801988
7.889980
7.986377
8.033579
7.973987
7.750000
7.324027
6.738509
6.055897
5.338642
4.649193
4.050000
3.589915
3.263391
3.051283
2.934445
2.893733
2.910000
2.966731
3.057927
3.180221
3.330243
3.504626
3.700000
3.911218
4.126011
4.330333
4.510137
4.651375
4.740000
4.768121
4.752472
4.715945
4.681430
4.671818
4.710000
4.809123
4.943358
5.077136
5.174883
5.201028
5.120000
4.913953
4.635946
4.356763
4.147188
4.078005
4.220000
4.617333
5.207673
5.902064
6.611552
7.247183
7.720000
7.966576
8.025585
7.961231
7.837714
7.719236
7.670000
7.732383
7.861467
7.990513
8.052777
7.981520
7.710000
7.196902
6.502619
5.712969
4.913770
4.190841
3.630000
3.292462
3.141019
3.113863
3.149181
3.185164
3.160000
3.028251
2.809970
2.541580
2.259505
2.000171
1.800000
1.687958
1.663174
1.717317
1.842056
2.029061
2.270000
2.550980
2.835851
3.082901
3.250418
3.296688
3.180000
2.879836
2.460459
2.007329
1.605903
1.341640
1.300000
1.538473
2.002683
2.610285
3.278934
3.926288
4.470000
4.846734
5.069179
5.169032
5.177989
5.127746
5.050000
4.973480
4.915044
4.888587
4.907998
4.987172
5.140000
5.372542
5.659532
5.967872
6.264462
6.516204
6.690000
6.757416
6.708678
6.538676
6.242302
5.814447
5.250000
4.558164
3.805386
3.072423
2.440032
1.988972
1.800000
1.929927
2.339779
2.966633
3.747569
4.619665
5.520000
6.394071
7.221054
7.988544
8.684135
9.295422
9.810000
10.219529
10.531931
10.759192
10.913299
11.006240
11.050000
11.056424
11.036779
11.002189
10.963780
10.932676
10.920000
10.933110
10.964288
11.002051
11.034914
11.051391
11.040000
10.991277
10.903846
10.778357
10.615454
10.415786
10.180000
9.913080
9.637363
9.379523
9.166233
9.024167
8.980000
9.049319
9.203368
9.402303
9.606282
9.775462
9.870000
9.864273
9.789537
9.691266
9.614937
9.606023
9.710000
9.955764
10.305892
10.706382
11.103231
11.442438
11.670000
11.748550
11.707265
11.591956
11.448434
11.322512
11.260000
11.291053
11.383195
11.488294
11.558217
11.544830
11.400000
11.093719
10.668471
10.184867
9.703514
9.285022
8.990000
8.857034
8.836622
8.857238
8.847357
8.735453
8.450000
7.949023
7.308742
6.634929
6.033354
5.609788
5.470000
5.685902
6.193963
6.896794
7.697004
8.497202
9.200000
9.728805
10.090219
10.311645
10.420483
10.444134
10.410000
10.342907
10.257382
10.165377
10.078844
10.009734
9.970000
9.967715
9.995437
10.041847
10.095624
10.145448
10.180000
10.192113
10.191239
10.190985
10.204956
10.246759
10.330000
10.467629
10.669976
10.946713
11.307514
11.762052
12.320000
12.978388
13.683672
14.369664
14.970174
15.419016
15.650000
15.620391
15.381260
15.007132
14.572530
14.151978
13.820000
13.630511
13.554990
13.544308
13.549335
13.520942
13.410000
13.180807
12.851373
12.453137
12.017538
11.576012
11.160000
10.794132
10.475813
10.195643
9.944218
9.712138
9.490000
9.270073
9.051299
8.834292
8.619665
8.408030
8.200000
7.996689
7.801213
7.617189
7.448234
7.297966
7.170000
7.067385
6.990886
6.940702
6.917028
6.920062
6.950000
7.003032
7.059316
7.095004
7.086246
7.009195
6.840000
6.565997
6.219257
5.843033
5.480580
5.175151
4.970000
4.892747
4.908470
4.966613
5.016620
5.007935
4.890000
4.632413
4.285381
3.919264
3.604421
3.411213
3.410000
3.643851
4.046673
4.525082
4.985695
5.335129
5.480000
5.355054
5.007558
4.512908
3.946501
3.383733
2.900000
2.555146
2.346799
2.257035
2.267930
2.361560
2.520000
2.726447
2.968581
3.235203
3.515113
3.797111
4.070000
4.326797
4.577395
4.835904
5.116435
5.433096
5.800000
6.222382
6.669985
7.103680
7.484334
7.772817
7.930000
7.931962
7.815626
7.633128
7.436601
7.278180
7.210000
7.266901
7.414548
7.601310
7.775560
7.885666
7.880000
7.721129
7.428405
7.035381
6.575605
6.082628
5.590000
5.126594
4.702572
4.323417
3.994614
3.721647
3.510000
3.360134
3.252418
3.162200
3.064827
2.935644
2.750000
2.494213
2.198496
1.904031
1.652004
1.483599
1.440000
1.547643
1.773970
2.071675
2.393453
2.691996
2.920000
3.045123
3.094884
3.111768
3.138260
3.216842
3.390000
3.690106
4.109085
4.628751
5.230917
5.897395
6.610000
7.355055
8.136923
8.964477
9.846593
10.792142
11.810000
12.891805
13.960262
14.920840
15.679009
16.140239
16.210000
15.831660
15.100179
14.148414
13.109224
12.115467
11.300000
10.764147
10.483097
10.400503
10.460020
10.605301
10.780000
10.935825
11.056692
11.134573
11.161438
11.129256
11.030000
10.861767
10.647171
10.414955
10.193859
10.012627
9.900000
9.874190
9.911289
9.976858
10.036458
10.055652
10.000000
9.845778
9.612118
9.328865
9.025864
8.732960
8.480000
8.285891
8.125795
7.963934
7.764532
7.491813
7.110000
6.596351
5.980259
5.304150
4.610453
3.941594
3.340000
2.840789
2.449837
2.165715
1.986989
1.912228
1.940000
2.067717
2.288169
2.592990
2.973813
3.422271
3.930000
4.487880
5.083782
5.704826
6.338131
6.970816
7.590000
8.181459
8.725592
9.201456
9.588108
9.864604
10.010000
10.015776
9.923109
9.785598
9.656843
9.590444
9.640000
9.842287
10.166786
10.566151
10.993038
11.400102
11.740000
11.972759
12.087895
12.082299
11.952858
11.696462
11.310000
10.797094
10.188299
9.520904
8.832197
8.159466
7.540000
7.002985
6.545203
6.155334
5.822057
5.534053
5.280000
5.052215
4.857553
4.706509
4.609573
4.577240
4.620000
4.743758
4.936065
5.179881
5.458167
5.753887
6.050000
6.331271
6.589669
6.818969
7.012942
7.165362
7.270000
7.322965
7.329703
7.297994
7.235620
7.150362
7.050000
6.940157
6.817817
6.677805
6.514948
6.324071
6.100000
5.841594
5.563846
5.285785
5.026439
4.804834
4.640000
4.544025
4.501244
4.489054
4.484852
4.466035
4.410000
4.300549
4.147105
3.965499
3.771560
3.581117
3.410000
3.270077
3.157373
3.063950
2.981871
2.903200
2.820000
2.726272
2.623774
2.516202
2.407251
2.300619
2.200000
2.112750
2.060864
2.069992
2.165789
2.373908
2.720000
3.216013
3.819067
4.472578
5.119961
5.704630
6.170000
6.473707
6.630274
6.668444
6.616959
6.504563
6.360000
6.211241
6.083169
5.999897
5.985537
6.064200
6.260000
6.586932
7.018532
7.518219
8.049413
8.575533
9.060000
9.468716
9.777518
9.964727
10.008664
9.887648
9.580000
9.078296
8.432135
7.705371
6.961858
6.265449
5.680000
5.255876
4.989496
4.863788
4.861683
4.966110
5.160000
5.425467
5.741364
6.085728
6.436597
6.772009
7.070000
7.309015
7.469123
7.530800
7.474521
7.280762
6.930000
6.417131
5.794737
5.129823
4.489393
3.940451
3.550000
3.369083
3.384892
3.568657
3.891610
4.324981
4.840000
5.409224
6.010511
6.623047
7.226017
7.798607
8.320000
8.772449
9.150472
9.451654
9.673579
9.813833
9.870000
9.843619
9.752045
9.616588
9.458555
9.299256
9.160000
9.055991
8.978013
8.910746
8.838868
8.747060
8.620000
8.451954
8.275531
8.132929
8.066342
8.117967
8.330000
8.716286
9.177269
9.585040
9.811690
9.729313
9.210000
8.187993
6.846133
5.429413
4.182823
3.351355
3.180000
3.831372
5.138568
6.852309
8.723315
10.502305
11.940000
12.851938
13.312929
13.462602
13.440585
13.386509
13.440000
13.705970
14.150458
14.704784
15.300270
15.868235
16.340000
16.661959
16.840794
16.898261
16.856114
16.736109
16.560000
16.350685
16.135625
15.943423
15.802683
15.742007
15.790000
15.958497
16.192263
16.419298
16.567600
16.565168
16.340000
15.841024
15.100879
14.173136
13.111362
11.969127
10.800000
9.657502
8.594961
7.665660
6.922879
6.419898
6.210000
6.319988
6.670757
7.156724
7.672309
8.111928
8.370000
8.372177
8.169049
7.842442
7.474182
7.146092
6.940000
6.918111
7.064159
7.342257
7.716520
8.151063
8.610000
9.058897
9.469131
9.813530
10.064922
10.196136
10.180000
10.004309
9.716724
9.379874
9.056384
8.808884
8.700000
8.769144
8.962860
9.204476
9.417319
9.524718
9.450000
9.143976
8.667391
8.108473
7.555450
7.096549
6.820000
6.787452
6.954243
7.249133
7.600882
7.938251
8.190000
8.301124
8.281564
8.157495
7.955095
7.700537
7.420000
7.134394
6.843576
6.542135
6.224665
5.885756
5.520000
5.129123
4.743393
4.400213
4.136985
3.991113
4.000000
4.184623
4.500260
4.885763
5.279986
5.621781
5.850000
5.927988
5.917050
5.902985
5.971590
6.208662
6.700000
7.497131
8.514503
9.632297
10.730692
11.689866
12.390000
12.746222
12.813456
12.681577
12.440459
12.179975
11.990000
11.936594
11.990562
12.098896
12.208585
12.266623
12.220000
12.028328
11.701703
11.262841
10.734459
10.139273
9.500000
8.838520
8.173367
7.522240
6.902838
6.332858
5.830000
5.415325
5.123348
4.991949
5.059005
5.362396
5.940000
6.802773
7.853981
8.969965
10.027068
10.901632
11.470000
11.653119
11.550357
11.305690
11.063092
10.966537
11.160000
11.740354
12.616072
13.648524
14.699082
15.629117
16.300000
16.610974
16.612763
16.393965
16.043174
15.648987
15.300000
15.064778
14.931763
14.869367
14.846000
14.830074
14.790000
14.697275
14.535739
14.292318
13.953937
13.507523
12.940000
12.244085
11.435651
10.536361
9.567881
8.551872
7.510000
6.471849
5.498696
4.659736
4.024169
3.661191
3.640000
4.001574
4.674011
5.557193
6.550999
7.555308
8.470000
9.220282
9.832666
10.358991
10.851095
11.360819
11.940000
12.613549
13.298658
13.885594
14.264619
14.326000
13.960000
13.109413
11.927145
10.618634
9.389316
8.444626
7.990000
8.166162
8.854982
9.873619
11.039228
12.168970
13.080000
13.631680
13.852185
13.811891
13.581178
13.230421
12.830000
12.434663
12.036649
11.612566
11.139024
10.592632
9.950000
9.202768
8.402701
7.616595
6.911245
6.353448
6.010000
5.928015
6.075881
6.402306
6.855996
7.385658
7.940000
8.471099
8.944516
9.329183
9.594031
9.707993
9.640000
9.377312
8.980499
8.528463
8.100101
7.774314
7.630000
7.720303
7.995339
8.379467
8.797046
9.172438
9.430000
9.514301
9.450739
9.284921
9.062454
8.828945
8.630000
8.496059
8.396892
8.287100
8.121286
7.854052
7.440000
6.855491
6.163917
5.450430
4.800180
4.298320
4.030000
4.056377
4.342627
4.829932
5.459475
6.172437
6.910000
7.618725
8.266688
8.827342
9.274143
9.580544
9.720000
9.676084
9.472845
9.144449
8.725065
8.248859
7.750000
7.264531
6.836008
6.509862
6.331524
6.346426
6.600000
7.116670
7.836827
8.679854
9.565137
10.412057
11.140000
11.679392
12.004834
12.101971
11.956448
11.553909
10.880000
9.947430
8.877171
7.817262
6.915738
6.320639
6.180000
6.591768
7.453517
8.612732
9.916895
11.213490
12.350000
13.205175
13.782833
14.118059
14.245939
14.201558
14.020000
13.724663
13.292188
12.687531
11.875644
10.821483
9.490000
7.883165
6.151007
4.480568
3.058892
2.073021
1.710000
2.093556
3.094155
4.518948
6.175086
7.869720
9.410000
10.642288
11.569781
12.234891
12.680024
12.947591
13.080000
13.116877
13.086719
13.015239
12.928150
12.851166
12.810000
12.821082
12.863711
12.907902
12.923670
12.881031
12.750000
12.513562
12.206584
11.876902
11.572353
11.340774
11.230000
11.268743
11.409212
11.584490
11.727658
11.771801
11.650000
11.319473
10.833974
10.271390
9.709607
9.226515
8.900000
8.782391
8.823780
8.948702
9.081690
9.147278
9.070000
8.797445
8.369423
7.848802
7.298446
6.781224
6.360000
6.083571
5.944453
5.921092
5.991932
6.135419
6.330000
6.556187
6.802764
7.060582
7.320493
7.573349
7.810000
8.023117
8.212640
8.380330
8.527947
8.657251
8.770000
8.869032
8.961491
9.055597
9.159570
9.281631
9.430000
9.609782
9.813618
10.031033
10.251551
10.464699
10.660000
10.826608
10.952185
11.024022
11.029410
10.955639
10.790000
10.529435
10.209495
9.875379
9.572291
9.345431
9.240000
9.285095
9.445392
9.669460
9.905871
10.103194
10.210000
10.187406
10.046716
9.811779
9.506448
9.154571
8.780000
8.403429
8.032931
7.673422
7.329820
7.007040
6.710000
6.448229
6.249709
6.147032
6.172792
6.359584
6.740000
7.329348
8.073790
8.902201
9.743457
10.526431
11.180000
11.652572
11.970685
12.180413
12.327826
12.458998
12.620000
12.842773
13.102728
13.361148
13.579313
13.718503
13.740000
13.619301
13.388772
13.094995
12.784552
12.504026
12.300000
12.201505
12.167370
12.138873
12.057294
11.863910
11.500000
10.926115
10.179898
9.318263
8.398125
7.476399
6.610000
5.846256
5.194149
4.653074
4.222428
3.901604
3.690000
3.587704
3.597581
3.723190
3.968090
4.335841
4.830000
5.445568
6.143306
6.875416
7.594100
8.251561
8.800000
9.209562
9.522159
9.797647
10.095880
10.476713
11.000000
11.695768
12.474723
13.217746
13.805713
14.119505
14.040000
13.497877
12.623022
11.595120
10.593859
9.798923
9.390000
9.499529
10.070967
11.000523
12.184407
13.518830
14.900000
16.233126
17.459406
18.529038
19.392216
19.999138
20.300000
20.266531
19.956593
19.449577
18.824877
18.161887
17.540000
17.024684
16.625705
16.338905
16.160127
16.085211
16.110000
16.223114
16.384292
16.546052
16.660911
16.681388
16.560000
16.266147
15.836756
15.325637
14.786598
14.273449
13.840000
13.521233
13.276832
13.047651
12.774548
12.398379
11.860000
11.115447
10.181472
9.090008
7.872987
6.562340
5.190000
3.801192
2.494316
1.381065
0.573133
0.182214
0.320000
1.048860
2.233857
3.690732
5.235221
6.683064
7.850000
8.601008
8.998033
9.152259
9.174872
9.177057
9.270000
9.524423
9.849197
10.112733
10.183439
9.929725
9.220000
7.984820
6.403327
4.716810
3.166557
1.993858
1.440000
1.671066
2.552309
3.873777
5.425517
6.997576
8.380000
9.404574
10.070029
10.416831
10.485449
10.316349
9.950000
9.430777
8.818688
8.177649
7.571577
7.064389
6.720000
6.580606
6.601517
6.716323
6.858613
6.961975
6.960000
6.806012
6.532280
6.190809
5.833602
5.512664
5.280000
5.172475
5.166398
5.222942
5.303276
5.368572
5.380000
5.311681
5.189534
5.052424
4.939221
4.888790
4.940000
5.120522
5.413244
5.789860
6.222063
6.681545
7.140000
7.571787
7.961934
8.298134
8.568083
8.759473
8.860000
8.866173
8.809762
8.731353
8.671533
8.670886
8.770000
8.995837
9.320871
9.703953
10.103934
10.479666
10.790000
11.003998
11.131570
11.192836
11.207915
11.196930
11.180000
11.173818
11.181368
11.202205
11.235886
11.281965
11.340000
11.406377
11.464810
11.495844
11.480024
11.397894
11.230000
10.967201
10.641613
10.295668
9.971796
9.712430
9.560000
9.543848
9.640961
9.815235
10.030568
10.250857
10.440000
10.571157
10.654545
10.709643
10.755931
10.812890
10.900000
11.029394
11.183824
11.338695
11.469411
11.551378
11.560000
11.480525
11.337566
11.165579
10.999018
10.872340
10.820000
10.864478
10.980356
11.130240
11.276738
11.382456
11.410000
11.335776
11.191380
11.022210
10.873659
10.791124
10.820000
10.987558
11.248567
11.539672
11.797516
11.958744
11.960000
11.760752
11.411759
10.986604
10.558871
10.202142
9.990000
9.966935
10.061064
10.171411
10.197000
10.036855
9.590000
8.791925
7.723985
6.504001
5.249795
4.079188
3.110000
2.440087
2.087440
2.050084
2.326042
2.913339
3.810000
4.990735
6.336994
7.706914
8.958631
9.950281
10.540000
10.628501
10.286805
9.628510
8.767212
7.816510
6.890000
6.088732
5.463562
5.052797
4.894743
5.027708
5.490000
6.292125
7.333391
8.485304
9.619372
10.607101
11.320000
11.666008
11.698801
11.508488
11.185177
10.818978
10.500000
10.296481
10.189182
10.136994
10.098807
10.033512
9.900000
9.668113
9.351506
8.974785
8.562556
8.139426
7.730000
7.350278
6.981829
6.597615
6.170597
5.673738
5.080000
4.381562
3.647474
2.966006
2.425425
2.114000
2.120000
2.503892
3.214941
4.174612
5.304369
6.525677
7.760000
8.933195
9.988688
10.874297
11.537840
11.927135
11.990000
11.703559
11.162157
10.489449
9.809085
9.244718
8.920000
8.917756
9.157497
9.517908
9.877673
10.115476
10.110000
9.776853
9.179335
8.417668
7.592075
6.802778
6.150000
5.711544
5.475533
5.407670
5.473658
5.639200
5.870000
6.142850
6.478904
6.910403
7.469591
8.188709
9.100000
10.213119
11.447370
12.699467
13.866128
14.844067
15.530000
15.847219
15.825321
15.520478
14.988861
14.286645
13.470000
12.589207
11.670976
10.736123
9.805464
8.899818
8.040000
7.254146
6.599665
6.141282
5.943726
6.071723
6.590000
7.526523
8.762218
10.141248
11.507779
12.705975
13.580000
14.016104
14.068873
13.834976
13.411085
12.893869
12.380000
11.948181
11.605255
11.340098
11.141585
10.998594
10.900000
10.835430
10.797514
10.779632
10.775166
10.777495
10.780000
10.779312
10.785059
10.810123
10.867381
10.969714
11.130000
11.354453
11.622619
11.907377
12.181607
12.418188
12.590000
12.677414
12.690762
12.647871
12.566563
12.464665
12.360000
12.269550
12.206925
12.184891
12.216214
12.313662
12.490000
12.749756
13.064501
13.397566
13.712283
13.971984
14.140000
14.192860
14.159886
14.083594
14.006504
13.971133
14.020000
14.179774
14.413733
14.669306
14.893922
15.035010
15.040000
14.876376
14.591849
14.254182
13.931142
13.690492
13.600000
13.707683
13.982576
14.373966
14.831142
15.303390
15.740000
16.099558
16.377848
16.579954
16.710959
16.775946
16.780000
16.728577
16.628626
16.487470
16.312432
16.110834
15.890000
15.655071
15.402464
15.126418
14.821167
14.480949
14.100000
13.679242
13.246331
12.835610
12.481420
12.218103
12.080000
12.077175
12.122581
12.104892
11.912782
11.434927
10.560000
9.229094
7.592974
5.854823
4.217821
2.885153
2.060000
1.889503
2.296632
3.148318
4.311488
5.653072
7.040000
8.356460
9.555682
10.608157
11.484375
12.154826
12.590000
12.774103
12.746195
12.559055
12.265458
11.918181
11.570000
11.267639
11.033611
10.884373
10.836386
10.906109
11.110000
11.450849
11.876769
12.322202
12.721589
13.009374
13.120000
13.010537
12.728572
12.344321
11.927998
11.549819
11.280000
11.166401
11.167461
11.219266
11.257901
11.219451
11.040000
10.672610
10.138250
9.474864
8.720397
7.912794
7.090000
6.288899
5.542132
4.881279
4.337919
3.943633
3.730000
3.722441
3.921739
4.322520
4.919407
5.707026
6.680000
7.820041
9.057206
10.308640
11.491488
12.522893
13.320000
13.820868
14.047214
14.041668
13.846864
13.505430
13.060000
12.547135
11.979124
11.362186
10.702540
10.006405
9.280000
8.534063
7.797400
7.103338
6.485200
5.976313
5.610000
5.405965
5.329422
5.331963
5.365178
5.380660
5.330000
5.183095
4.983059
4.791311
4.669273
4.678363
4.880000
5.312953
5.925381
6.642792
7.390693
8.094593
8.680000
9.093659
9.367271
9.553772
9.706102
9.877199
10.120000
10.469216
10.886648
11.315869
11.700452
11.983972
12.110000
12.043643
11.836138
11.560252
11.288755
11.094414
11.050000
11.198109
11.460653
11.729374
11.896011
11.852306
11.490000
10.735773
9.656064
8.352254
6.925720
5.477842
4.110000
2.915929
1.958793
1.294112
0.977406
1.064195
1.610000
2.641899
4.073208
5.788799
7.673546
9.612322
11.490000
13.206334
14.720597
16.006942
17.039522
17.792490
18.240000
18.375681
18.271070
18.017183
17.705032
17.425633
17.270000
17.305016
17.501047
17.804326
18.161089
18.517568
18.820000
19.026105
19.139556
19.175511
19.149131
19.075574
18.970000
18.845193
18.704433
18.548628
18.378684
18.195506
18.000000
17.796690
17.604563
17.446225
17.344282
17.321339
17.400000
17.590966
17.857315
18.150220
18.420854
18.620390
18.700000
18.624585
18.413954
18.101643
17.721190
17.306130
16.890000
16.500740
16.143906
15.819456
15.527350
15.267544
15.040000
14.845277
14.686347
14.566781
14.490153
14.460035
14.480000
14.550650
14.660707
14.795920
14.942039
15.084816
15.210000
15.304390
15.358974
15.365790
15.316875
15.204266
15.020000
14.759893
14.434878
14.059669
13.648978
13.217517
12.780000
12.351965
11.952253
11.600533
11.316473
11.119739
11.030000
11.055026
11.154997
11.278197
11.372909
11.387415
11.270000
10.989321
10.595536
10.159178
9.750781
9.440877
9.300000
9.365515
9.542118
9.701339
9.714707
9.453751
8.790000
7.650009
6.180436
4.582965
3.059280
1.811063
1.040000
0.890374
1.276877
2.056799
3.087433
4.226069
5.330000
6.285113
7.091685
7.778587
8.374692
8.908872
9.410000
9.901811
10.387495
10.865103
11.332689
11.788303
12.230000
12.651345
13.027965
13.331000
13.531591
13.600877
13.510000
13.247853
12.874347
12.467145
12.103911
11.862308
11.820000
12.034185
12.480201
13.112919
13.887210
14.757947
15.680000
16.607442
17.491145
18.281180
18.927619
19.380536
19.590000
19.517574
19.170776
18.568612
17.730090
16.674217
15.420000
13.997030
12.477234
10.943122
9.477206
8.161995
7.080000
6.298009
5.819918
5.633898
5.728124
6.090767
6.710000
7.568665
8.628281
9.845034
11.175114
12.574706
14.000000
15.408071
16.759552
18.015964
19.138828
20.089667
20.830000
21.331134
21.603512
21.667360
21.542906
21.250377
20.810000
20.246790
19.604919
18.933345
18.281028
17.696926
17.230000
16.909667
16.687182
16.494259
16.262611
15.923954
15.410000
14.680607
13.808205
12.893370
12.036674
11.338693
10.900000
10.784202
10.907034
11.147262
11.383655
11.494978
11.360000
10.895502
10.170327
9.291332
8.365374
7.499311
6.800000
6.342586
6.075363
5.914911
5.777813
5.580649
5.240000
4.702117
4.031926
3.324023
2.673004
2.173465
1.920000
1.979872
2.311006
2.843995
3.509429
4.237900
4.960000
5.619413
6.212196
6.747497
7.234466
7.682250
8.100000
8.497150
8.884283
9.272266
9.671968
10.094257
10.550000
11.043929
11.556227
12.060937
12.532106
12.943779
13.270000
13.488012
13.587847
13.562734
13.405903
13.110582
12.670000
12.082911
11.370162
10.558125
9.673171
8.741673
7.790000
6.845576
5.940023
5.106015
4.376226
3.783330
3.360000
3.125666
3.046784
3.076565
3.168220
3.274961
3.350000
3.357546
3.305804
3.213976
3.101265
2.986872
2.890000
2.830676
2.832221
2.918780
3.114500
3.443524
3.930000
4.591602
5.420127
6.400903
7.519256
8.760512
10.110000
11.542314
12.989121
14.371358
15.609960
16.625862
17.340000
17.700531
17.764498
17.616165
17.339795
17.019652
16.740000
16.567228
16.496219
16.503983
16.567529
16.663865
16.770000
16.869864
16.975070
17.104153
17.275646
17.508084
17.820000
18.222020
18.693129
19.204405
19.726924
20.231763
20.690000
21.074650
21.366488
21.548228
21.602584
21.512270
21.260000
20.833640
20.241660
19.497684
18.615333
17.608231
16.490000
15.283060
14.045020
12.842287
11.741269
10.808371
10.110000
9.693750
9.531963
9.578166
9.785888
10.108657
10.500000
10.913420
11.302312
11.620047
11.819993
11.855521
11.680000
11.270580
10.699529
10.062897
9.456732
8.977083
8.720000
8.747549
8.985869
9.327117
9.663450
9.887025
9.890000
9.601679
9.099960
8.499887
7.916506
7.464862
7.260000
7.379161
7.748367
8.255836
8.789786
9.238434
9.490000
9.464919
9.212500
8.814270
8.351759
7.906493
7.560000
7.372693
7.320524
7.358333
7.440956
7.523232
7.560000
7.517551
7.407996
7.254899
7.081825
6.912337
6.770000
6.672843
6.616750
6.592070
6.589153
6.598347
6.610000
6.622559
6.666856
6.781819
7.006378
7.379462
7.940000
8.703449
9.591383
10.501903
11.333111
11.983110
12.350000
12.362718
12.073539
11.565569
10.921917
10.225691
9.560000
8.987297
8.487425
8.019571
7.542924
7.016671
6.400000
5.671749
4.889353
4.129896
3.470462
2.988135
2.760000
2.836215
3.159237
3.644596
4.207822
4.764447
5.230000
5.540519
5.714069
5.789220
5.804545
5.798614
5.810000
5.866616
5.953748
6.046024
6.118072
6.144521
6.100000
5.968943
5.775015
5.551685
5.332426
5.150707
5.040000
5.023491
5.083231
5.190986
5.318521
5.437604
5.520000
5.549685
5.559469
5.594373
5.699416
5.919618
6.300000
6.862261
7.534819
8.222774
8.831223
9.265266
9.430000
9.267106
8.864588
8.347033
7.839026
7.465153
7.350000
7.579177
8.082384
8.750345
9.473786
10.143429
10.650000
10.903780
10.893285
10.626586
10.111758
9.356871
8.370000
7.182832
5.921514
4.735809
3.775481
3.190290
3.130000
3.683365
4.695103
5.948926
7.228543
8.317664
9.000000
9.125329
8.807702
8.227237
7.564053
6.998268
6.710000
6.830503
7.295569
7.992124
8.807097
9.627413
10.340000
10.860298
11.217801
11.470515
11.676448
11.893608
12.180000
12.575296
13.045821
13.539565
14.004517
14.388665
14.640000
14.722314
14.662618
14.503724
14.288448
14.059602
13.860000
13.720586
13.624818
13.544287
13.450581
13.315289
13.110000
12.809093
12.398109
11.865377
11.199228
10.387993
9.420000
8.301606
7.111264
5.945454
4.900654
4.073343
3.560000
3.431104
3.653131
4.166558
4.911861
5.829516
6.860000
7.948516
9.059174
10.160814
11.222273
12.212389
13.100000
13.860528
14.495727
15.013936
15.423492
15.732734
15.950000
16.079095
16.105695
16.010942
15.775980
15.381952
14.810000
14.055222
13.168532
12.214797
11.258884
10.365663
9.600000
9.011868
8.591660
8.314872
8.157001
8.093545
8.100000
8.152490
8.229643
8.310715
8.374962
8.401638
8.370000
8.268080
8.119027
7.954767
7.807225
7.708327
7.690000
7.771717
7.923137
8.101468
8.263918
8.367693
8.370000
8.243433
8.022129
7.755611
7.493401
7.285023
7.180000
7.211542
7.347607
7.539840
7.739886
7.899391
7.970000
7.916928
7.759667
7.531281
7.264833
6.993385
6.750000
6.559915
6.417059
6.307536
6.217450
6.132903
6.040000
5.927951
5.798394
5.656075
5.505739
5.352133
5.200000
5.063560
4.994921
5.055664
5.307371
5.811622
6.630000
7.796421
9.234146
10.838770
12.505889
14.131101
15.610000
16.847700
17.787386
18.381757
18.583516
18.345363
17.620000
16.391296
14.767793
12.889201
10.895232
8.925595
7.120000
5.596700
4.388109
3.505187
2.958890
2.760175
2.920000
3.426536
4.176807
5.045050
5.905505
6.632409
7.100000
7.220028
7.054294
6.702111
6.262792
5.835651
5.520000
5.384556
5.375647
5.409005
5.400362
5.265450
4.920000
4.313508
3.530526
2.689368
1.908351
1.305790
1.000000
1.074652
1.474843
2.111021
2.893640
3.733149
4.540000
5.236169
5.789734
6.180296
6.387460
6.390827
6.170000
5.729560
5.174001
4.632793
4.235410
4.111321
4.390000
5.140174
6.187597
7.297280
8.234234
8.763471
8.650000
7.749606
6.281168
4.554337
2.878764
1.564101
0.920000
1.165382
2.156249
3.657872
5.435524
7.254476
8.880000
10.127338
11.011614
11.597924
11.951362
12.137022
12.220000
12.250868
12.222108
12.111682
11.897548
11.557667
11.070000
10.422755
9.645137
8.776599
7.856595
6.924577
6.020000
5.177186
4.409936
3.726921
3.136813
2.648282
2.270000
2.008826
1.864379
1.834466
1.916893
2.109469
2.410000
2.811444
3.287362
3.806465
4.337465
4.849073
5.310000
5.694703
6.000618
6.230924
6.388803
6.477435
6.500000
6.458262
6.348316
6.164839
5.902509
5.556003
5.120000
4.602295
4.063156
3.575971
3.214125
3.051006
3.160000
3.584457
4.247578
5.042528
5.862472
6.600575
7.150000
7.435850
7.510976
7.460166
7.368207
7.319889
7.400000
7.673161
8.123333
8.714309
9.409883
10.173849
10.970000
11.763402
12.524209
13.223847
13.833740
14.325316
14.670000
14.844526
14.846867
14.680304
14.348118
13.853589
13.200000
12.404557
11.540174
10.693687
9.951937
9.401762
9.130000
9.192892
9.524290
10.027447
10.605615
11.162048
11.600000
11.847252
11.929703
11.897776
11.801900
11.692499
11.620000
11.623190
11.694307
11.813948
11.962711
12.121196
12.270000
12.393921
12.494552
12.577683
12.649108
12.714616
12.780000
12.846218
12.894894
12.902819
12.846784
12.703581
12.450000
12.076393
11.627356
11.161042
10.735608
10.409209
10.240000
10.265848
10.443462
10.709263
10.999673
11.251111
11.400000
11.400864
11.280650
11.084406
10.857183
10.644031
10.490000
10.427546
10.438754
10.493113
10.560113
10.609245
10.610000
10.539922
10.408779
10.234393
10.034586
9.827181
9.630000
9.458181
9.316129
9.205564
9.128208
9.085779
9.080000
9.108510
9.152630
9.189599
9.196657
9.151044
9.030000
8.818935
8.535943
8.207289
7.859238
7.518053
7.210000
6.953805
6.738042
6.543744
6.351948
6.143688
5.900000
5.614641
5.332261
5.110234
5.005933
5.076730
5.380000
5.955548
6.772914
7.784070
8.940988
10.195641
11.500000
12.808536
14.085711
15.298485
16.413818
17.398669
18.220000
18.849058
19.274242
19.488240
19.483741
19.253432
18.790000
18.095280
17.207693
16.174804
15.044181
13.863391
12.680000
11.542183
10.500543
9.606293
8.910645
8.464810
8.320000
8.505480
8.962727
9.611272
10.370645
11.160378
11.900000
12.522009
13.010771
13.363619
13.577884
13.650900
13.580000
13.372039
13.071966
12.734253
12.413373
12.163798
12.040000
12.076873
12.230995
12.439369
12.638993
12.766870
12.760000
12.575887
12.254053
11.854522
11.437320
11.062471
10.790000
10.661939
10.648348
10.701292
10.772838
10.815052
10.780000
10.634874
10.407371
10.140310
9.876514
9.658803
9.530000
9.518378
9.594021
9.712468
9.829255
9.899920
9.880000
9.741800
9.524692
9.284818
9.078317
8.961331
8.990000
9.194378
9.500174
9.807011
10.014513
10.022301
9.730000
9.075458
8.149427
7.080887
5.998817
5.032195
4.310000
3.932356
3.883970
4.120690
4.598368
5.272854
6.100000
7.039005
8.062472
9.146353
10.266600
11.399165
12.520000
13.609770
14.667993
15.698897
16.706713
17.695671
18.670000
19.626960
20.535928
21.359309
22.059511
22.598939
22.940000
23.059427
22.991259
22.783866
22.485613
22.144869
21.810000
21.517741
21.258294
21.010227
20.752110
20.462512
20.120000
19.712711
19.267046
18.818975
18.404464
18.059483
17.820000
17.701322
17.636113
17.536374
17.314108
16.881316
16.150000
15.068528
13.730724
12.266779
10.806884
9.481227
8.420000
7.716280
7.314695
7.122759
7.047988
6.997896
6.880000
6.625751
6.262350
5.840935
5.412647
5.028622
4.740000
4.580255
4.512203
4.480999
4.431795
4.309745
4.060000
3.650129
3.137355
2.601317
2.121653
1.778001
1.650000
1.793258
2.167265
2.707482
3.349369
4.028389
4.680000
5.251794
5.739883
6.152506
6.497906
6.784324
7.020000
7.213176
7.372094
7.504994
7.620117
7.725706
7.830000
7.941241
8.067671
8.217531
8.399061
8.620503
8.890098
