13.465737
13.700367
13.891000
14.024743
14.088707
14.070000
13.959066
13.759686
13.478974
13.124046
12.702016
12.220000
11.687258
11.121630
10.543105
9.971667
9.427303
8.930000
8.492551
8.098978
7.726107
7.350769
6.949791
6.500000
5.993973
5.487274
5.051216
4.757109
4.676266
4.880000
5.412159
6.206740
7.170280
8.209314
9.230375
10.140000
10.865957
11.420949
11.838913
12.153785
12.399502
12.610000
12.810078
12.987981
13.122817
13.193694
13.179719
13.060000
12.823130
12.495645
12.113568
11.712920
11.329723
11.000000
10.749810
10.565364
10.422911
10.298700
10.168980
10.010000
9.806705
9.578825
9.354788
9.163021
9.031949
8.990000
9.059065
9.234890
9.506686
9.863662
10.295030
10.790000
11.333285
11.891614
12.427219
12.902330
13.279180
13.520000
13.598905
13.537541
13.369439
13.128128
12.847139
12.560000
12.294429
12.054887
11.840025
11.648490
11.478932
11.330000
11.198889
11.076983
10.954211
10.820503
10.665790
10.480000
10.258811
10.020884
9.790631
9.592459
9.450779
9.390000
9.425406
9.535776
9.690767
9.860031
10.013224
10.120000
10.157159
10.130084
10.051303
9.933343
9.788733
9.630000
9.469012
9.314997
9.176521
9.062152
8.980456
8.940000
8.942856
8.965113
8.976363
8.946199
8.844214
8.640000
8.318174
7.923440
7.515528
7.154165
6.899079
6.810000
6.922042
7.171868
7.471527
7.733069
7.868543
7.790000
7.443242
6.909090
6.302116
5.736894
5.327997
5.190000
5.399757
5.883255
6.528760
7.224541
7.858865
8.320000
8.530043
8.546409
8.460343
8.363090
8.345894
8.500000
8.890673
9.479257
10.201118
10.991619
11.786124
12.520000
13.142960
13.662117
14.098936
14.474881
14.811414
15.130000
15.446840
15.757089
16.050638
16.317378
16.547201
16.730000
16.855605
16.913601
16.893514
16.784868
16.577189
16.260000
15.831621
15.325544
14.784057
14.249446
13.763998
13.370000
13.099347
12.942370
12.879007
12.889198
12.952883
13.050000
13.160390
13.263496
13.338665
13.365241
13.322571
13.190000
12.956364
12.648461
12.302584
11.955021
11.642063
11.400000
11.254341
11.187473
11.171000
11.176526
11.175658
11.140000
11.050021
10.921647
10.779667
10.648873
10.554054
10.520000
10.563075
10.665941
10.802831
10.947981
11.075626
11.160000
11.183789
11.163480
11.124009
11.090314
11.087332
11.140000
11.266305
11.456436
11.693632
11.961132
12.242175
12.520000
12.784324
13.050775
13.341461
13.678489
14.083967
14.580000
15.178253
15.848612
16.550523
17.243428
17.886773
18.440000
18.875907
19.220703
19.513948
19.795205
20.104035
20.480000
20.947378
21.469318
21.993684
22.468343
22.841160
23.060000
23.091386
22.976471
22.775064
22.546977
22.352019
22.250000
22.270828
22.324800
22.292309
22.053750
21.489515
20.480000
18.959236
17.075811
15.031950
13.029877
11.271819
9.960000
9.235328
8.993437
9.068642
9.295261
9.507608
9.540000
9.273248
8.774145
8.155981
7.532043
7.015619
6.720000
6.734458
7.052204
7.642435
8.474347
9.517137
10.740000
12.091792
13.440003
14.631781
15.514274
15.934631
15.740000
14.840318
13.396673
11.632943
9.773002
8.040729
6.660000
5.800547
5.415526
5.403949
5.664828
6.097174
6.600000
7.089485
7.550482
7.985011
8.395093
8.782749
9.150000
9.495912
9.807733
10.069758
10.266282
10.381597
10.400000
10.315896
10.164142
9.989707
9.837559
9.752667
9.780000
9.955180
10.276439
10.732665
11.312743
12.005559
12.800000
13.675792
14.576026
15.434633
16.185543
16.762689
17.100000
17.155448
16.983159
16.661303
16.268046
15.881556
15.580000
15.417279
15.350225
15.311405
15.233383
15.048726
14.690000
14.114650
13.379644
12.566829
11.758051
11.035159
10.480000
10.152315
10.023421
10.042531
10.158857
10.321609
10.480000
10.593128
10.659634
10.688046
10.686893
10.664701
10.630000
10.594434
10.582117
10.620284
10.736165
10.956993
11.310000
11.811360
12.433008
13.135819
13.880671
14.628439
15.340000
15.978599
16.516964
16.930189
17.193373
17.281611
17.170000
16.844938
16.338027
15.692173
14.950281
14.155255
13.350000
12.568456
11.808706
11.059867
10.311058
9.551396
8.770000
7.970868
7.217521
6.588360
6.161785
6.016198
6.230000
6.849506
7.792692
8.945445
10.193654
11.423210
12.520000
13.385458
13.983194
14.292362
14.292116
13.961610
13.280000
12.249217
10.962311
9.535109
8.083438
6.723126
5.570000
4.716932
4.164969
3.892202
3.876724
4.096626
4.530000
5.147222
5.887814
6.683582
7.466331
8.167868
8.720000
9.070429
9.230441
9.227221
9.087952
8.839817
8.510000
8.123239
7.694496
7.236284
6.761121
6.281521
5.810000
5.359762
4.946762
4.587642
4.299047
4.097618
4.000000
4.015305
4.122532
4.293146
4.498617
4.710413
4.900000
5.045359
5.150520
5.226022
5.282409
5.330221
5.380000
5.440156
5.510575
5.589014
5.673227
5.760971
5.850000
5.938369
6.025328
6.110422
6.193201
6.273211
6.350000
6.421968
6.482929
6.525547
6.542488
6.526417
6.470000
6.369451
6.235179
6.081141
5.921293
5.769594
5.640000
5.544023
5.483392
5.457390
5.465302
5.506411
5.580000
5.684272
5.813106
5.959298
6.115647
6.274948
6.430000
6.574212
6.703443
6.814166
6.902852
6.965972
7.000000
7.001334
6.966084
6.890288
6.769983
6.601208
6.380000
6.105499
5.789258
5.445933
5.090178
4.736648
4.400000
4.092317
3.815401
3.568481
3.350788
3.161551
3.000000
2.870000
2.793952
2.798892
2.911856
3.159880
3.570000
4.156063
4.879162
5.687202
6.528085
7.349716
8.100000
8.739729
9.281250
9.749801
10.170619
10.568940
10.970000
11.387939
11.792503
12.142342
12.396105
12.512442
12.450000
12.188794
11.794292
11.353329
10.952737
10.679350
10.620000
10.832302
11.256994
11.805591
12.389613
12.920577
13.310000
13.488756
13.465141
13.266806
12.921403
12.456584
11.900000
11.277905
10.610962
9.918435
9.219589
8.533689
7.880000
7.276105
6.732864
6.259455
5.865056
5.558845
5.350000
5.244803
5.237951
5.321244
5.486483
5.725468
6.030000
6.387229
6.765702
7.129318
7.441975
7.667569
7.770000
7.726884
7.570722
7.347733
7.104136
6.886152
6.740000
6.697178
6.730298
6.797250
6.855924
6.864211
6.780000
6.576719
6.289939
5.970769
5.670317
5.439691
5.330000
5.375391
5.542169
5.779676
6.037255
6.264248
6.410000
6.439678
6.381755
6.280528
6.180295
6.125353
6.160000
6.311590
6.539699
6.786962
6.996011
7.109479
7.070000
6.840676
6.466485
6.012875
5.545292
5.129185
4.830000
4.691771
4.672878
4.710288
4.740968
4.701883
4.530000
4.185341
3.720149
3.209721
2.729355
2.354349
2.160000
2.199363
2.436524
2.813326
3.271610
3.753221
4.200000
4.565492
4.850049
5.065725
5.224573
5.338647
5.420000
5.481214
5.536981
5.602523
5.693060
5.823812
6.010000
6.259374
6.549802
6.851682
7.135410
7.371383
7.530000
7.591521
7.575661
7.511999
7.430116
7.359590
7.330000
7.364543
7.460888
7.610321
7.804126
8.033591
8.290000
8.567435
8.871156
9.209218
9.589676
10.020585
10.510000
11.062151
11.665969
12.306557
12.969022
13.638468
14.300000
14.939191
15.543488
16.100803
16.599051
17.026145
17.370000
17.621500
17.783414
17.861481
17.861442
17.789035
17.650000
17.452170
17.211745
16.947022
16.676294
16.417855
16.190000
16.003757
15.841086
15.676681
15.485236
15.241444
14.920000
14.504145
14.011318
13.467503
12.898688
12.330858
11.790000
11.301884
10.891421
10.583306
10.402234
10.372901
10.520000
10.854799
11.334849
11.904272
12.507190
13.087725
13.590000
13.966836
14.205850
14.303357
14.255674
14.059117
13.710000
13.214940
12.621752
11.988549
11.373447
10.834559
10.430000
10.204375
10.148254
10.238696
10.452761
10.767509
11.160000
11.606170
12.077455
12.544168
12.976622
13.345128
13.620000
13.777288
13.816000
13.740882
13.556678
13.268136
12.880000
12.397640
11.828914
11.182305
10.466295
9.689366
8.860000
7.992986
7.128343
6.312397
5.591474
5.011899
4.620000
4.444907
4.446973
4.569358
4.755218
4.947712
5.090000
5.139191
5.108208
5.023923
4.913211
4.802945
4.720000
4.687680
4.715011
4.807451
4.970458
5.209488
5.530000
5.930600
6.382490
6.850023
7.297551
7.689426
7.990000
8.173625
8.254658
8.257456
8.206374
8.125770
8.040000
7.963880
7.874062
7.737654
7.521768
7.193513
6.720000
6.089326
5.373539
4.665677
4.058776
3.645871
3.520000
3.744881
4.266966
5.003387
5.871277
6.787770
7.670000
8.449436
9.114894
9.669527
10.116487
10.458927
10.700000
10.845616
10.912718
10.921007
10.890183
10.839947
10.790000
10.758701
10.759048
10.802695
10.901299
11.066515
11.310000
11.633653
12.000350
12.363213
12.675362
12.889917
12.960000
12.856039
12.617699
12.301952
11.965771
11.666130
11.460000
11.388626
11.430336
11.547729
11.703405
11.859962
11.980000
12.030660
11.997253
11.869632
11.637647
11.291152
10.820000
10.227297
9.569169
8.914995
8.334156
7.896031
7.670000
7.697929
7.911628
8.215389
8.513509
8.710281
8.710000
8.448902
7.990988
7.432199
6.868476
6.395763
6.110000
6.084980
6.305903
6.735816
7.337771
8.074815
8.910000
9.802009
10.692068
11.517037
12.213775
12.719142
12.970000
12.919112
12.582862
11.993537
11.183427
10.184818
9.030000
7.759506
6.446855
5.173814
4.022147
3.073621
2.410000
2.090503
2.084161
2.337457
2.796873
3.408893
4.120000
4.876814
5.626500
6.316360
6.893695
7.305808
7.500000
7.445621
7.200210
6.843355
6.454644
6.113663
5.900000
5.868203
5.972660
6.142720
6.307730
6.397041
6.340000
6.085364
5.659521
5.108267
4.477398
3.812710
3.160000
2.562518
2.053332
1.662964
1.421938
1.360776
1.510000
1.882435
2.420116
3.047376
3.688553
4.267983
4.710000
4.959130
5.040651
5.000031
4.882737
4.734238
4.600000
4.517111
4.489134
4.511251
4.578646
4.686502
4.830000
5.005529
5.214297
5.458715
5.741197
6.064154
6.430000
6.840541
7.295161
7.792639
8.331752
8.911280
9.530000
10.180825
10.833207
11.450730
11.996979
12.435541
12.730000
12.854630
12.826456
12.673193
12.422553
12.102251
11.740000
11.358572
10.960968
10.545249
10.109475
9.651705
9.170000
8.664463
8.143375
7.617060
7.095843
6.590048
6.110000
5.665938
5.267755
4.925262
4.648265
4.446575
4.330000
4.301139
4.333753
4.394394
4.449614
4.465966
4.410000
4.262934
4.064642
3.869664
3.732538
3.707803
3.850000
4.196153
4.713235
5.350702
6.058013
6.784627
7.480000
8.105092
8.666864
9.183778
9.674297
10.156884
10.650000
11.167183
11.702274
12.244186
12.781834
13.304134
13.800000
14.258443
14.668857
15.020730
15.303552
15.506812
15.620000
15.634276
15.547485
15.359145
15.068773
14.675885
14.180000
13.591584
12.964907
12.365190
11.857653
11.507516
11.380000
11.513972
11.842886
12.273845
12.713949
13.070300
13.250000
13.185770
12.912807
12.491931
11.983960
11.449710
10.950000
10.530913
10.179588
9.868429
9.569843
9.256231
8.900000
8.482247
8.018842
7.534351
7.053337
6.600365
6.200000
5.870981
5.608748
5.402918
5.243106
5.118928
5.020000
4.936562
4.861351
4.787728
4.709055
4.618691
4.510000
4.380595
4.245107
4.122420
4.031417
3.990982
4.020000
4.130085
4.303776
4.516343
4.743056
4.959185
5.140000
5.271565
5.383122
5.514708
5.706359
5.998110
6.430000
7.021618
7.710772
8.414825
9.051139
9.537077
9.790000
9.754278
9.482307
9.053491
8.547232
8.042934
7.620000
7.337566
7.173702
7.086211
7.032895
6.971557
6.860000
6.664855
6.388069
6.040416
5.632670
5.175607
4.680000
4.161901
3.658465
3.212125
2.865313
2.660460
2.640000
2.827079
3.167700
3.588584
4.016450
4.378015
4.600000
4.631822
4.513696
4.308537
4.079259
3.888775
3.800000
3.861605
4.065291
4.388516
4.808737
5.303413
5.850000
6.426942
7.016619
7.602398
8.167644
8.695723
9.170000
9.577526
9.920084
10.203142
10.432169
10.612632
10.750000
10.848465
10.907120
10.923783
10.896272
10.822405
10.700000
10.529957
10.325510
10.102975
9.878667
9.668904
9.490000
9.351058
9.232321
9.106817
8.947577
8.727628
8.420000
8.008265
7.518171
6.986006
6.448063
5.940631
5.500000
5.154909
4.903886
4.737907
4.647949
4.624988
4.660000
4.739785
4.834434
4.909865
4.931992
4.866732
4.680000
4.353036
3.928377
3.463883
3.017415
2.646834
2.410000
2.347284
2.429096
2.608355
2.837979
3.070887
3.260000
3.368243
3.398572
3.363949
3.277338
3.151701
3.000000
2.832568
2.649209
2.447098
2.223411
1.975320
1.700000
1.400144
1.100519
0.831407
0.623094
0.505863
0.510000
0.654124
0.910199
1.238524
1.599399
1.953125
2.260000
2.491462
2.663502
2.803248
2.937827
3.094368
3.300000
3.572480
3.892089
4.229736
4.556330
4.842782
5.060000
5.189310
5.253697
5.286559
5.321297
5.391311
5.530000
5.760557
6.065346
6.416527
6.786258
7.146696
7.470000
7.736148
7.956399
8.149831
8.335523
8.532553
8.760000
9.029990
9.326836
9.627899
9.910540
10.152120
10.330000
10.430375
10.474777
10.493573
10.517131
10.575818
10.700000
10.908975
11.177761
11.470308
11.750564
11.982479
12.130000
12.168077
12.115659
12.002694
11.859130
11.714916
11.600000
11.537373
11.522195
11.542666
11.586990
11.643367
11.700000
11.746551
11.778525
11.792890
11.786613
11.756661
11.700000
11.616425
11.517039
11.415772
11.326557
11.263322
11.240000
11.264417
11.319987
11.384020
11.433826
11.446716
11.400000
11.279055
11.101532
10.893147
10.679619
10.486664
10.340000
10.258389
10.232774
10.247141
10.285476
10.331767
10.370000
10.385952
10.372557
10.324540
10.236625
10.103537
9.920000
9.683961
9.406257
9.100949
8.782097
8.463760
8.160000
7.881121
7.622414
7.375413
7.131654
6.882671
6.620000
6.341322
6.068901
5.831148
5.656473
5.573287
5.610000
5.782990
6.060501
6.398746
6.753936
7.082283
7.340000
7.491905
7.537243
7.483869
7.339635
7.112394
6.810000
6.446522
6.060896
5.698278
5.403820
5.222676
5.200000
5.365898
5.690282
6.128020
6.633975
7.163013
7.670000
8.127110
8.575752
9.074644
9.682504
10.458050
11.460000
12.712237
14.099304
15.470906
16.676752
17.566547
17.990000
17.849867
17.261108
16.391732
15.409749
14.483169
13.780000
13.418340
13.316634
13.343415
13.367215
13.256566
12.880000
12.154596
11.191613
10.150857
9.192133
8.475245
8.160000
8.353137
8.949134
9.789406
10.715365
11.568426
12.190000
12.463320
12.438886
12.209018
11.866035
11.502256
11.210000
11.053492
10.984581
10.927021
10.804568
10.540976
10.060000
9.320027
8.417976
7.485397
6.653841
6.054858
5.820000
6.037418
6.621664
7.443891
8.375255
9.286906
10.050000
10.568405
10.876851
11.042787
11.133659
11.216915
11.360000
11.608224
11.918338
12.224959
12.462700
12.566176
12.470000
12.132729
11.608684
10.976126
10.313318
9.698522
9.210000
8.901740
8.730630
8.629287
8.530324
8.366357
8.070000
7.597303
6.998054
6.345476
5.712793
5.173226
4.800000
4.646039
4.683079
4.862558
5.135912
5.454581
5.770000
6.043864
6.278888
6.488042
6.684299
6.880627
7.090000
7.322811
7.579148
7.856523
8.152449
8.464437
8.790000
9.122209
9.436374
9.703365
9.894054
9.979308
9.930000
9.732105
9.432024
9.091265
8.771336
8.533745
8.440000
8.526966
8.732939
8.971575
9.156527
9.201451
9.020000
8.552579
7.846591
6.976187
6.015519
5.038739
4.120000
3.321977
2.661439
2.143679
1.773991
1.557667
1.500000
1.600209
1.833210
2.167847
2.572963
3.017400
3.470000
3.906773
4.332388
4.758682
5.197491
5.660652
6.160000
6.699692
7.253164
7.786174
8.264479
8.653835
8.920000
9.040571
9.040510
8.956620
8.825703
8.684562
8.570000
8.508718
8.487017
8.481095
8.467152
8.421387
8.320000
8.146408
7.912904
7.639000
7.344207
7.048036
6.770000
6.528983
6.341366
6.222905
6.189354
6.256467
6.440000
6.747012
7.149778
7.611880
8.096897
8.568410
8.990000
9.327693
9.557299
9.657077
9.605281
9.380170
8.960000
8.340689
7.588802
6.788564
6.024201
5.379938
4.940000
4.760013
4.781195
4.916167
5.077545
5.177950
5.130000
4.876066
4.477528
4.025519
3.611173
3.325622
3.260000
3.481512
3.961657
4.648007
5.488132
6.429606
7.420000
8.401822
9.297326
10.023705
10.498149
10.637850
10.360000
9.619025
8.518298
7.198424
5.800012
4.463668
3.330000
2.507539
1.976519
1.685097
1.581432
1.613680
1.730000
1.887854
2.081921
2.316186
2.594631
2.921241
3.300000
3.732017
4.206907
4.711410
5.232266
5.756216
6.270000
6.762086
7.227858
7.664424
8.068896
8.438385
8.770000
9.059776
9.299440
9.479643
9.591037
9.624272
9.570000
9.421913
9.185865
8.870754
8.485475
8.038925
7.540000
7.001324
6.450433
5.918591
5.437062
5.037110
4.750000
4.599088
4.576107
4.664883
4.849239
5.113003
5.440000
5.810702
6.192175
6.548129
6.842277
7.038330
7.100000
7.002824
6.769638
6.435102
6.033876
5.600622
5.170000
4.772538
4.422236
4.128964
3.902588
3.752977
3.690000
3.721376
3.846231
4.061543
4.364290
4.751450
5.220000
5.762931
6.357284
6.976113
7.592473
8.179417
8.710000
9.165003
9.556115
9.902754
10.224337
10.540280
10.870000
11.226132
11.594181
11.952869
12.280920
12.557056
12.760000
12.878155
12.938643
12.978269
13.033834
13.142144
13.340000
13.647592
14.018655
14.390307
14.699668
14.883859
14.880000
14.647865
14.237850
13.723005
13.176381
12.671029
12.280000
12.053355
11.949206
11.902674
11.848881
11.722949
11.460000
11.016306
10.432734
9.771300
9.094023
8.462917
7.940000
7.570356
7.331340
7.183375
7.086881
7.002282
6.890000
6.722176
6.517830
6.307701
6.122527
5.993047
5.950000
6.015661
6.178449
6.418321
6.715233
7.049140
7.400000
7.747542
8.070596
8.347765
8.557653
8.678863
8.690000
8.581486
8.391019
8.168119
7.962304
7.823091
7.800000
7.923692
8.149402
8.413509
8.652392
8.802429
8.800000
8.604257
8.265448
7.856596
7.450722
7.120850
6.940000
6.956549
7.120288
7.356358
7.589905
7.746071
7.750000
7.552277
7.205254
6.786722
6.374474
6.046302
5.880000
5.927397
6.136476
6.429255
6.727756
6.953998
7.030000
6.905125
6.638103
6.315007
6.021910
5.844883
5.870000
6.151964
6.620000
7.171965
7.705716
8.119109
8.310000
8.207437
7.865231
7.368382
6.801893
6.250765
5.800000
5.513334
5.369448
5.325755
5.339673
5.368616
5.370000
5.313115
5.214757
5.103596
5.008302
4.957547
4.980000
5.093696
5.274117
5.486112
5.694526
5.864207
5.960000
5.957473
5.875070
5.741957
5.587298
5.440257
5.330000
5.277617
5.271898
5.293560
5.323321
5.341895
5.330000
5.273311
5.177338
5.052551
4.909420
4.758413
4.610000
4.473724
4.355417
4.259985
4.192334
4.157371
4.160000
4.206795
4.310995
4.487509
4.751243
5.117104
5.600000
6.206227
6.907639
7.667479
8.448991
9.215417
9.930000
10.563806
11.119189
11.606324
12.035387
12.416554
12.760000
13.075492
13.371160
13.654724
13.933905
14.216424
14.510000
14.816123
15.111356
15.366029
15.550473
15.635020
15.590000
15.402747
15.128603
14.839911
14.609018
14.508266
14.610000
14.958862
15.488679
16.105576
16.715679
17.225112
17.540000
17.594307
17.433350
17.130284
16.758267
16.390454
16.100000
15.940763
15.889405
15.903286
15.939771
15.956222
15.910000
15.772826
15.573847
15.356570
15.164499
15.041141
15.030000
15.157841
15.384466
15.652934
15.906306
16.087641
16.140000
16.025485
15.782363
15.467944
15.139537
14.854453
14.670000
14.625313
14.686825
14.802792
14.921472
14.991122
14.960000
14.793865
14.528487
14.217139
13.913094
13.669623
13.540000
13.557745
13.677374
13.833650
13.961338
13.995200
13.870000
13.542145
13.054609
12.472009
11.858963
11.280087
10.800000
10.465667
10.253451
10.122064
10.030219
9.936627
9.800000
9.589864
9.318995
9.010985
8.689422
8.377897
8.100000
7.875711
7.710567
7.606497
7.565427
7.589286
7.680000
7.833728
8.023550
8.216777
8.380721
8.482691
8.490000
8.380396
8.173380
7.898893
7.586874
7.267263
6.970000
6.717930
6.505522
6.320150
6.149189
5.980015
5.800000
5.602283
5.403052
5.224257
5.087850
5.015780
5.030000
5.142846
5.328197
5.550322
5.773487
5.961957
6.080000
6.102168
6.044159
5.931954
5.791538
5.648892
5.530000
5.455657
5.425909
5.435611
5.479622
5.552800
5.650000
5.765527
5.891466
6.019351
6.140714
6.247086
6.330000
6.382652
6.404892
6.398234
6.364190
6.304274
6.220000
6.115716
6.007113
5.912714
5.851046
5.840633
5.900000
6.040872
6.247768
6.498410
6.770516
7.041806
7.290000
7.499825
7.684036
7.862396
8.054668
8.280615
8.560000
8.904413
9.292755
9.695756
10.084144
10.428649
10.700000
10.879932
10.994204
11.079581
11.172829
11.310714
11.530000
11.853499
12.248208
12.667170
13.063427
13.390023
13.600000
13.659775
13.589259
13.421738
13.190498
12.928823
12.670000
12.441383
12.246607
12.083377
11.949396
11.842369
11.760000
11.696961
11.635793
11.556005
11.437104
11.258600
11.000000
10.651096
10.242812
9.816354
9.412928
9.073741
8.840000
8.737543
8.730737
8.768581
8.800073
8.774214
8.640000
8.360491
7.954981
7.456823
6.899371
6.315979
5.740000
5.202160
4.722674
4.319128
4.009109
3.810204
3.740000
3.814202
4.040991
4.426665
4.977526
5.699871
6.600000
7.672838
8.867808
10.122960
11.376344
12.566007
13.630000
14.517364
15.221110
15.745243
16.093766
16.270684
16.280000
16.122754
15.788122
15.262319
14.531556
13.582045
12.400000
10.993149
9.455289
7.901732
6.447789
5.208775
4.300000
3.805667
3.685536
3.868255
4.282473
4.856838
5.520000
6.201311
6.832937
7.347749
7.678617
7.758410
7.520000
6.927191
6.067530
5.059499
4.021579
3.072252
2.330000
1.887702
1.735831
1.839255
2.162845
2.671470
3.330000
4.100518
4.933961
5.778481
6.582226
7.293349
7.860000
8.243975
8.461657
8.543072
8.518249
8.417216
8.270000
8.103488
7.932004
7.766731
7.618850
7.499546
7.420000
7.389618
7.410697
7.483755
7.609312
7.787887
8.020000
8.303687
8.627061
8.975749
9.335383
9.691590
10.030000
10.335215
10.587727
10.766997
10.852491
10.823671
10.660000
10.351562
9.930921
9.441261
8.925765
8.427617
7.990000
7.648072
7.404884
7.255458
7.194820
7.217993
7.320000
7.489528
7.689914
7.878155
8.011251
8.046200
7.940000
7.670574
7.299535
6.909420
6.582768
6.402116
6.450000
6.777205
7.307503
7.932913
8.545453
9.037143
9.300000
9.261532
8.991193
8.593928
8.174678
7.838388
7.690000
7.805835
8.147724
8.648876
9.242500
9.861805
10.440000
10.924944
11.323097
11.655569
11.943471
12.207911
12.470000
12.744250
13.018776
13.275096
13.494729
13.659191
13.750000
13.756437
13.698836
13.605295
13.503910
13.422779
13.390000
13.425141
13.513657
13.632474
13.758520
13.868720
13.940000
13.957907
13.942462
13.922307
13.926085
13.982435
14.120000
14.351843
14.628717
14.885796
15.058253
15.081263
14.890000
14.444766
13.806373
13.060760
12.293867
11.591634
11.040000
10.693908
10.484311
10.311165
10.074427
9.674054
9.010000
8.026038
6.841199
5.618329
4.520275
3.709883
3.350000
3.552542
4.225708
5.226768
6.412990
7.641644
8.770000
9.685229
10.394116
10.933350
11.339616
11.649604
11.900000
12.120060
12.309308
12.459834
12.563731
12.613089
12.600000
12.521753
12.396431
12.247314
12.097683
11.970818
11.890000
11.865752
11.857561
11.812160
11.676279
11.396649
10.920000
10.219130
9.371101
8.479044
7.646089
6.975364
6.570000
6.497452
6.682478
7.014163
7.381588
7.673840
7.780000
7.620645
7.242319
6.723056
6.140891
5.573861
5.100000
4.776541
4.577506
4.456115
4.365587
4.259142
4.090000
3.828284
3.511732
3.194986
2.932687
2.779478
2.790000
3.001481
3.381492
3.880192
4.447738
5.034288
5.590000
6.072599
6.470078
6.777997
6.991917
7.107398
7.120000
7.033217
6.882272
6.710321
6.560521
6.476029
6.500000
6.659534
6.917502
7.220719
7.515998
7.750154
7.870000
7.837721
7.676978
7.426804
7.126228
6.814283
6.530000
6.303147
6.126436
5.983317
5.857239
5.731650
5.590000
5.422979
5.250240
5.098679
4.995188
4.966664
5.040000
5.231697
5.516676
5.859468
6.224600
6.576602
6.880000
7.109818
7.283054
7.427198
7.569743
7.738180
7.960000
8.247364
8.551109
8.806739
8.949761
8.915679
8.640000
8.082346
7.298808
6.369596
5.374918
4.394983
3.510000
2.787327
2.242919
1.879878
1.701309
1.710315
1.910000
2.291031
2.794332
3.348391
3.881697
4.322737
4.600000
4.668364
4.588272
4.446556
4.330050
4.325587
4.520000
4.980374
5.694804
6.631635
7.759213
9.045886
10.460000
11.958056
13.449181
14.830656
15.999763
16.853784
17.290000
17.240873
16.779584
16.014492
15.053957
14.006340
12.980000
12.066043
11.286557
10.646377
10.150334
9.803264
9.610000
9.566528
9.633446
9.762502
9.905447
10.014029
10.040000
9.948446
9.757809
9.499866
9.206398
8.909183
8.640000
8.423669
8.257172
8.130533
8.033776
7.956924
7.890000
7.823222
7.747578
7.654252
7.534425
7.379280
7.180000
6.936268
6.681775
6.458710
6.309265
6.275632
6.400000
6.706520
7.147175
7.655909
8.166662
8.613379
8.930000
9.069643
9.062117
8.956406
8.801493
8.646364
8.540000
8.518798
8.568803
8.663469
8.776253
8.880612
8.950000
8.963220
8.920451
8.827219
8.689050
8.511468
8.300000
8.060916
7.803469
7.537656
7.273475
7.020923
6.790000
6.589737
6.425304
6.300909
6.220756
6.189051
6.210000
6.281526
6.376425
6.461208
6.502390
6.466483
6.320000
6.043788
5.676034
5.269258
4.875980
4.548720
4.340000
4.285080
4.350180
4.484261
4.636284
4.755210
4.790000
4.701588
4.498803
4.202449
3.833328
3.412244
2.960000
2.497828
2.048682
1.635944
1.282996
1.013220
0.850000
0.808348
0.869801
1.007526
1.194689
1.404458
1.610000
1.791001
1.953224
2.108952
2.270469
2.450057
2.660000
2.906029
3.167674
3.417915
3.629730
3.776099
3.830000
3.775902
3.644227
3.476887
3.315795
3.202862
3.180000
3.276707
3.472826
3.735786
4.033015
4.331944
4.600000
4.811854
4.971136
5.088720
5.175477
5.242280
5.300000
5.357776
5.417814
5.480583
5.546557
5.616205
5.690000
5.768661
5.853905
5.947696
6.051999
6.168779
6.300000
6.445263
6.594714
6.736132
6.857298
6.945994
6.990000
6.983758
6.948352
6.911528
6.901031
6.944606
7.070000
7.292900
7.580768
7.889008
8.173024
8.388220
8.490000
8.448761
8.294871
8.073689
7.830577
7.610894
7.460000
7.405574
7.404563
7.396234
7.319853
7.114687
6.720000
6.100287
5.320951
4.472624
3.645935
2.931517
2.420000
2.176427
2.163484
2.318271
2.577887
2.879431
3.160000
3.370488
3.516964
3.619290
3.697330
3.770946
3.860000
3.981343
4.139770
4.337067
4.575015
4.855398
5.180000
5.545669
5.929510
6.303693
6.640389
6.911768
7.090000
7.157001
7.133672
7.050660
6.938613
6.828177
6.750000
6.726281
6.745432
6.787415
6.832195
6.859736
6.850000
6.790143
6.696082
6.590928
6.497790
6.439778
6.440000
6.511296
6.625424
6.743871
6.828124
6.839672
6.740000
6.506710
6.181851
5.823588
5.490083
5.239499
5.130000
5.199411
5.404208
5.680527
5.964507
6.192286
6.300000
6.243747
6.059466
5.803053
5.530406
5.297422
5.160000
5.158562
5.271632
5.462261
5.693499
5.928395
6.130000
6.270755
6.360671
6.419151
6.465598
6.519413
6.600000
6.722075
6.881608
7.069883
7.278184
7.497795
7.720000
7.937103
8.145491
8.342568
8.525741
8.692416
8.840000
8.966734
9.074208
9.164846
9.241074
9.305317
9.360000
9.407256
9.448048
9.483047
9.512925
9.538352
9.560000
9.578085
9.591008
9.596715
9.593152
9.578265
9.550000
9.506190
9.444215
9.361342
9.254837
9.121967
8.960000
8.768173
8.553613
8.325418
8.092685
7.864513
7.650000
7.456163
7.281702
7.123236
6.977384
6.840766
6.710000
6.582452
6.458467
6.339138
6.225556
6.118813
6.020000
5.928243
5.834800
5.728963
5.600022
5.437271
5.230000
4.973650
4.688259
4.400012
4.135096
3.919696
3.780000
3.732387
3.754017
3.812240
3.874410
3.907879
3.880000
3.769254
3.598638
3.402279
3.214302
3.068833
3.000000
3.032402
3.152542
3.337395
3.563939
3.809148
4.050000
4.266599
4.451564
4.600640
4.709573
4.774111
4.790000
4.761154
4.724166
4.723796
4.804805
5.011953
5.390000
5.963737
6.678067
7.457925
8.228244
8.913958
9.440000
9.752695
9.883935
9.887002
9.815180
9.721752
9.660000
9.664603
9.695823
9.695316
9.604738
9.365748
8.920000
8.236901
7.396847
6.507985
5.678459
5.016415
4.630000
4.591914
4.833085
5.248996
5.735130
6.186970
6.500000
6.595720
6.499701
6.263531
5.938799
5.577093
5.230000
4.936131
4.682184
4.441878
4.188932
3.897067
3.540000
3.103366
2.620451
2.136456
1.696582
1.346030
1.130000
1.083091
1.197494
1.454797
1.836590
2.324462
2.900000
3.541261
4.212166
4.873104
5.484463
6.006633
6.400000
6.636032
6.730509
6.710286
6.602223
6.433175
6.230000
6.016786
5.806540
5.609501
5.435906
5.295993
5.200000
5.155852
5.162219
5.215460
5.311932
5.447993
5.620000
5.819668
6.020138
6.189908
6.297477
6.311341
6.200000
5.948300
5.606487
5.241156
4.918901
4.706318
4.670000
4.851992
5.196135
5.621717
6.048029
6.394360
6.580000
6.547759
6.334530
6.000726
5.606761
5.213048
4.880000
4.653684
4.522782
4.461628
4.444557
4.445902
4.440000
4.409494
4.370266
4.346511
4.362419
4.442185
4.610000
4.878896
5.217263
5.582328
5.931321
6.221469
6.410000
6.464458
6.393644
6.216675
5.952667
5.620737
5.240000
4.829290
4.406308
3.988471
3.593195
3.237899
2.940000
2.718937
2.602235
2.619443
2.800108
3.173777
3.770000
4.596214
5.571419
6.592509
7.556375
8.359908
8.900000
9.105792
9.035421
8.779271
8.427727
8.071175
7.800000
7.682376
7.697638
7.802908
7.955309
8.111966
8.230000
8.275119
8.247361
8.155348
8.007703
7.813046
7.580000
7.318074
7.040325
6.760698
6.493139
6.251591
6.050000
5.896290
5.774302
5.661858
5.536779
5.376886
5.160000
4.869499
4.510986
4.095620
3.634561
3.138968
2.620000
2.097149
1.623236
1.259412
1.066830
1.106642
1.440000
2.101811
3.021997
4.104233
5.252195
6.369559
7.360000
8.149124
8.750258
9.198657
9.529576
9.778272
9.980000
10.162061
10.319934
10.441141
10.513206
10.523651
10.460000
10.312075
10.078895
9.761779
9.362046
8.881013
8.320000
7.684824
6.999300
6.291742
5.590463
4.923778
4.320000
3.801129
3.363905
2.998754
2.696102
2.446376
2.240000
2.071448
1.951377
1.894492
1.915498
2.029099
2.250000
2.579469
2.965032
3.340778
3.640795
3.799173
3.750000
3.452573
2.967012
2.378647
1.772804
1.234813
0.850000
0.682508
0.711733
0.895885
1.193173
1.561809
1.960000
2.352673
2.731611
3.095313
3.442280
3.771009
4.080000
4.370412
4.654046
4.945361
5.258818
5.608878
6.010000
6.468502
6.958131
7.444492
7.893187
8.269822
8.540000
8.679190
8.702317
8.634172
8.499544
8.323224
8.130000
7.935756
7.720747
7.456319
7.113821
6.664599
6.080000
5.347970
4.522842
3.675550
2.877024
2.198197
1.710000
1.462457
1.421957
1.533981
1.744009
1.997522
2.240000
2.428637
2.567477
2.672277
2.758793
2.842782
2.940000
3.061373
3.198503
3.338161
3.467116
3.572138
3.640000
3.662119
3.648509
3.613830
3.572745
3.539914
3.530000
3.553576
3.604869
3.674019
3.751164
3.826445
3.890000
3.931863
3.941644
3.908845
3.822969
3.673520
3.450000
3.150174
2.804851
2.453101
2.133996
1.886605
1.750000
1.750590
1.864139
2.053751
2.282529
2.513578
2.710000
2.845663
2.937484
3.013147
3.100332
3.226723
3.420000
3.694585
4.011851
4.319913
4.566882
4.700874
4.670000
4.443870
4.078075
3.649703
3.235842
2.913578
2.760000
2.828455
3.077331
3.441275
3.854936
4.252962
4.570000
4.756894
4.829270
4.818947
4.757747
4.677491
4.610000
4.582163
4.601147
4.669187
4.788519
4.961378
5.190000
5.470287
5.772809
6.061804
6.301510
6.456162
6.490000
6.381550
6.166505
5.894845
5.616553
5.381611
5.240000
5.222400
5.282282
5.353814
5.371166
5.268505
4.980000
4.464683
3.781034
3.012397
2.242117
1.553537
1.030000
0.739101
0.685435
0.857847
1.245182
1.836284
2.620000
3.570625
4.604262
5.622465
6.526786
7.218780
7.600000
7.606962
7.316033
6.838543
6.285821
5.769197
5.400000
5.256156
5.281974
5.388361
5.486224
5.486468
5.300000
4.869804
4.267182
3.595511
2.958171
2.458541
2.200000
2.253238
2.558189
3.022096
3.552204
4.055757
4.440000
4.640437
4.705619
4.712355
4.737457
4.857735
5.150000
5.664318
6.343780
7.104733
7.863523
8.536496
9.040000
9.311735
9.374816
9.273713
9.052897
8.756836
8.430000
8.108558
7.795475
7.485413
7.173038
6.853012
6.520000
6.172320
5.822915
5.488383
5.185321
4.930328
4.740000
4.626698
4.585827
4.608554
4.686047
4.809473
4.970000
5.164685
5.414148
5.744901
6.183453
6.756316
7.490000
8.392572
9.398320
10.423092
11.382732
12.193086
12.770000
13.058455
13.119977
13.045230
12.924877
12.849579
12.910000
13.169952
13.585844
14.087237
14.603687
15.064755
15.400000
15.559237
15.573311
15.493324
15.370375
15.255567
15.200000
15.236525
15.324984
15.406969
15.424073
15.317886
15.030000
14.520683
13.824902
12.996300
12.088520
11.155206
10.250000
9.419263
8.680225
8.042832
7.517032
7.112772
6.840000
6.708330
6.726052
6.901123
7.241500
7.755140
8.450000
9.320564
10.307419
11.337676
12.338451
13.236854
13.960000
14.455201
14.750570
14.894421
14.935068
14.920823
14.900000
14.906827
14.919190
14.900889
14.815724
14.627494
14.300000
13.814434
13.221557
12.589523
11.986483
11.480591
11.140000
11.011593
11.057172
11.217271
11.432420
11.643152
11.790000
11.830490
11.790123
11.711395
11.636802
11.608838
11.670000
11.847281
12.105669
12.394648
12.663707
12.862328
12.940000
12.859970
12.640536
12.313761
11.911705
11.466431
11.010000
10.567933
10.139595
9.717808
9.295398
8.865187
8.420000
7.968806
7.585159
7.358756
7.379296
7.736478
8.520000
9.776054
11.376806
13.150917
14.927046
16.533854
17.800000
18.600960
18.999468
19.105076
19.027334
18.875791
18.760000
18.765015
18.877914
19.061279
19.277694
19.489740
19.660000
19.756619
19.769987
19.696057
19.530780
19.270111
18.910000
18.449991
17.903991
17.289494
16.624000
15.925003
15.210000
14.495685
13.795532
13.122216
12.488407
11.906777
11.390000
10.945002
10.555732
10.200393
9.857189
9.504323
9.120000
8.690187
8.231911
7.769963
7.329135
6.934217
6.610000
6.373185
6.208105
6.091004
5.998124
5.905708
5.790000
5.633602
5.444558
5.237272
5.026148
4.825589
4.650000
4.508240
4.386995
4.267407
4.130617
3.957767
3.730000
3.435151
3.087832
2.709351
2.321015
1.944129
1.600000
1.309027
1.087972
0.952688
0.919029
1.002848
1.220000
1.576658
2.040281
2.568648
3.119537
3.650728
4.120000
4.489155
4.736089
4.842721
4.790971
4.562757
4.140000
3.523713
2.791290
2.039219
1.363988
0.862086
0.630000
0.728539
1.075788
1.554153
2.046040
2.433854
2.600000
2.466530
2.114076
1.662918
1.233334
0.945601
0.920000
1.235712
1.807536
2.509174
3.214329
3.796703
4.130000
4.127197
3.858373
3.432886
2.960091
2.549344
2.310000
2.323094
2.556378
2.949281
3.441232
3.971662
4.480000
4.917277
5.280929
5.579991
5.823500
6.020490
6.180000
6.311175
6.423609
6.527005
6.631066
6.745497
6.880000
7.038761
7.203893
7.351989
7.459643
7.503448
7.460000
7.316927
7.106004
6.870040
6.651844
6.494228
6.440000
6.518622
6.706166
6.965353
7.258905
7.549547
7.800000
7.979602
8.084148
8.116050
8.077719
7.971565
7.800000
7.570703
7.312427
7.059197
6.845034
6.703960
6.670000
6.762912
6.945402
7.165912
7.372887
7.514769
7.540000
7.417651
7.199300
6.957153
6.763417
6.690297
6.810000
7.166208
7.688511
8.277975
8.835667
9.262653
9.460000
9.362657
9.041102
8.599698
8.142805
7.774785
7.600000
7.686684
7.958562
8.303234
8.608299
8.761354
8.650000
8.201488
7.501687
6.676116
5.850297
5.149751
4.700000
4.585928
4.729877
5.013553
5.318662
5.526909
5.520000
5.216929
4.685842
4.032172
3.361353
2.778818
2.390000
2.270290
2.374901
2.629007
2.957778
3.286385
3.540000
3.661542
3.664922
3.581799
3.443832
3.282679
3.130000
3.010209
2.918744
2.843797
2.773562
2.696232
2.600000
2.480399
2.362325
2.278013
2.259698
2.339615
2.550000
2.909953
3.386029
3.931652
4.500240
5.045216
5.520000
5.887985
6.152446
6.326631
6.423787
6.457161
6.440000
6.383247
6.288631
6.155574
5.983501
5.771835
5.520000
5.230924
4.921549
4.612323
4.323691
4.076101
3.890000
3.779817
3.735913
3.742635
3.784327
3.845333
3.910000
3.964995
4.006279
4.032137
4.040854
4.030713
4.000000
3.946130
3.863044
3.743815
3.581517
3.369221
3.100000
2.774467
2.423396
2.085101
1.797894
1.600089
1.530000
1.613084
1.823370
2.122032
2.470242
2.829174
3.160000
3.428244
3.616827
3.713022
3.704101
3.577336
3.320000
2.930470
2.451545
1.937130
1.441131
1.017453
0.720000
0.587146
0.595142
0.704707
0.876558
1.071417
1.250000
1.383398
1.484182
1.575293
1.679672
1.820260
2.020000
2.292548
2.614426
2.952872
3.275125
3.548421
3.740000
3.827475
3.829965
3.776967
3.697977
3.622489
3.580000
3.592182
3.649416
3.734258
3.829264
3.916993
3.980000
4.007037
4.011630
4.013502
4.032373
4.087966
4.200000
4.378282
4.592952
4.804234
4.972353
5.057534
5.020000
4.835530
4.542118
4.193311
3.842658
3.543705
3.350000
3.298857
3.362650
3.497520
3.659608
3.805055
3.890000
3.882654
3.799504
3.669107
3.520020
3.380798
3.280000
3.240249
3.260444
3.333551
3.452535
3.610363
3.800000
4.009496
4.207236
4.356689
4.421321
4.364602
4.150000
3.758849
3.243943
2.675945
2.125514
1.663312
1.360000
1.263952
1.334398
1.508282
1.722548
1.914139
2.020000
1.993723
1.855502
1.642177
1.390590
1.137584
0.920000
0.769719
0.698780
0.714261
0.823240
1.032793
1.350000
1.773001
2.264191
2.777028
3.264970
3.681475
3.980000
4.126748
4.138898
4.046375
3.879102
3.667002
3.440000
3.225145
3.037992
2.891221
2.797512
2.769545
2.820000
2.952717
3.136169
3.329990
3.493813
3.587272
3.570000
3.418664
3.178073
2.910069
2.676493
2.539190
2.560000
2.779987
3.157094
3.628485
4.131324
4.602774
4.980000
5.212731
5.300958
5.257241
5.094137
4.824204
4.460000
4.019970
3.546110
3.086300
2.688424
2.400363
2.270000
2.325953
2.519788
2.783808
3.050314
3.251611
3.320000
3.208301
2.951405
2.604719
2.223651
1.863609
1.580000
1.413897
1.349035
1.354815
1.400635
1.455897
1.490000
1.484628
1.470601
1.491021
1.588993
1.807618
2.190000
2.761849
3.479302
4.281100
5.105987
5.892706
6.580000
7.121308
7.528859
7.829579
8.050392
8.218224
8.360000
8.496992
8.627853
8.745585
8.843186
8.913658
8.950000
8.947299
8.908986
8.840581
8.747603
8.635570
8.510000
8.375943
8.236572
8.094589
7.952698
7.813600
7.680000
7.552029
7.419540
7.269811
7.090125
6.867761
6.590000
6.251772
5.878603
5.503666
5.160137
4.881190
4.700000
4.636021
4.653828
4.704275
4.738216
4.706507
4.560000
4.267199
3.867196
3.416734
2.972553
2.591394
2.330000
2.229119
2.265535
2.400040
2.593424
2.806480
3.000000
3.144426
3.248811
3.331857
3.412269
3.508749
3.640000
3.817712
4.025517
4.240030
4.437871
4.595655
4.690000
4.705373
4.657641
4.570521
4.467729
4.372984
4.310000
4.297740
4.336141
4.420386
4.545656
4.707133
4.900000
5.118806
5.355572
5.601686
5.848536
6.087511
6.310000
6.507499
6.671942
6.795372
6.869829
6.887358
6.840000
6.725688
6.565918
6.388078
6.219553
6.087732
6.020000
6.036786
6.130681
6.287317
6.492327
6.731344
6.990000
7.256058
7.525804
7.797655
8.070026
8.341336
8.610000
8.871992
9.113511
9.318315
9.470160
9.552803
9.550000
9.455188
9.300522
9.127835
8.978963
8.895740
8.920000
9.077951
9.333291
9.634094
9.928432
10.164376
10.290000
10.267593
10.116313
9.869538
9.560643
9.223005
8.890000
8.588716
8.321086
8.082755
7.869367
7.676567
7.500000
7.333192
7.161195
6.966943
6.733371
6.443412
6.080000
5.639027
5.168210
4.728224
4.379743
4.183444
4.200000
4.462739
4.895597
5.395163
5.858026
6.180775
6.260000
6.026963
5.551626
4.938625
4.292597
3.718176
3.320000
3.173807
3.239751
3.449086
3.733068
4.022955
4.250000
4.364058
4.389372
4.368782
4.345130
4.361255
4.460000
4.665748
4.929059
5.182036
5.356783
5.385404
5.200000
4.760126
4.135133
3.421822
2.716996
2.117454
1.720000
1.592221
1.684854
1.919425
2.217456
2.500473
2.690000
2.727148
2.631376
2.441730
2.197254
1.936996
1.700000
1.518724
1.399271
1.341157
1.343897
1.407006
1.530000
1.708235
1.920430
2.141144
2.344937
2.506369
2.600000
2.608012
2.543085
2.425518
2.275614
2.113674
1.960000
1.831660
1.732788
1.664285
1.627052
1.621990
1.650000
1.710302
1.795394
1.896093
2.003215
2.107579
2.200000
2.274030
2.334155
2.387594
2.441568
2.503297
2.580000
2.675615
2.780950
2.883530
2.970882
3.030530
3.050000
3.026010
2.992046
2.990785
3.064905
3.257084
3.610000
4.145252
4.800125
5.490829
6.133571
6.644559
6.940000
6.964372
6.775231
6.458398
6.099700
5.784959
5.600000
5.608138
5.782656
6.074328
6.433926
6.812226
7.160000
7.436639
7.635996
7.760541
7.812744
7.795074
7.710000
7.563361
7.374470
7.166007
6.960653
6.781091
6.650000
6.584037
6.575755
6.611682
6.678347
6.762277
6.850000
6.928315
6.985103
7.008514
6.986700
6.907811
6.760000
6.538536
6.267168
5.976762
5.698187
5.462311
5.300000
5.232633
5.243634
5.306937
5.396476
5.486186
5.550000
5.565513
5.524961
5.424239
5.259241
5.025863
4.720000
4.342859
3.916891
3.469858
3.029524
2.623650
2.280000
2.021060
1.848216
1.757578
1.745256
1.807360
1.940000
2.133919
2.358392
2.577328
2.754636
2.854224
2.840000
2.691968
2.454512
2.188108
1.953236
1.810374
1.820000
2.021912
2.373191
2.810239
3.269455
3.687242
4.000000
4.162790
4.205315
4.175937
4.123016
4.094917
4.140000
4.292898
4.533325
4.827265
5.140701
5.439618
5.690000
5.869181
5.999902
6.116254
6.252326
6.442212
6.720000
7.105145
7.558547
8.026471
8.455178
8.790934
8.980000
8.988249
8.859983
8.659114
8.449553
8.295211
8.260000
8.386768
8.634114
8.939574
9.240684
9.474981
9.580000
9.514216
9.319858
9.060090
8.798081
8.596995
8.520000
8.611552
8.841271
9.160065
9.518845
9.868520
10.160000
10.355084
10.459134
10.488400
10.459132
10.387582
10.290000
10.181582
10.073304
9.975087
9.896850
9.848514
9.840000
9.873447
9.919870
9.942504
9.904580
9.769335
9.500000
9.077221
8.551288
7.989899
7.460755
7.031555
6.770000
6.720584
6.834978
7.041650
7.269067
7.445695
7.500000
7.381879
7.126948
6.792249
6.434829
6.111731
5.880000
5.780094
5.786120
5.855603
5.946062
6.015021
6.020000
5.931589
5.772645
5.579090
5.386849
5.231844
5.150000
5.164893
5.250709
5.369288
5.482470
5.552094
5.540000
5.420461
5.217484
4.967509
4.706977
4.472327
4.300000
4.218818
4.227132
4.315675
4.475178
4.696376
4.970000
5.282923
5.606580
5.908542
6.156384
6.317679
6.360000
6.264812
6.069142
5.823908
5.580027
5.388419
5.300000
5.349542
5.507223
5.727078
5.963137
6.169434
6.300000
6.321651
6.252335
6.122781
5.963721
5.805883
5.680000
5.608529
5.580844
5.578047
5.581240
5.571523
5.530000
5.441500
5.305769
5.126279
4.906506
4.649921
4.360000
4.043341
3.719044
3.409335
3.136441
2.922587
2.790000
2.752730
2.792131
2.881380
2.993656
3.102136
3.180000
3.204165
3.166507
3.062645
2.888195
2.638775
2.310000
1.908574
1.485543
1.103039
0.823192
0.708135
0.820000
1.197186
1.783171
2.497700
3.260517
3.991369
4.610000
5.057124
5.357328
5.556163
5.699184
5.831946
6.000000
6.236214
6.522704
6.828898
7.124227
7.378118
7.560000
7.650474
7.674820
7.669494
7.670946
7.715630
7.840000
8.065873
8.356533
8.660627
8.926804
9.103712
9.140000
8.998533
8.699047
8.275497
7.761837
7.192020
6.600000
6.016569
5.459870
4.944883
4.486589
4.099968
3.800000
3.597181
3.484065
3.448721
3.479216
3.563619
3.690000
3.845076
4.010165
4.165234
4.290252
4.365185
4.370000
4.291450
4.143423
3.946591
3.721629
3.489207
3.270000
3.080467
2.920218
2.784650
2.669160
2.569144
2.480000
2.400386
2.342001
2.319809
2.348770
2.443847
2.620000
2.883963
3.209554
3.562364
3.907982
4.211997
4.440000
4.568762
4.619781
4.625735
4.619303
4.633165
4.700000
4.841220
5.033175
5.240947
5.429620
5.564276
5.610000
5.543441
5.387521
5.176728
4.945552
4.728479
4.560000
4.463394
4.417111
4.388389
4.344470
4.252594
4.080000
3.806083
3.458850
3.078464
2.705086
2.378877
2.140000
2.016626
1.988970
2.025254
2.093705
2.162545
2.200000
2.183246
2.125272
2.048019
1.973428
1.923441
1.920000
1.979140
2.093277
2.248921
2.432583
2.630772
2.830000
3.020194
3.204953
3.391296
3.586240
3.796802
4.030000
4.288511
4.557650
4.818393
5.051715
5.238593
5.360000
5.404699
5.392595
5.351382
5.308750
5.292392
5.330000
5.437323
5.582339
5.721080
5.809582
5.803877
5.660000
5.350313
4.912494
4.400547
3.868479
3.370295
2.960000
2.679108
2.519167
2.459230
2.478354
2.555592
2.670000
2.805799
2.967875
3.166281
3.411069
3.712291
4.080000
4.514964
4.980813
5.431895
5.822556
6.107142
6.240000
6.194439
6.019613
5.783639
5.554635
5.400716
5.390000
5.567745
5.887773
6.281048
6.678535
7.011198
7.210000
7.225601
7.087444
6.844667
6.546409
6.241807
5.980000
5.800684
5.705784
5.687782
5.739163
5.852408
6.020000
6.229164
6.446088
6.631704
6.746941
6.752729
6.610000
6.298911
5.876530
5.419153
5.003075
4.704592
4.600000
4.739035
5.065200
5.495436
5.946686
6.335893
6.580000
6.618189
6.478598
6.211605
5.867589
5.496928
5.150000
4.867747
4.653373
4.500643
4.403327
4.355190
4.350000
4.380730
4.437171
4.508321
4.583178
4.650738
4.700000
4.723408
4.727203
4.721072
4.714702
4.717783
4.740000
4.787257
4.850313
4.916141
4.971716
5.004011
5.000000
4.949601
4.854509
4.719364
4.548805
4.347470
4.120000
3.870403
3.600168
3.310152
3.001214
2.674211
2.330000
1.974434
1.633336
1.337526
1.117821
1.005040
1.030000
1.211770
1.522413
1.922244
2.371576
2.830724
3.260000
3.627516
3.932568
4.182249
4.383652
4.543872
4.670000
4.767102
4.832131
4.860011
4.845666
4.784021
4.670000
4.506529
4.328538
4.178958
4.100721
4.136758
4.330000
4.705069
5.213346
5.787906
6.361819
6.868160
7.240000
7.430280
7.471410
7.415669
7.315335
7.222686
7.190000
7.256451
7.408791
7.620668
7.865730
8.117625
8.350000
8.541094
8.687502
8.790410
8.851005
8.870473
8.850000
8.793527
8.716018
8.635192
8.568768
8.534464
8.550000
8.627159
8.753981
8.912572
9.085035
9.253476
9.400000
9.508578
9.570650
9.579521
9.528500
9.410890
9.220000
8.956029
8.646753
8.326843
8.030967
7.793796
7.650000
7.622167
7.684560
7.799358
7.928744
8.034898
8.080000
8.039053
7.938342
7.816974
7.714056
7.668696
7.720000
7.890743
8.138370
8.403996
8.628734
8.753698
8.720000
8.491772
8.125214
7.699540
7.293970
6.987717
6.860000
6.962585
7.237442
7.599092
7.962054
8.240850
8.350000
8.230665
7.930573
7.524093
7.085591
6.689437
6.410000
6.299985
6.325449
6.430788
6.560396
6.658668
6.670000
6.554534
6.335407
6.051505
5.741713
5.444916
5.200000
5.032712
4.916254
4.810690
4.676084
4.472499
4.160000
3.713737
3.169205
2.576984
1.987656
1.451801
1.020000
0.732062
0.584704
0.563873
0.655515
0.845576
1.120000
1.467229
1.885682
2.376272
2.939913
3.577518
4.290000
5.075040
5.917382
6.798538
7.700019
8.603336
9.490000
10.343074
11.151826
11.907075
12.599641
13.220343
13.760000
14.207664
14.545314
14.753162
14.811418
14.700293
14.400000
13.903908
13.258028
12.521527
11.753577
11.013344
10.360000
9.835083
9.409612
9.036978
8.670572
8.263782
7.770000
7.161410
6.485376
5.808059
5.195618
4.714211
4.430000
4.389880
4.563698
4.902035
5.355476
5.874603
6.410000
6.916338
7.364648
7.730050
7.987663
8.112606
8.080000
7.880323
7.565487
7.202765
6.859429
6.602750
6.500000
6.596446
6.849330
7.193890
7.565364
7.898988
8.130000
8.211857
8.170896
8.051674
7.898746
7.756669
7.670000
7.670986
7.742640
7.855665
7.980765
8.088642
8.150000
8.142299
8.070024
7.944415
7.776714
7.578162
7.360000
7.134494
6.918006
6.727925
6.581639
6.496534
6.490000
6.569495
6.702767
6.847635
6.961917
7.003432
6.930000
6.712988
6.377962
5.964036
5.510324
5.055940
4.640000
4.296469
4.038718
3.874973
3.813455
3.862390
4.030000
4.315072
4.678646
5.072323
5.447707
5.756398
5.950000
5.991992
5.893364
5.676984
5.365718
4.982435
4.550000
4.092376
3.637896
3.215991
2.856087
2.587614
2.440000
2.431746
2.537643
2.721554
2.947342
3.178869
3.380000
3.523140
3.614865
3.670294
3.704547
3.732742
3.770000
3.825232
3.882528
3.919771
3.914841
3.845624
3.690000
3.438060
3.128726
2.813124
2.542384
2.367633
2.340000
2.492248
2.783680
3.155233
3.547846
3.902456
4.160000
4.275818
4.262851
4.148442
3.959936
3.724674
3.470000
3.219019
2.977880
2.748497
2.532782
2.332645
2.150000
1.987552
1.851183
1.747568
1.683382
1.665301
1.700000
1.790958
1.928869
2.101231
2.295542
2.499299
2.700000
2.888477
3.068897
3.248758
3.435563
3.636810
3.860000
4.109115
4.374063
4.641235
4.897022
5.127813
5.320000
5.460897
5.541518
5.553800
5.489683
5.341103
5.100000
4.766047
4.369866
3.949814
3.544247
3.191523
2.930000
2.786719
2.743462
2.770695
2.838885
2.918498
2.980000
3.002262
2.997768
2.987407
2.992066
3.032635
3.130000
3.297983
3.522132
3.780927
4.052850
4.316381
4.550000
4.737705
4.885557
5.005134
5.108015
5.205778
5.310000
5.430457
5.569715
5.728535
5.907681
6.107915
6.330000
6.571809
6.819658
7.056975
7.267186
7.433719
7.540000
7.575918
7.557208
7.506065
7.444686
7.395265
7.380000
7.415305
7.494472
7.605014
7.734442
7.870266
8.000000
8.112723
8.203791
8.270128
8.308659
8.316308
8.290000
8.228433
8.137401
8.024473
7.897218
7.763204
7.630000
7.502481
7.374753
7.238228
7.084319
6.904439
6.690000
6.435578
6.148402
5.838864
5.517356
5.194271
4.880000
4.582244
4.297936
4.021317
3.746627
3.468108
3.180000
2.878825
2.570224
2.262119
1.962432
1.679085
1.420000
1.193707
1.011169
0.883958
0.823645
0.841802
0.950000
1.153663
1.433619
1.764550
2.121136
2.478060
2.810000
3.094050
3.316948
3.467843
3.535883
3.510219
3.380000
3.143285
2.833774
2.494079
2.166812
1.894581
1.720000
1.676098
1.757585
1.949589
2.237241
2.605668
3.040000
3.523295
4.030331
4.533813
5.006448
5.420941
5.750000
5.970211
6.073684
6.056409
5.914376
5.643577
5.240000
4.710722
4.107156
3.491802
2.927159
2.475725
2.200000
2.138708
2.235470
2.410133
2.582545
2.672552
2.600000
2.314402
1.883928
1.406415
0.979698
0.701615
0.670000
0.950167
1.477338
2.154208
2.883477
3.567842
4.110000
4.438864
4.588203
4.618002
4.588245
4.558917
4.590000
4.723914
4.932812
5.171282
5.393911
5.555288
5.610000
5.528166
5.342031
5.099370
4.847961
4.635579
4.510000
4.503469
4.586103
4.712488
4.837208
4.914851
4.900000
4.758792
4.503558
4.158180
3.746540
3.292519
2.820000
2.354698
1.929667
1.579794
1.339966
1.245073
1.330000
1.612694
2.043331
2.555146
3.081373
3.555246
3.910000
4.098183
4.149601
4.113372
4.038616
3.974452
3.970000
4.058925
4.213081
4.388866
4.542681
4.630926
4.610000
4.449033
4.168077
3.799914
3.377325
2.933093
2.500000
2.111378
1.802759
1.610229
1.569870
1.717766
2.090000
2.702679
3.491997
4.374171
5.265418
6.081956
6.740000
7.180176
7.440735
7.584337
7.673643
7.771310
7.940000
8.223841
8.592841
8.998479
9.392233
9.725581
9.950000
10.035202
10.023826
9.976745
9.954832
10.018960
10.230000
10.621140
11.114819
11.605790
11.988809
12.158628
12.010000
11.477231
10.652826
9.668843
8.657340
7.750373
7.080000
6.744244
6.704990
6.890087
7.227388
7.644742
8.070000
8.444220
8.761290
9.028307
9.252367
9.440566
9.600000
9.731469
9.810590
9.806683
9.689069
9.427068
8.990000
8.363607
7.599312
6.764959
5.928393
5.157459
4.520000
4.072437
3.825497
3.778480
3.930691
4.281430
4.830000
5.562848
6.414998
7.308619
8.165881
8.908951
9.460000
9.764412
9.860438
9.809543
9.673194
9.512858
9.390000
9.352559
9.394362
9.495708
9.636897
9.798228
9.960000
10.106278
10.236188
10.352623
10.458476
10.556637
10.650000
10.741404
10.833478
10.928798
11.029941
11.139483
11.260000
11.391625
11.524715
11.647184
11.746946
11.811913
11.830000
11.793393
11.711365
11.597465
11.465240
11.328236
11.200000
11.089111
10.984268
10.869204
10.727651
10.543339
10.300000
9.987341
9.618969
9.214467
8.793416
8.375400
7.980000
7.623655
7.310225
7.040428
6.814980
6.634598
6.500000
6.410494
6.359761
6.340072
6.343701
6.362920
6.390000
6.418720
6.448879
6.481782
6.518734
6.561038
6.610000
6.667032
6.733981
6.812798
6.905438
7.013854
7.140000
7.282317
7.425198
7.549526
7.636181
7.666045
7.620000
7.490043
7.312634
7.135350
7.005765
6.971457
7.080000
7.359919
7.763524
8.224076
8.674833
9.049055
9.280000
9.317736
9.179565
8.899596
8.511939
8.050703
7.550000
7.035618
6.500068
5.927541
5.302227
4.608317
3.830000
2.968124
2.090161
1.280239
0.622486
0.201030
0.100000
0.369477
0.923360
1.641502
2.403754
3.089969
3.580000
3.786514
3.753435
3.557505
3.275462
2.984047
2.760000
2.663496
2.688455
2.812230
3.012176
3.265648
3.550000
3.849871
4.179042
4.558575
5.009536
5.552990
6.210000
6.983407
7.803157
8.580969
9.228567
9.657670
9.780000
9.543305
9.039443
8.396297
7.741752
7.203691
6.910000
6.955825
7.305368
7.890092
8.641463
9.490944
10.370000
11.206033
11.910197
12.389584
12.551286
12.302394
11.550000
10.256014
8.601621
6.822821
5.155616
3.836008
3.100000
3.113150
3.759246
4.851633
6.203658
7.628665
8.940000
9.982405
10.726211
11.173146
11.324937
11.183312
10.750000
10.044545
9.157763
8.198285
7.274743
6.495771
5.970000
5.771544
5.836443
6.066216
6.362387
6.626474
6.760000
6.693260
6.471652
6.169350
5.860525
5.619350
5.520000
5.614212
5.863985
6.208885
6.588478
6.942328
7.210000
7.347394
7.375741
7.332610
7.255565
7.182173
7.150000
7.187371
7.285642
7.426926
7.593338
7.766992
7.930000
8.066409
8.167987
8.228435
8.241452
8.200741
8.100000
7.934402
7.705004
7.414335
7.064926
6.659304
6.200000
5.694549
5.170516
4.660474
4.196992
3.812644
3.540000
3.400226
3.368856
3.410020
3.487847
3.566464
3.610000
3.592974
3.531466
3.451945
3.380880
3.344742
3.370000
3.474637
3.642687
3.849701
4.071225
4.282808
4.460000
4.584359
4.661489
4.703003
4.720517
4.725645
4.730000
4.741770
4.755433
4.762037
4.752633
4.718271
4.650000
4.541569
4.397522
4.225099
4.031543
3.824096
3.610000
3.398435
3.206333
3.052567
2.956009
2.935529
3.010000
3.188165
3.438257
3.718382
3.986643
4.201148
4.320000
4.318535
4.241009
4.148906
4.103714
4.166916
4.400000
4.840750
5.432153
6.093493
6.744057
7.303131
7.690000
7.848186
7.818158
7.664621
7.452279
7.245837
7.110000
7.093079
7.177807
7.330524
7.517568
7.705281
7.860000
7.956165
8.000614
8.008285
7.994114
7.973040
7.960000
7.967816
8.000847
8.061337
8.151530
8.273670
8.430000
8.620673
8.837479
9.070116
9.308283
9.541678
9.760000
9.954075
10.119237
10.251949
10.348672
10.405868
10.420000
10.387194
10.302240
10.159589
9.953697
9.679016
9.330000
8.907749
8.439952
7.960944
7.505059
7.106633
6.800000
6.606345
6.494247
6.419135
6.336437
6.201583
5.970000
5.611409
5.152690
4.635018
4.099563
3.587500
3.140000
2.792928
2.560918
2.453295
2.479384
2.648510
2.970000
3.441415
4.013267
4.624303
5.213272
5.718922
6.080000
6.254420
6.276755
6.200742
6.080120
5.968627
5.920000
5.974099
6.115270
6.313979
6.540692
6.765877
6.960000
7.098349
7.175498
7.190843
7.143777
7.033698
6.860000
6.627180
6.360145
6.088901
5.843457
5.653821
5.550000
5.552050
5.640220
5.784804
5.956098
6.124398
6.260000
6.342442
6.388235
6.423133
6.472891
6.563262
6.720000
6.959247
7.258692
7.586413
7.910486
8.198990
8.420000
8.551590
8.611812
8.628716
8.630350
8.644761
8.700000
8.815644
8.977392
9.162473
9.348115
9.511548
9.630000
9.685881
9.682324
9.627644
9.530153
9.398167
9.240000
9.063934
8.878126
8.690703
8.509790
8.343514
8.200000
8.086578
8.007394
7.965795
7.965131
8.008750
8.100000
8.238317
8.407484
8.587367
8.757835
8.898757
8.990000
9.018254
8.997487
8.948488
8.892048
8.848956
8.840000
8.880011
8.959978
9.064930
9.179898
9.289912
9.380000
9.440083
9.479640
9.513041
9.554655
9.618851
9.720000
9.865398
10.034054
10.197906
10.328889
10.398942
10.380000
10.255038
10.051180
9.806587
9.559418
9.347836
9.210000
9.171948
9.211224
9.293248
9.383438
9.447215
9.450000
9.365964
9.204293
8.982923
8.719793
8.432839
8.140000
7.854056
7.567160
7.266310
6.938502
6.570733
6.150000
5.671795
5.165586
4.669338
4.221016
3.858581
3.620000
3.529460
3.556051
3.655087
3.781881
3.891747
3.940000
3.896799
3.791690
3.669065
3.573313
3.548828
3.640000
3.878250
4.243113
4.701155
5.218940
5.763033
6.300000
6.798165
7.232895
7.581317
7.820557
7.927743
7.880000
7.661821
7.287157
6.777326
6.153645
5.437431
4.650000
3.817931
2.988846
2.215627
1.551158
1.048321
0.760000
0.717659
0.867089
1.132665
1.438760
1.709747
1.870000
1.866341
1.735389
1.536212
1.327876
1.169449
1.120000
1.224847
1.474317
1.844989
2.313441
2.856251
3.450000
4.066355
4.657343
5.170084
5.551695
5.749295
5.710000
5.402744
4.883717
4.230924
3.522371
2.836061
2.250000
1.825308
1.555566
1.417468
1.387711
1.442990
1.560000
1.719773
1.920687
2.165453
2.456785
2.797397
3.190000
3.636154
4.132799
4.675720
5.260703
5.883535
6.540000
7.221444
7.901452
8.549167
9.133734
9.624297
9.990000
10.212884
10.326579
10.377611
10.412508
10.477795
10.620000
10.869704
11.193713
11.542887
11.868086
12.120170
12.250000
12.225844
12.085604
11.884590
11.678112
11.521478
11.470000
11.560900
11.759054
12.011252
12.264282
12.464935
12.560000
12.513982
12.362254
12.157903
11.954018
11.803688
11.760000
11.860162
12.077857
12.370887
12.697053
13.014157
13.280000
13.461433
13.561502
13.592299
13.565918
13.494454
13.390000
13.265864
13.140210
13.032418
12.961866
12.947934
13.010000
13.157380
13.359140
13.574280
13.761802
13.880708
13.890000
13.761698
13.519898
13.201713
12.844260
12.484650
12.160000
11.902124
11.721640
11.623866
11.614123
11.697728
11.880000
12.160686
12.517247
12.921571
13.345545
13.761059
14.140000
14.459112
14.714556
14.907351
15.038511
15.109056
15.120000
15.074487
14.984157
14.862777
14.724113
14.581932
14.450000
14.336321
14.225854
14.097792
13.931333
13.705670
13.400000
13.002033
12.533539
12.024804
11.506112
11.007749
10.560000
10.185083
9.872952
9.605491
9.364588
9.132129
8.890000
8.624995
8.343543
8.056981
7.776645
7.513872
7.280000
7.080769
6.899542
6.714085
6.502165
6.241547
5.910000
5.499288
5.057177
4.645429
4.325807
4.160077
4.210000
4.509901
4.984343
5.530450
6.045346
6.426155
6.570000
6.407867
6.006192
5.465270
4.885400
4.366877
4.010000
3.886037
3.950149
4.128469
4.347129
4.532261
4.610000
4.530206
4.337656
4.100854
3.888308
3.768521
3.810000
4.065084
4.521451
5.150613
5.924084
6.813376
7.790000
8.823116
9.872467
10.895442
11.849429
12.691819
13.380000
13.880044
14.192755
14.327620
14.294124
14.101755
13.760000
13.285828
12.726142
12.135330
11.567777
11.077872
10.720000
10.528728
10.459343
10.447311
10.428099
10.337173
10.110000
9.702593
9.153152
8.520425
7.863159
7.240102
6.710000
6.317058
6.047308
5.872239
5.763338
5.692096
5.630000
5.557415
5.490208
5.453121
5.470895
5.568274
5.770000
6.092725
6.520749
7.030279
7.597524
8.198695
8.810000
9.414646
10.023835
10.655765
11.328636
12.060648
12.870000
13.758227
14.660209
15.494162
16.178301
16.630842
16.770000
16.543742
16.019032
15.292588
14.461124
13.621356
12.870000
12.277362
11.808105
11.400487
10.992760
10.523179
9.930000
9.172090
8.290768
7.347966
6.405616
5.525650
4.770000
4.186084
3.763268
3.476400
3.300332
3.209916
3.180000
3.190146
3.238754
3.328934
3.463795
3.646447
3.880000
4.164256
4.485789
4.827864
5.173747
5.506703
5.810000
6.070699
6.291053
6.477111
6.634922
6.770535
6.890000
6.997669
7.091109
7.166191
7.218787
7.244766
7.240000
7.204875
7.157844
7.121873
7.119930
7.174983
7.310000
7.537691
7.829738
8.147567
8.452603
8.706273
8.870000
8.917695
8.873205
8.772859
8.652989
8.549926
8.500000
8.528936
8.620037
8.745997
8.879514
8.993283
9.060000
9.061051
9.012575
8.939403
8.866363
8.818286
8.820000
8.887833
9.004107
9.142642
9.277255
9.381768
9.430000
9.401828
9.301365
9.138781
8.924245
8.667928
8.380000
8.070131
7.745987
7.414735
7.083543
6.759575
6.450000
6.162973
5.910613
5.706028
5.562325
5.492613
5.510000
5.620846
5.804523
6.033653
6.280860
6.518768
6.720000
6.861188
6.935000
6.938111
6.867198
6.718935
6.490000
6.183289
5.826588
5.453902
5.099238
4.796602
4.580000
4.472691
4.454944
4.496279
4.566220
4.634286
4.670000
4.651873
4.594378
4.520980
4.455142
4.420327
4.440000
4.526808
4.650135
4.768550
4.840620
4.824914
4.680000
4.381312
3.971748
3.511071
3.059045
2.675433
2.420000
2.336509
2.404726
2.588417
2.851349
3.157288
3.470000
3.754597
3.981571
4.122760
4.150003
4.035137
3.750000
3.281771
2.678991
2.005542
1.325306
0.702165
0.200000
0.000000
0.000000
0.000000
0.000000
0.301667
0.820000
1.482915
2.238187
3.024173
3.779232
4.441722
4.950000
5.263215
5.423677
5.494487
5.538743
5.619548
5.800000
6.121354
6.537474
6.980381
7.382091
7.674625
7.790000
7.683824
7.406055
7.030241
6.629929
6.278666
6.050000
5.999740
6.112750
6.356155
6.697081
7.102654
7.540000
7.978789
8.398870
8.782638
9.112487
9.370809
9.540000
9.607835
9.583620
9.482041
9.317787
9.105544
8.860000
8.596815
8.335539
8.096697
7.900810
7.768404
7.720000
7.767637
7.889408
8.054922
8.233787
8.395610
8.510000
8.553101
8.527199
8.441115
8.303673
8.123694
7.910000
7.668895
7.396612
7.086866
6.733372
6.329845
5.870000
5.365763
4.901908
4.581419
4.507281
4.782480
5.510000
6.744997
8.351312
10.144958
11.941946
13.558290
14.810000
15.563276
15.885065
15.892499
15.702711
15.432833
15.200000
15.094351
15.098057
15.166297
15.254248
15.317090
15.310000
15.204829
15.040114
14.871064
14.752889
14.740798
14.890000
15.233649
15.716674
16.261948
16.792345
17.230737
17.500000
17.544928
17.398007
17.113645
16.746252
16.350234
15.980000
15.676316
15.425373
15.199720
14.971908
14.714485
14.400000
14.012171
13.579391
13.141223
12.737227
12.406965
12.190000
12.107778
12.109284
12.125389
12.086963
11.924876
11.570000
10.979126
10.212733
9.357223
8.498997
7.724455
7.120000
6.747756
6.572747
6.535719
6.577421
6.638598
6.660000
6.596748
6.461465
6.281150
6.082802
5.893419
5.740000
5.639651
5.569912
5.498430
5.392853
5.220827
4.950000
4.560434
4.081849
3.556379
3.026158
2.533320
2.120000
1.817593
1.614542
1.488553
1.417330
1.378577
1.350000
1.316925
1.295166
1.308159
1.379338
1.532140
1.790000
2.168040
2.648126
3.203812
3.808651
4.436196
5.060000
5.654249
6.195663
6.661593
7.029391
7.276409
7.380000
7.333157
7.191444
7.026066
6.908229
6.909138
7.100000
7.529002
8.152265
8.902893
9.713989
10.518657
11.250000
11.853566
12.324680
12.671111
12.900629
13.021002
13.040000
12.973956
12.873460
12.797663
12.805719
12.956780
13.310000
13.897322
14.641852
15.439488
16.186127
16.777665
17.110000
17.110876
16.835427
16.370634
15.803478
15.220939
14.710000
14.335470
14.073476
13.877975
13.702925
13.502281
13.230000
12.856180
12.415484
11.958714
11.536675
11.200169
11.000000
10.969532
11.072367
11.254668
11.462599
11.642322
11.740000
11.717545
11.599864
11.427612
11.241447
11.082025
10.990000
10.992835
11.065216
11.168632
11.264574
11.314533
11.280000
11.136577
10.916310
10.665361
10.429886
10.256046
10.190000
10.264377
10.457691
10.734926
11.061066
11.401096
11.720000
11.989202
12.205889
12.373686
12.496219
12.577115
12.620000
12.629045
12.610606
12.571581
12.518872
12.459378
12.400000
12.346885
12.303170
12.271240
12.253478
12.252270
12.270000
12.306285
12.349677
12.385960
12.400919
12.380337
12.310000
12.181724
12.011454
11.821170
11.632847
11.468464
11.350000
11.292791
11.285616
11.310612
11.349916
11.385666
11.400000
11.379009
11.324600
11.242634
11.138971
11.019473
10.890000
10.754043
10.605613
10.436352
10.237902
10.001904
9.720000
9.390144
9.035540
8.685706
8.370160
8.118419
7.960000
7.911355
7.936671
7.987072
8.013679
7.967614
7.800000
7.478141
7.034071
6.516005
5.972161
5.450754
5.000000
4.658489
4.426305
4.293907
4.251751
4.290296
4.400000
4.570449
4.787745
5.037118
5.303798
5.573015
5.830000
6.065316
6.290863
6.523872
6.781577
7.081208
7.440000
7.863193
8.308062
8.719893
9.043970
9.225577
9.210000
8.964922
8.547629
8.037805
7.515136
7.059306
6.750000
6.643693
6.704015
6.871386
7.086228
7.288959
7.420000
7.437668
7.371868
7.270400
7.181065
7.151665
7.230000
7.448875
7.781106
8.184514
8.616919
9.036141
9.400000
9.676416
9.873707
10.010292
10.104591
10.175020
10.240000
10.314444
10.399252
10.491816
10.589533
10.689796
10.790000
10.888585
10.988176
11.092442
11.205055
11.329684
11.470000
11.626539
11.787304
11.937164
12.060987
12.143643
12.170000
12.126878
12.008903
11.812651
11.534699
11.171623
10.720000
10.184837
9.604861
9.027231
8.499105
8.067642
7.780000
7.667201
7.695727
7.815924
7.978138
8.132715
8.230000
8.232932
8.154822
8.021571
7.859082
7.693258
7.550000
7.450143
7.394244
7.377791
7.396274
7.445181
7.520000
7.616218
7.729314
7.854763
7.988043
8.124630
8.260000
8.390957
8.519612
8.649405
8.783774
8.926160
9.080000
9.247456
9.425572
9.610118
9.796859
9.981564
10.160000
10.329129
10.490691
10.647624
10.802862
10.959342
11.120000
11.282790
11.425737
11.521888
11.544285
11.465975
11.260000
10.913371
10.468952
9.983576
9.514071
9.117269
8.850000
8.751182
8.788083
8.910060
9.066468
9.206662
9.280000
9.249540
9.133159
8.962434
8.768947
8.584276
8.440000
8.362000
8.353357
8.411453
8.533671
8.717392
8.960000
9.256674
9.593786
9.955505
10.326001
10.689442
11.030000
11.333249
11.590389
11.794028
11.936772
12.011227
12.010000
11.931812
11.799843
11.643384
11.491728
11.374169
11.320000
11.345659
11.416166
11.483688
11.500390
11.418439
11.190000
10.786340
10.255123
9.663116
9.077082
8.563789
8.190000
8.002594
7.968897
8.036350
8.152391
8.264462
8.320000
8.279397
8.154844
7.971486
7.754463
7.528921
7.320000
7.147504
7.009873
6.900208
6.811607
6.737171
6.670000
6.603503
6.532329
6.451434
6.355776
6.240312
6.100000
5.931862
5.741181
5.535306
5.321585
5.107367
4.900000
4.709188
4.554057
4.456091
4.436771
4.517580
4.720000
5.054998
5.491478
5.987829
6.502441
6.993702
7.420000
7.751747
8.007438
8.217591
8.412724
8.623355
8.880000
9.196673
9.521363
9.785556
9.920736
9.858389
9.530000
8.897628
8.045629
7.088936
6.142479
5.321190
4.740000
4.477585
4.467602
4.607451
4.794533
4.926249
4.900000
4.644022
4.209889
3.680011
3.136798
2.662657
2.340000
2.225725
2.274693
2.416254
2.579759
2.694557
2.690000
2.517151
2.213931
1.839972
1.454908
1.118373
0.890000
0.811919
0.856250
0.977607
1.130608
1.269867
1.350000
1.341838
1.281070
1.219599
1.209328
1.302160
1.550000
1.983043
2.544656
3.156498
3.740230
4.217511
4.510000
4.568954
4.464011
4.294409
4.159382
4.158168
4.390000
4.917069
5.653373
6.475866
7.261499
7.887227
8.230000
8.207541
7.900645
7.430878
6.919805
6.488991
6.260000
6.322398
6.637751
7.135622
7.745577
8.397182
9.020000
9.558838
10.019463
10.422884
10.790108
11.142144
11.500000
11.876323
12.250322
12.592841
12.874730
13.066834
13.140000
13.076563
12.904806
12.664500
12.395416
12.137326
11.930000
11.803120
11.746011
11.737909
11.758049
11.785668
11.800000
11.785633
11.748557
11.700114
11.651646
11.614494
11.600000
11.614487
11.644206
11.670385
11.674257
11.637051
11.540000
11.373964
11.168324
10.962096
10.794290
10.703921
10.730000
10.899890
11.194348
11.582482
12.033397
12.516201
13.000000
13.454717
13.853541
14.170477
14.379529
14.454701
14.370000
14.112815
13.724079
13.258111
12.769229
12.311753
11.940000
11.690829
11.531255
11.410831
11.279111
11.085650
10.780000
10.328498
9.764605
9.138566
8.500623
7.901019
7.390000
7.004577
6.728842
6.533656
6.389880
6.268374
6.140000
5.986665
5.834469
5.720558
5.682079
5.756177
5.980000
6.375937
6.907354
7.522860
8.171063
8.800574
9.360000
9.812225
10.177226
10.489253
10.782558
11.091390
11.450000
11.880394
12.355594
12.836377
13.283521
13.657803
13.920000
14.044394
14.059287
14.006488
13.927802
13.865037
13.860000
13.941613
14.087256
14.261422
14.428606
14.553300
14.600000
14.543736
14.401688
14.201573
13.971108
13.738012
13.530000
13.368073
13.246364
13.152287
13.073257
12.996690
12.910000
12.802397
12.670265
12.511781
12.325124
12.108471
11.860000
11.580765
11.283318
10.983090
10.695508
10.436002
10.220000
10.055609
9.921647
9.789610
9.630992
9.417291
9.120000
8.718187
8.221204
7.645971
7.009412
6.328447
5.620000
4.901178
4.189834
3.504005
2.861731
2.281050
1.780000
1.377795
1.098350
0.966757
1.008107
1.247491
1.710000
2.402319
3.257507
4.190217
5.115100
5.946811
6.600000
7.016031
7.243103
7.356126
7.430010
7.539665
7.760000
8.143420
8.652305
9.226530
9.805971
10.330503
10.740000
10.993300
11.125086
11.189003
11.238698
11.327815
11.510000
11.822687
12.238463
12.713706
13.204792
13.668098
14.060000
14.345166
14.521432
14.594922
14.571762
14.458080
14.260000
13.979981
13.605810
13.121607
12.511491
11.759583
10.850000
9.783197
8.624957
7.457400
6.362642
5.422803
4.720000
4.310474
4.146954
4.156294
4.265347
4.400965
4.490000
4.478289
4.387597
4.258673
4.132266
4.049126
4.050000
4.163039
4.365993
4.624014
4.902255
5.165866
5.380000
5.520020
5.602136
5.652770
5.698344
5.765280
5.880000
6.060030
6.287316
6.534906
6.775850
6.983199
7.130000
7.198609
7.208601
7.188856
7.168255
7.175676
7.240000
7.382384
7.593093
7.854668
8.149650
8.460580
8.770000
9.061251
9.320877
9.536221
9.694627
9.783439
9.790000
9.707704
9.554140
9.352948
9.127768
8.902239
8.700000
8.540064
8.422934
8.344487
8.300598
8.287143
8.300000
8.333892
8.378939
8.424106
8.458360
8.470670
8.450000
8.391358
8.313904
8.242841
8.203368
8.220688
8.320000
8.516187
8.782852
9.083281
9.380759
9.638570
9.820000
9.897461
9.879873
9.785285
9.631745
9.437300
9.220000
8.995036
8.766175
8.534329
8.300410
8.065330
7.830000
7.595731
7.365428
7.142398
6.929947
6.731379
6.550000
6.388107
6.243964
6.114827
5.997950
5.890589
5.790000
5.695405
5.613899
5.554544
5.526401
5.538532
5.600000
5.716290
5.878586
6.074497
6.291631
6.517596
6.740000
6.950129
7.153978
7.361218
7.581521
7.824557
8.100000
8.410183
8.728094
9.019381
9.249694
9.384684
9.390000
9.245017
8.984018
8.655009
8.305998
7.984992
7.740000
7.603219
7.543613
7.514334
7.468536
7.359374
7.140000
6.783124
6.339680
5.880156
5.475042
5.194827
5.110000
5.265997
5.608039
6.056293
6.530926
6.952106
7.240000
7.341591
7.311127
7.229672
7.178290
7.238045
7.490000
7.983935
8.644489
9.365017
10.038875
10.559418
10.820000
10.742763
10.364992
9.752758
8.972134
8.089191
7.170000
6.276218
5.451841
4.736449
4.169625
3.790948
3.640000
3.739542
4.045053
4.495195
5.028626
5.584008
6.100000
6.532236
6.904243
7.256522
7.629573
8.063899
8.600000
9.264479
10.028347
10.848719
11.682709
12.487432
13.220000
13.845267
14.359037
14.764852
15.066256
15.266791
15.370000
15.384362
15.338099
15.264372
15.196341
15.167163
15.210000
15.345018
15.540418
15.751408
15.933196
16.040991
16.030000
15.871908
15.604302
15.281246
14.956801
14.685032
14.520000
14.501330
14.610890
14.816109
15.084414
15.383235
15.680000
15.944576
16.156580
16.298069
16.351098
16.297723
16.120000
15.808978
15.391679
14.904116
14.382306
13.862262
13.380000
12.963864
12.611521
12.312966
12.058197
11.837210
11.640000
11.459315
11.298905
11.165268
11.064905
11.004316
10.990000
11.024013
11.090638
11.169711
11.241070
11.284554
11.280000
11.213798
11.098545
10.953389
10.797481
10.649968
10.530000
10.454591
10.432221
10.469232
10.571969
10.746777
11.000000
11.330939
11.710721
12.103433
12.473161
12.783988
13.000000
13.094618
13.078598
12.972034
12.795018
12.567643
12.310000
12.042119
11.783775
11.554679
11.374544
11.263080
11.240000
11.316351
11.468524
11.664248
11.871250
12.057258
12.190000
12.246645
12.242128
12.200828
12.147122
12.105386
12.100000
12.146098
12.221852
12.296190
12.338041
12.316335
12.200000
11.965907
11.622687
11.186913
10.675159
10.103997
9.490000
8.848702
8.191476
7.528658
6.870583
6.227585
5.610000
5.027250
4.485113
3.988454
3.542138
3.151032
2.820000
2.558316
2.392887
2.355027
2.476049
2.787269
3.320000
4.095178
5.092227
6.280189
7.628109
9.105031
10.680000
12.315136
13.944872
15.496717
16.898181
18.076772
18.960000
19.491313
19.677913
19.542941
19.109538
18.400844
17.440000
16.263917
14.964586
13.647768
12.419223
11.384714
10.650000
10.277232
10.154114
10.124738
10.033199
9.723589
9.040000
7.891137
6.444145
4.930779
3.582796
2.631951
2.310000
2.777619
3.911160
5.515896
7.397100
9.360044
11.210000
12.784685
14.051586
15.010636
15.661768
16.004911
16.040000
15.783597
15.318792
14.745308
14.162867
13.671190
13.370000
13.329262
13.499912
13.803131
14.160099
14.491995
14.720000
14.782505
14.686745
14.457168
14.118220
13.694348
13.210000
12.695488
12.204589
11.796947
11.532206
11.470009
11.670000
12.165730
12.886381
13.735043
14.614807
15.428763
16.080000
16.483862
16.604703
16.419130
15.903750
15.035171
13.790000
12.183730
10.387401
8.610938
7.064266
5.957312
5.500000
5.829319
6.790509
8.155870
9.697704
11.188314
12.400000
13.160381
13.518342
13.578083
13.443806
13.219711
13.010000
12.894202
12.853161
12.843049
12.820037
12.740296
12.560000
12.252670
11.861235
11.445972
11.067159
10.785076
10.660000
10.735486
10.988195
11.378064
11.865030
12.409029
12.970000
13.506635
13.972651
14.320522
14.502721
14.471723
14.180000
13.599179
12.777498
11.782349
10.681122
9.541209
8.430000
7.405630
6.489208
5.692582
5.027605
4.506128
4.140000
3.939642
3.909745
4.053572
4.374383
4.875438
5.560000
6.420386
7.405144
8.451879
9.498197
10.481702
11.340000
12.028907
12.577086
13.031410
13.438755
13.845994
14.300000
14.828430
15.382068
15.892479
16.291227
16.509879
16.480000
16.153621
15.564641
14.767425
13.816336
12.765739
11.670000
10.579121
9.525663
8.537823
7.643800
6.871793
6.250000
5.796421
5.488262
5.292533
5.176240
5.106393
5.050000
4.984131
4.926103
4.903296
4.943091
5.072865
5.320000
5.702195
6.198437
6.778032
7.410286
8.064507
8.710000
9.319449
9.879037
10.378326
10.806876
11.154247
11.410000
11.564686
11.612821
11.549913
11.371468
11.072995
10.650000
10.108289
9.494863
8.867022
8.282065
7.797291
7.470000
7.337481
7.356985
7.465749
7.601013
7.700017
7.700000
7.553128
7.271272
6.881233
6.409808
5.883798
5.330000
4.772231
4.222371
3.689320
3.181976
2.709236
2.280000
1.906376
1.613317
1.428987
1.381548
1.499165
1.810000
2.327265
3.004359
3.779732
4.591831
5.379104
6.080000
6.648130
7.097764
7.458334
7.759275
8.030019
8.300000
8.588132
8.871252
9.115680
9.287735
9.353735
9.280000
9.050038
8.716117
8.347695
8.014229
7.785179
7.730000
7.891671
8.207244
8.587291
8.942385
9.183097
9.220000
8.993928
8.566761
8.030642
7.477714
7.000119
6.690000
6.613360
6.731640
6.980142
7.294168
7.609020
7.860000
8.000227
8.054088
8.063791
8.071540
8.119541
8.250000
8.488605
8.794971
9.112195
9.383377
9.551612
9.560000
9.364938
8.976029
8.416178
7.708286
6.875259
5.940000
4.933171
3.916467
2.959344
2.131255
1.501656
1.140000
1.099602
1.369214
1.921447
2.728915
3.764229
5.000000
6.401663
7.905938
9.442367
10.940492
12.329856
13.540000
14.514210
15.250739
15.761586
16.058747
16.154219
16.060000
15.792054
15.382216
14.866289
14.280075
13.659378
13.040000
12.454474
11.922250
11.459510
11.082434
10.807204
10.650000
10.616302
10.668785
10.759422
10.840188
10.863056
10.780000
10.557448
10.219647
9.805300
9.353109
8.901775
8.490000
8.147795
7.870403
7.644376
7.456265
7.292623
7.140000
6.986326
6.825036
6.650945
6.458866
6.243614
6.000000
5.728338
5.450934
5.195593
4.990121
4.862321
4.840000
4.940045
5.135672
5.389182
5.662874
5.919046
6.120000
6.239956
6.300822
6.336429
6.380608
6.467188
6.630000
6.886800
7.191040
7.480102
7.691363
7.762203
7.630000
7.255346
6.691683
6.015663
5.303940
4.633168
4.080000
3.705519
3.508524
3.472246
3.579913
3.814755
4.160000
4.604477
5.159404
5.841602
6.667889
7.655082
8.820000
10.161251
11.604598
13.057594
14.427792
15.622743
16.550000
17.142834
17.437387
17.495520
17.379093
17.149966
16.870000
16.585376
16.279557
15.920326
15.475467
14.912764
14.200000
13.321172
12.325127
11.276927
10.241632
9.284302
8.470000
7.846187
7.389935
7.060717
6.818007
6.621276
6.430000
6.211996
5.968465
5.708954
5.443009
5.180175
4.930000
4.700829
4.496203
4.318466
4.169959
4.053023
3.970000
3.925107
3.930055
3.998432
4.143824
4.379817
4.720000
5.175319
5.746170
6.430307
7.225488
8.129467
9.140000
10.239310
11.347488
12.369089
13.208670
13.770788
13.960000
13.721467
13.162768
12.432088
11.677611
11.047520
10.690000
10.708804
11.029958
11.535059
12.105703
12.623484
12.970000
13.057901
12.924065
12.636424
12.262911
11.871459
11.530000
11.290007
11.137114
11.040493
10.969318
10.892763
10.780000
10.613505
10.428961
10.275353
10.201667
10.256888
10.490000
10.928751
11.515931
12.173093
12.821791
13.383575
13.780000
13.954409
13.937315
13.781023
13.537837
13.260061
13.000000
12.804446
12.698141
12.700314
12.830195
13.107014
13.550000
14.162992
14.888269
15.652720
16.383233
17.006697
17.450000
17.654697
17.621004
17.363805
16.897983
16.238420
15.400000
14.399333
13.259937
12.007059
10.665947
9.261845
7.820000
6.372464
4.978508
3.704207
2.615638
1.778877
1.260000
1.101043
1.247884
1.622362
2.146315
2.741581
3.330000
3.849846
4.305141
4.716345
5.103917
5.488316
5.890000
6.318786
6.741921
7.116006
7.397646
7.543443
7.510000
7.266212
6.830138
6.232129
5.502536
4.671710
3.770000
2.842708
1.994934
1.346726
1.018135
1.129210
1.800000
3.096381
4.867534
6.908465
9.014182
10.979692
12.600000
13.715656
14.349375
14.569412
14.444025
14.041468
13.430000
12.681457
11.882004
11.121386
10.489349
10.075639
9.970000
10.228145
10.769646
11.480043
12.244875
12.949681
13.480000
13.744298
13.742746
13.498442
13.034485
12.373971
11.540000
10.565034
9.519000
8.481188
7.530890
6.747397
6.210000
5.980657
6.051995
6.399305
6.997881
7.823015
8.850000
10.049003
11.369687
12.756591
14.154252
15.507209
16.760000
17.868424
18.833331
19.666831
20.381036
20.988055
21.500000
21.925818
22.261803
22.501083
22.636790
22.662052
22.570000
22.361960
22.072051
21.742585
21.415879
21.134245
20.940000
20.862312
20.877773
20.949826
21.041918
21.117494
21.140000
21.066522
20.828711
20.351861
19.561264
18.382212
16.740000
14.613777
12.198124
9.741481
7.492287
5.698980
4.610000
4.394853
4.907311
5.922216
7.214405
8.558720
9.730000
10.557830
11.090779
11.432157
11.685278
11.953455
12.340000
12.917020
13.631796
14.400407
15.138926
15.763432
16.190000
16.358952
16.307591
16.097467
15.790127
15.447122
15.130000
14.888793
14.727468
14.638476
14.614267
14.647292
14.730000
14.854348
15.010313
15.187378
15.375025
15.562738
15.740000
15.887149
15.947947
15.857013
15.548966
14.958422
14.020000
12.702705
11.113083
9.392069
7.680594
6.119594
4.850000
3.983653
3.516017
3.413462
3.642361
4.169083
4.960000
5.971295
7.118406
8.306582
9.441073
10.427129
11.170000
11.605101
11.788507
11.806460
11.745199
11.690966
11.730000
11.921449
12.216083
12.537579
12.809612
12.955861
12.900000
12.597714
12.132716
11.620725
11.177462
10.918647
10.960000
11.369685
12.025646
12.758271
13.397946
13.775060
13.720000
13.115442
12.053217
10.677442
9.132235
7.561715
6.110000
4.893684
3.919264
3.165713
2.612003
2.237108
2.020000
1.940192
1.979356
2.119706
2.343455
2.632815
2.970000
3.333327
3.685533
3.985462
4.191954
4.263853
4.160000
3.857704
3.408140
2.880947
2.345766
1.872236
1.530000
1.375995
1.416352
1.644501
2.053873
2.637896
3.390000
4.299752
5.341268
6.484798
7.700596
8.958912
10.230000
11.478885
12.649689
13.681306
14.512634
15.082567
15.330000
15.220588
14.827015
14.248726
13.585165
12.935775
12.400000
12.059830
11.927436
11.997538
12.264854
12.724102
13.370000
14.185557
15.106944
16.058620
16.965048
17.750688
18.340000
18.679748
18.805901
18.776731
18.650509
18.485509
18.340000
18.258276
18.228713
18.225707
18.223655
18.196954
18.120000
17.976083
17.784062
17.571691
17.366721
17.196907
17.090000
17.059430
17.061335
17.037530
16.929829
16.680048
16.230000
15.545549
14.688745
13.745689
12.802480
11.945217
11.260000
10.811570
10.579239
10.520962
10.594694
10.758388
10.970000
11.194237
11.422817
11.654212
11.886893
12.119332
12.350000
12.578798
12.811346
13.054692
13.315883
13.601970
13.920000
14.271079
14.632540
14.975772
15.272166
15.493112
15.610000
15.598877
15.454422
15.175970
14.762859
14.214423
13.530000
12.717997
11.823107
10.899097
9.999732
9.178778
8.490000
7.972933
7.610187
7.370142
7.221176
7.131669
7.070000
7.011613
6.960217
6.926584
6.921489
6.955703
7.040000
7.177835
7.343388
7.503520
7.625092
7.674965
7.620000
7.436536
7.138823
6.750586
6.295552
5.797448
5.280000
4.767779
4.288729
3.871637
3.545294
3.338485
3.280000
3.379756
3.572189
3.772864
3.897348
3.861204
3.580000
3.007920
2.253627
1.464405
0.787538
0.370308
0.360000
0.853983
1.749971
2.895766
4.139168
5.327979
6.310000
6.970919
7.347972
7.516282
7.550975
7.527173
7.520000
7.590491
7.743328
7.969104
8.258413
8.601847
8.990000
9.411098
9.843901
10.264800
10.650188
10.976457
11.220000
11.362663
11.408106
11.365447
11.243799
11.052278
10.800000
10.502465
10.200711
9.942164
9.774247
9.744384
9.900000
10.269423
10.804604
11.438397
12.103658
12.733240
13.260000
13.636694
13.895687
14.089247
14.269641
14.489136
14.800000
15.234820
15.747463
16.272115
16.742964
17.094197
17.260000
17.196156
16.944832
16.569792
16.134798
15.703613
15.340000
15.088472
14.916541
14.772467
14.604512
14.360935
13.990000
13.456066
12.787893
12.030340
11.228267
10.426534
9.670000
8.997033
8.420036
7.944923
7.577604
7.323992
7.190000
7.171960
7.227887
7.306219
7.355391
7.323839
7.160000
6.828971
6.362489
5.808952
5.216760
4.634310
4.110000
3.683964
3.363270
3.146723
3.033126
3.021284
3.110000
3.295823
3.566284
3.906657
4.302217
4.738240
5.200000
5.673947
6.151224
6.624150
7.085042
7.526220
7.940000
8.320011
8.665118
8.975495
9.251318
9.492761
9.700000
9.873140
10.012010
10.116371
10.185982
10.220605
10.220000
10.184097
10.113510
10.009023
9.871420
9.701484
9.500000
9.271213
9.033209
8.807538
8.615747
8.479385
8.420000
8.450868
8.552172
8.695826
8.853741
8.997828
9.100000
9.140687
9.134398
9.104158
9.072994
9.063932
9.100000
9.195781
9.332088
9.481292
9.615765
9.707878
9.730000
9.665403
9.540954
9.394422
9.263574
9.186177
9.200000
9.330247
9.551872
9.827269
10.118827
10.388940
10.600000
10.724119
10.772297
10.765254
10.723709
10.668385
10.620000
10.594341
10.587458
10.590467
10.594483
10.590622
10.570000
10.525599
10.457870
10.369129
10.261692
10.137877
10.000000
9.848447
9.675877
9.473019
9.230601
8.939352
8.590000
8.180568
7.738253
7.297547
6.892942
6.558929
6.330000
6.229792
6.238519
6.325544
6.460225
6.611924
6.750000
6.849108
6.905077
6.919029
6.892085
6.825368
6.720000
6.578173
6.406357
6.212092
6.002918
5.786374
5.570000
5.367737
5.219124
5.170103
5.266615
5.554600
6.080000
6.864075
7.829369
8.873745
9.895067
10.791197
11.460000
11.828184
11.937843
11.859915
11.665339
11.425055
11.210000
11.074623
11.007407
10.980344
10.965428
10.934649
10.860000
10.724065
10.551788
10.378707
10.240358
10.172277
10.210000
10.374535
10.628773
10.921077
11.199808
11.413328
11.510000
11.451035
11.249044
10.929485
10.517819
10.039504
9.520000
8.986786
8.475421
8.023482
7.668547
7.448194
7.400000
7.542745
7.820012
8.156587
8.477253
8.706796
8.770000
8.616539
8.295641
7.881422
7.447998
7.069485
6.820000
6.753737
6.845201
7.048977
7.319646
7.611792
7.880000
8.088328
8.238739
8.342672
8.411568
8.456864
8.490000
8.529434
8.621696
8.820335
9.178899
9.750938
10.590000
11.722085
13.062997
14.500990
15.924318
17.221237
18.280000
19.013800
19.435576
19.583207
19.494569
19.207541
18.760000
18.189105
17.529144
16.813684
16.076294
15.350544
14.670000
14.055751
13.478960
12.898307
12.272475
11.560146
10.720000
9.734881
8.684277
7.671837
6.801211
6.176049
5.900000
6.043753
6.546155
7.313094
8.250457
9.264130
10.260000
11.150709
11.875917
12.382036
12.615480
12.522664
12.050000
11.178271
10.025733
8.745012
7.488733
6.409520
5.660000
5.359818
5.496706
6.025415
6.900699
8.077310
9.510000
11.135605
12.819296
14.408327
15.749951
16.691425
17.080000
16.812900
15.987222
14.750028
13.248384
11.629353
10.040000
8.612191
7.417003
6.510311
5.947995
5.785932
6.080000
6.847454
7.951064
9.214976
10.463338
11.520297
12.210000
12.404705
12.169112
11.616034
10.858281
10.008666
9.180000
8.466320
7.886562
7.440890
7.129464
6.952446
6.910000
6.990062
7.131676
7.261658
7.306827
7.194002
6.850000
6.232968
5.426364
4.544978
3.703597
3.017008
2.600000
2.534965
2.774719
3.239679
3.850267
4.526900
5.190000
5.775689
6.282909
6.726305
7.120521
7.480205
7.820000
8.144500
8.418090
8.595102
8.629870
8.476725
8.090000
7.448023
6.625101
5.719536
4.829629
4.053683
3.490000
3.212389
3.196691
3.394255
3.756428
4.234561
4.780000
5.342606
5.866283
6.293446
6.566509
6.627889
6.420000
5.920936
5.251510
4.568212
4.027534
3.785966
4.000000
4.776750
6.025825
7.607455
9.381873
11.209311
12.950000
14.487943
15.802229
16.895717
17.771268
18.431743
18.880000
19.127312
19.218594
19.207177
19.146386
19.089551
19.090000
19.184199
19.341171
19.513077
19.652076
19.710330
19.640000
19.407280
19.034498
18.558016
18.014198
17.439405
16.870000
16.333534
15.822320
15.319858
14.809650
14.275197
13.700000
