5.540210
5.588674
5.789640
6.087352
6.426056
6.750000
7.015366
7.226089
7.398042
7.547097
7.689125
7.840000
8.009946
8.186598
8.351942
8.487966
8.576656
8.600000
8.548276
8.444927
8.321690
8.210300
8.142491
8.150000
8.253155
8.426656
8.633797
8.837873
9.002176
9.090000
9.074337
8.966968
8.789371
8.563025
8.309409
8.050000
7.803664
7.578806
7.381218
7.216694
7.091024
7.010000
6.978416
6.997068
7.065755
7.184274
7.352423
7.570000
7.832302
8.116625
8.395762
8.642507
8.829655
8.930000
8.923393
8.817914
8.628699
8.370884
8.059605
7.710000
7.339680
6.976164
6.649444
6.389514
6.226368
6.190000
6.303117
6.559284
6.944777
7.445876
8.048857
8.740000
9.503684
10.316702
11.153948
11.990317
12.800703
13.560000
14.249460
14.875759
15.451930
15.991005
16.506017
17.010000
17.507087
17.965818
18.345833
18.606775
18.708283
18.610000
18.289091
17.792823
17.185988
16.533378
15.899784
15.350000
14.935901
14.657706
14.502716
14.458233
14.511561
14.650000
14.856609
15.097464
15.334399
15.529245
15.643834
15.640000
15.490256
15.209844
14.824688
14.360713
13.843842
13.300000
12.750701
12.199826
11.646847
11.091235
10.532462
9.970000
9.405690
8.850851
8.319173
7.824346
7.380058
7.000000
6.690013
6.424548
6.170211
5.893604
5.561332
5.140000
4.611111
4.015771
3.409984
2.849757
2.391094
2.090000
1.985357
2.047554
2.229852
2.485517
2.767811
3.030000
3.236857
3.399200
3.539358
3.679658
3.842429
4.050000
4.316798
4.625646
4.951467
5.269185
5.553722
5.780000
5.930999
6.021921
6.076023
6.116565
6.166805
6.250000
6.384438
6.568524
6.795690
7.059369
7.352995
7.670000
8.004164
8.350650
8.704967
9.062625
9.419133
9.770000
10.111405
10.442209
10.761940
11.070130
11.366306
11.650000
11.919844
12.170885
12.397271
12.593153
12.752679
12.870000
12.941255
12.970549
12.963975
12.927629
12.867606
12.790000
12.701570
12.611735
12.530578
12.468181
12.434628
12.440000
12.492371
12.591769
12.736212
12.923720
13.152310
13.420000
13.721076
14.034893
14.337073
14.603236
14.809004
14.930000
14.951518
14.897547
14.801748
14.697782
14.619313
14.600000
14.665212
14.807142
15.009687
15.256746
15.532218
15.820000
16.106290
16.386478
16.658254
16.919307
17.167326
17.400000
17.614859
17.808797
17.978546
18.120841
18.232414
18.310000
18.351448
18.359074
18.336311
18.286589
18.213342
18.120000
18.011246
17.896757
17.787461
17.694284
17.628155
17.600000
17.618939
17.686861
17.803846
17.969977
18.185335
18.450000
18.757674
19.076541
19.368404
19.595065
19.718330
19.700000
19.516798
19.205123
18.816288
18.401613
18.012411
17.700000
17.500826
17.391858
17.335192
17.292929
17.227165
17.100000
16.886656
16.614855
16.325442
16.059265
15.857169
15.760000
15.794587
15.931687
16.128039
16.340383
16.525456
16.640000
16.655227
16.600249
16.518651
16.454020
16.449941
16.550000
16.781959
17.110282
17.483607
17.850576
18.159827
18.360000
18.413280
18.336032
18.158169
17.909602
17.620242
17.320000
17.034181
16.769663
16.528715
16.313609
16.126613
15.970000
15.841939
15.724205
15.594470
15.430408
15.209694
14.910000
14.517459
14.052037
13.542156
13.016241
12.502714
12.030000
11.620214
11.270241
10.970656
10.712037
10.484959
10.280000
10.090434
9.920334
9.776470
9.665612
9.594532
9.570000
9.591984
9.633238
9.659715
9.637367
9.532144
9.310000
8.953019
8.507824
8.037169
7.603810
7.270502
7.100000
7.130661
7.303243
7.534108
7.739616
7.836126
7.740000
7.394431
6.849944
6.183899
5.473654
4.796568
4.230000
3.830320
3.569943
3.400296
3.272806
3.138898
2.950000
2.674243
2.346579
2.018665
1.742160
1.568719
1.550000
1.720810
2.048556
2.483792
2.977074
3.478959
3.940000
4.322191
4.633271
4.892416
5.118802
5.331605
5.550000
5.789267
6.049100
6.325293
6.613643
6.909947
7.210000
7.510415
7.811071
8.112662
8.415884
8.721432
9.030000
9.338980
9.632543
9.891559
10.096895
10.229419
10.270000
10.207787
10.065053
9.872352
9.660240
9.459271
9.300000
9.205661
9.170209
9.180282
9.222514
9.283541
9.350000
9.409431
9.452999
9.472770
9.460815
9.409202
9.310000
9.159530
8.971129
8.762386
8.550891
8.354232
8.190000
8.071475
7.994706
7.951434
7.933398
7.932340
7.940000
7.949755
7.961527
7.976878
7.997368
8.024555
8.060000
8.105571
8.164369
8.239803
8.335280
8.454209
8.600000
8.771432
8.948773
9.107661
9.223736
9.272636
9.230000
9.083098
8.865724
8.623302
8.401258
8.245016
8.200000
8.295111
8.493146
8.740380
8.983085
9.167534
9.240000
9.164792
8.978357
8.735178
8.489737
8.296517
8.210000
8.263082
8.402313
8.552657
8.639077
8.586537
8.320000
7.795843
7.096093
6.334193
5.623583
5.077705
4.810000
4.896881
5.266648
5.810571
6.419924
6.985976
7.400000
7.582050
7.567317
7.419772
7.203389
6.982141
6.820000
6.766399
6.812604
6.935341
7.111336
7.317314
7.530000
7.730595
7.918193
8.096363
8.268675
8.438698
8.610000
8.784000
8.953513
9.109205
9.241740
9.341784
9.400000
9.409378
9.372198
9.293066
9.176586
9.027362
8.850000
8.648859
8.427324
8.188531
7.935621
7.671731
7.400000
7.127916
6.880359
6.686560
6.575747
6.577150
6.720000
7.014292
7.393092
7.770231
8.059540
8.174853
8.030000
7.581119
6.953570
6.315018
5.833129
5.675568
6.010000
6.938731
8.302628
9.877197
11.437944
12.760377
13.620000
13.855714
13.559990
12.888693
11.997686
11.042834
10.180000
9.528782
9.063706
8.723031
8.445016
8.167919
7.830000
7.395732
6.934445
6.541683
6.312992
6.343916
6.730000
7.526902
8.630738
9.897736
11.184127
12.346138
13.240000
13.758095
13.937418
13.851121
13.572353
13.174262
12.730000
12.299238
11.887736
11.487779
11.091648
10.691628
10.280000
9.851853
9.413488
8.974014
8.542536
8.128163
7.740000
7.384741
7.059422
6.758666
6.477096
6.209333
5.950000
5.691683
5.418822
5.113820
4.759081
4.337006
3.830000
3.237276
2.625288
2.077302
1.676582
1.506393
1.650000
2.159167
2.959654
3.945722
5.011629
6.051635
6.960000
7.658556
8.179427
8.582310
8.926902
9.272900
9.680000
10.191516
10.785229
11.422536
12.064836
12.673524
13.210000
13.644176
13.980027
14.230044
14.406718
14.522540
14.590000
14.618263
14.603183
14.537289
14.413108
14.223169
13.960000
13.619255
13.209093
12.740801
12.225665
11.674969
11.100000
10.511106
9.914888
9.317006
8.723122
8.138900
7.570000
7.020578
6.488763
5.971177
5.464439
4.965173
4.470000
3.977968
3.497836
3.040788
2.618010
2.240685
1.920000
1.666205
1.485817
1.384420
1.367596
1.440928
1.610000
1.875822
2.221117
2.624032
3.062718
3.515325
3.960000
4.382821
4.801568
5.241952
5.729679
6.290459
6.950000
7.722340
8.574832
9.463161
10.343010
11.170062
11.900000
12.500460
12.986880
13.386654
13.727171
14.035822
14.340000
14.652257
14.925794
15.098974
15.110160
14.897714
14.400000
13.581439
12.510684
11.282451
9.991450
8.732395
7.600000
6.675970
5.989987
5.558724
5.398856
5.527056
5.960000
6.698615
7.680850
8.828904
10.064979
11.311278
12.490000
13.535216
14.428467
15.163161
15.732709
16.130519
16.350000
16.394224
16.304913
16.133451
15.931222
15.749610
15.640000
15.633720
15.681881
15.715535
15.665736
15.463540
15.040000
14.350015
13.443861
12.395661
11.279536
10.169609
9.140000
8.250157
7.500824
6.878072
6.367970
5.956590
5.630000
5.372276
5.159510
4.965802
4.765249
4.531949
4.240000
3.873055
3.452986
3.011220
2.579182
2.188300
1.870000
1.647309
1.509655
1.438068
1.413578
1.417212
1.430000
1.437432
1.442837
1.454006
1.478730
1.524797
1.600000
1.709909
1.851219
2.018406
2.205948
2.408321
2.620000
2.837425
3.064881
3.308618
3.574884
3.869929
4.200000
4.566875
4.954443
5.342121
5.709329
6.035482
6.300000
6.488688
6.612904
6.690396
6.738912
6.776197
6.820000
6.882727
6.955423
7.023793
7.073543
7.090377
7.060000
6.976377
6.866515
6.765680
6.709138
6.732156
6.870000
7.145051
7.528146
7.977236
8.450275
8.905212
9.300000
9.603929
9.831643
10.009125
10.162356
10.317321
10.500000
10.728585
10.990097
11.263765
11.528819
11.764487
11.950000
12.070388
12.133895
12.154565
12.146442
12.123572
12.100000
12.087315
12.087286
12.099226
12.122450
12.156270
12.200000
12.248037
12.275109
12.251030
12.145610
11.928663
11.570000
11.054056
10.423758
9.736654
9.050294
8.422226
7.910000
7.558239
7.359859
7.294854
7.343215
7.484933
7.700000
7.967666
8.264212
8.565178
8.846105
9.082533
9.250000
9.336747
9.381812
9.436932
9.553845
9.784288
10.180000
10.772245
11.510393
12.323345
13.139998
13.889250
14.500000
14.921127
15.181430
15.329689
15.414684
15.485194
15.590000
15.765980
16.002406
16.276650
16.566083
16.848076
17.100000
17.304677
17.466724
17.596212
17.703208
17.797781
17.890000
17.986425
18.079586
18.158503
18.212197
18.229689
18.200000
18.116335
17.988636
17.831027
17.657635
17.482584
17.320000
17.183372
17.083648
17.031138
17.036152
17.109003
17.260000
17.489990
17.761957
18.029422
18.245904
18.364923
18.340000
18.142456
17.814821
17.417426
17.010603
16.654684
16.410000
16.315001
16.320612
16.355874
16.349831
16.231526
15.930000
15.400456
14.702732
13.922827
13.146738
12.460463
11.950000
11.673962
11.581423
11.594069
11.633588
11.621669
11.480000
11.153510
10.680096
10.120899
9.537057
8.989711
8.540000
8.232693
8.047082
7.946086
7.892626
7.849624
7.780000
7.656551
7.491577
7.307258
7.125770
6.969292
6.860000
6.814253
6.825127
6.879881
6.965773
7.070060
7.180000
7.283152
7.368284
7.424466
7.440766
7.406254
7.310000
7.148046
6.944328
6.729755
6.535237
6.391682
6.330000
6.370636
6.492182
6.662764
6.850509
7.023546
7.150000
7.209362
7.226574
7.237940
7.279763
7.388348
7.600000
7.939923
8.388929
8.916727
9.493031
10.087551
10.670000
11.211361
11.687712
12.076401
12.354779
12.500196
12.490000
12.313336
12.006521
11.617668
11.194889
10.786295
10.440000
10.192009
10.029908
9.929177
9.865295
9.813743
9.750000
9.661776
9.585699
9.570625
9.665413
9.918919
10.380000
11.074544
11.936556
12.877073
13.807128
14.637759
15.280000
15.670927
15.851779
15.889834
15.852370
15.806666
15.820000
15.941098
16.144475
16.386092
16.621910
16.807893
16.900000
16.867550
16.733284
16.533299
16.303692
16.080560
15.900000
15.786016
15.714239
15.648210
15.551468
15.387552
15.120000
14.724313
14.223832
13.653859
13.049694
12.446641
11.880000
11.377334
10.935247
10.542605
10.188273
9.861116
9.550000
9.248482
8.968885
8.728223
8.543512
8.431766
8.410000
8.488461
8.650326
8.872004
9.129903
9.400432
9.660000
9.894710
10.129440
10.398762
10.737248
11.179470
11.760000
12.497282
13.345246
14.241697
15.124438
15.931271
16.600000
17.081765
17.381056
17.515699
17.503519
17.362344
17.110000
16.763898
16.339789
15.853008
15.318893
14.752778
14.170000
13.586579
13.021271
12.493518
12.022761
11.628441
11.330000
11.132288
10.981795
10.810420
10.550063
10.132623
9.490000
8.580010
7.464142
6.229802
4.964394
3.755325
2.690000
1.845448
1.257191
0.950373
0.950139
1.281633
1.970000
3.009910
4.274130
5.604956
6.844680
7.835597
8.420000
8.492321
8.155547
7.564803
6.875213
6.241904
5.820000
5.731223
5.963682
6.472083
7.211133
8.135536
9.200000
10.351537
11.506392
12.573114
13.460256
14.076367
14.330000
14.162952
13.650010
12.899210
12.018585
11.116170
10.300000
9.653275
9.159863
8.778796
8.469108
8.189832
7.900000
7.571261
7.225722
6.898104
6.623130
6.435522
6.370000
6.452745
6.675768
7.022536
7.476518
8.021184
8.640000
9.311323
9.993060
10.638002
11.198944
11.628679
11.880000
11.922378
11.791993
11.541705
11.224371
10.892850
10.600000
10.382869
10.215263
10.055177
9.860608
9.589550
9.200000
8.663739
8.007697
7.272587
6.499124
5.728024
5.000000
4.354257
3.823950
3.440726
3.236230
3.242106
3.490000
3.992336
4.684650
5.483258
6.304476
7.064618
7.680000
8.089363
8.321153
8.426240
8.455496
8.459793
8.490000
8.582387
8.714812
8.850531
8.952798
8.984869
8.910000
8.709143
8.434042
8.154137
7.938868
7.857675
7.980000
8.350993
8.918649
9.606672
10.338769
11.038643
11.630000
12.053782
12.319881
12.455424
12.487539
12.443355
12.350000
12.231841
12.102198
11.971633
11.850705
11.749974
11.680000
11.650615
11.668734
11.740545
11.872235
12.069991
12.340000
12.685377
13.096940
13.562438
14.069616
14.606221
15.160000
15.718157
16.265727
16.787203
17.267079
17.689847
18.040000
18.303061
18.468670
18.527499
18.470216
18.287493
17.970000
17.510988
16.914036
16.185302
15.330945
14.357125
13.270000
12.085486
10.858520
9.653795
8.536005
7.569842
6.820000
6.330401
6.061885
5.954518
5.948370
5.983508
6.000000
5.954251
5.868015
5.779381
5.726441
5.747284
5.880000
6.149121
6.524944
6.964206
7.423644
7.859996
8.230000
8.508569
8.743320
9.000045
9.344539
9.842593
10.560000
11.538641
12.724741
14.040613
15.408572
16.750930
17.990000
19.062054
19.959200
20.687501
21.253025
21.661836
21.920000
22.035642
22.025128
21.906882
21.699328
21.420893
21.090000
20.722645
20.325104
19.901222
19.454847
18.989824
18.510000
18.019843
17.526310
17.036980
16.559432
16.101246
15.670000
15.265067
14.852990
14.392108
13.840757
13.157276
12.300000
11.246001
10.047285
8.774588
7.498649
6.290207
5.220000
4.349909
3.706389
3.307040
3.169460
3.311247
3.750000
4.488622
5.471232
6.627252
7.886105
9.177213
10.430000
11.586853
12.642017
13.602703
14.476122
15.269484
15.990000
16.637903
17.185516
17.598186
17.841259
17.880082
17.680000
17.222555
16.554067
15.737052
14.834026
13.907503
13.020000
12.221785
11.514142
10.886106
10.326713
9.824999
9.370000
8.950118
8.551217
8.158525
7.757272
7.332687
6.870000
6.368344
5.882472
5.481044
5.232717
5.206150
5.470000
6.065627
6.925190
7.953549
9.055564
10.136094
11.100000
11.865676
12.405657
12.706010
12.752806
12.532113
12.030000
11.254956
10.305147
9.301160
8.363582
7.613000
7.170000
7.114918
7.367090
7.805599
8.309531
8.757970
9.030000
9.036066
8.812050
8.425194
7.942739
7.431927
6.960000
6.582068
6.304711
6.122377
6.029515
6.020573
6.090000
6.231543
6.436145
6.694049
6.995498
7.330734
7.690000
8.069863
8.492191
8.985177
9.577012
10.295889
11.170000
12.206597
13.329164
14.440244
15.442382
16.238119
16.730000
16.854907
16.687080
16.335096
15.907536
15.512978
15.260000
15.226646
15.368814
15.611870
15.881177
16.102099
16.200000
16.123001
15.910255
15.623672
15.325162
15.076634
14.940000
14.957831
15.095350
15.298441
15.512990
15.684881
15.760000
15.699379
15.524643
15.272564
14.979915
14.683470
14.420000
14.216274
14.059043
13.925054
13.791052
13.633785
13.430000
13.165756
12.864370
12.558472
12.280691
12.063657
11.940000
11.929913
12.003846
12.119808
12.235814
12.309874
12.300000
12.177136
11.963951
11.696044
11.409017
11.138468
10.920000
10.779552
10.704426
10.672265
10.660712
10.647410
10.610000
10.533500
10.432419
10.328645
10.244060
10.200550
10.220000
10.313858
10.451822
10.593156
10.697122
10.722983
10.630000
10.395793
10.071403
9.726230
9.429673
9.251130
9.260000
9.500750
9.918121
10.431922
10.961963
11.428053
11.750000
11.871485
11.831668
11.693580
11.520252
11.374715
11.320000
11.398635
11.571133
11.777508
11.957770
12.051930
12.000000
11.762773
11.384169
10.928888
10.461632
10.047102
9.750000
9.615273
9.608859
9.676940
9.765702
9.821327
9.790000
9.628588
9.336693
8.924600
8.402597
7.780968
7.070000
6.286950
5.476964
4.692158
3.984651
3.406559
3.010000
2.828797
2.823601
2.936767
3.110651
3.287610
3.410000
3.437536
3.399373
3.342024
3.312003
3.355824
3.520000
3.834160
4.260390
4.743888
5.229856
5.663494
5.990000
6.169666
6.223143
6.186172
6.094497
5.983859
5.890000
5.836853
5.801114
5.747672
5.641413
5.447227
5.130000
4.672692
4.130550
3.576891
3.085035
2.728298
2.580000
2.686684
2.987798
3.396014
3.824004
4.184442
4.390000
4.380061
4.200851
3.925304
3.626357
3.376943
3.250000
3.297052
3.483983
3.755269
4.055384
4.328803
4.520000
4.589695
4.563587
4.483619
4.391736
4.329882
4.340000
4.449771
4.629819
4.836505
5.026190
5.155235
5.180000
5.069694
4.844916
4.539112
4.185727
3.818208
3.470000
3.169970
2.928664
2.752048
2.646088
2.616750
2.670000
2.805563
2.998204
3.216445
3.428809
3.603820
3.710000
3.727035
3.679260
3.602172
3.531267
3.502044
3.550000
3.701667
3.947720
4.269869
4.649825
5.069299
5.510000
5.954909
6.392084
6.810853
7.200543
7.550483
7.850000
8.093095
8.292463
8.465470
8.629484
8.801871
9.000000
9.236182
9.502509
9.786018
10.073744
10.352726
10.610000
10.833103
11.011575
11.135460
11.194798
11.179630
11.080000
10.890065
10.620448
10.285893
9.901139
9.480928
9.040000
8.594186
8.163668
7.769718
7.433609
7.176613
7.020000
6.975415
7.015992
7.105234
7.206646
7.283733
7.300000
7.231282
7.102736
6.951848
6.816104
6.732993
6.740000
6.865660
7.102695
7.434876
7.845974
8.319759
8.840000
9.388718
9.940929
10.469897
10.948888
11.351167
11.650000
11.829468
11.916924
11.950536
11.968473
12.008905
12.110000
12.297205
12.545080
12.815460
13.070182
13.271083
13.380000
13.371108
13.267942
13.106375
12.922280
12.751530
12.630000
12.581649
12.582782
12.597792
12.591070
12.527009
12.370000
12.098686
11.748708
11.369958
11.012329
10.725712
10.560000
10.546201
10.639795
10.777376
10.895540
10.930883
10.820000
10.521277
10.080261
9.564288
9.040696
8.576821
8.240000
8.084847
8.115087
8.321721
8.695750
9.228176
9.910000
10.723824
11.618649
12.535077
13.413711
14.195151
14.820000
15.243145
15.476613
15.546720
15.479777
15.302099
15.040000
14.721560
14.381935
14.058044
13.786810
13.605155
13.550000
13.644549
13.857130
14.142355
14.454834
14.749179
14.980000
15.111125
15.143249
15.086286
14.950149
14.744749
14.480000
14.167248
13.823576
13.467499
13.117534
12.792195
12.510000
12.282474
12.093186
11.918716
11.735642
11.520543
11.250000
10.910679
10.529604
10.143887
9.790640
9.506973
9.330000
9.283466
9.337655
9.449485
9.575874
9.673740
9.700000
9.625456
9.476442
9.293173
9.115865
8.984735
8.940000
9.005773
9.141763
9.291575
9.398814
9.407087
9.260000
8.925246
8.466876
7.973028
7.531841
7.231452
7.160000
7.380278
7.853694
8.516312
9.304193
10.153402
11.000000
11.785957
12.476865
13.044225
13.459534
13.694293
13.720000
13.522515
13.145141
12.645539
12.081373
11.510306
10.990000
10.561899
10.202572
9.872369
9.531639
9.140733
8.660000
8.064518
7.388274
6.679985
5.988366
5.362132
4.850000
4.489844
4.276182
4.192690
4.223045
4.350922
4.560000
4.830132
5.125885
5.408004
5.637233
5.774317
5.780000
5.626247
5.329906
4.919043
4.421726
3.866023
3.280000
2.690805
2.121899
1.595824
1.135122
0.762333
0.500000
0.362664
0.332869
0.385160
0.494082
0.634181
0.780000
0.910485
1.022182
1.116037
1.192994
1.254000
1.300000
1.334562
1.371735
1.428194
1.520609
1.665654
1.880000
2.171917
2.516061
2.878688
3.226050
3.524403
3.740000
3.849762
3.873279
3.840805
3.782597
3.728910
3.710000
3.746117
3.817491
3.894342
3.946896
3.945374
3.860000
3.672388
3.409722
3.110575
2.813523
2.557140
2.380000
2.310764
2.338437
2.442107
2.600864
2.793799
3.000000
3.198860
3.370976
3.497248
3.558576
3.535860
3.410000
3.172038
2.853587
2.496402
2.142239
1.832853
1.610000
1.504471
1.503196
1.582145
1.717284
1.884580
2.060000
2.226376
2.393998
2.580018
2.801589
3.075865
3.420000
3.843218
4.323035
4.829035
5.330805
5.797931
6.200000
6.516491
6.766457
6.978844
7.182599
7.406669
7.680000
8.031004
8.485954
9.070590
9.810650
10.731874
11.860000
13.191253
14.603801
15.946297
17.067393
17.815743
18.040000
17.641020
16.728471
15.464224
14.010149
12.528117
11.180000
10.092583
9.252315
8.610559
8.118679
7.728038
7.390000
7.066564
6.762269
6.492291
6.271803
6.115982
6.040000
6.050096
6.116756
6.201527
6.265960
6.271601
6.180000
5.966293
5.659968
5.304100
4.941766
4.616040
4.370000
4.235195
4.197077
4.229573
4.306607
4.402108
4.490000
4.550056
4.585426
4.605109
4.618101
4.633399
4.660000
4.702221
4.745661
4.771240
4.759877
4.692490
4.550000
4.323884
4.047854
3.766180
3.523133
3.362983
3.330000
3.451178
3.684404
3.970289
4.249443
4.462477
4.550000
4.469829
4.248603
3.930163
3.558354
3.177018
2.830000
2.553810
2.355629
2.235309
2.192697
2.227644
2.340000
2.532710
2.821102
3.223602
3.758635
4.444626
5.300000
6.329149
7.480333
8.687782
9.885724
11.008387
11.990000
12.778844
13.379417
13.810269
14.089949
14.237010
14.270000
14.206539
14.060517
13.844893
13.572626
13.256676
12.910000
12.547177
12.189256
11.858909
11.578804
11.371611
11.260000
11.261977
11.376902
11.599470
11.924378
12.346323
12.860000
13.453016
14.084618
14.706961
15.272201
15.732496
16.040000
16.160448
16.113886
15.933937
15.654224
15.308371
14.930000
14.543755
14.138356
13.693541
13.189051
12.604624
11.920000
11.121430
10.221210
9.238149
8.191055
7.098736
5.980000
4.861405
3.800508
2.862613
2.113026
1.617054
1.440000
1.617347
2.065277
2.670149
3.318321
3.896152
4.290000
4.421152
4.350606
4.174291
3.988133
3.888060
3.970000
4.298741
4.814521
5.426438
6.043591
6.575079
6.930000
7.044532
6.963162
6.757458
6.498985
6.259310
6.110000
6.104336
6.222460
6.426231
6.677506
6.938143
7.170000
7.344097
7.468108
7.558868
7.633212
7.707978
7.800000
7.921729
8.068071
8.229548
8.396681
8.559992
8.710000
8.838154
8.939607
9.010439
9.046728
9.044556
9.000000
8.913201
8.800537
8.682446
8.579368
8.511740
8.500000
8.557005
8.665282
8.799776
8.935430
9.047190
9.110000
9.102297
9.016482
8.848451
8.594098
8.249316
7.810000
7.280151
6.696195
6.102669
5.544104
5.065037
4.710000
4.509369
4.436884
4.452124
4.514670
4.584102
4.620000
4.593391
4.521084
4.431336
4.352402
4.312538
4.340000
4.450725
4.611372
4.776283
4.899798
4.936256
4.840000
4.584265
4.217870
3.808532
3.423964
3.131881
3.000000
3.074901
3.318627
3.672090
4.076200
4.471867
4.800000
5.016966
5.140954
5.205607
5.244570
5.291486
5.380000
5.529132
5.699409
5.836731
5.887003
5.796125
5.510000
5.001829
4.354004
3.676218
3.078161
2.669524
2.560000
2.823090
3.387538
4.145898
4.990726
5.814575
6.510000
6.996275
7.299549
7.472690
7.568566
7.640047
7.740000
7.906163
8.115749
8.330843
8.513528
8.625885
8.630000
8.503704
8.287824
8.038937
7.813620
7.668449
7.660000
7.831523
8.172955
8.660908
9.271993
9.982820
10.770000
11.606132
12.447763
13.247430
13.957668
14.531013
14.920000
15.094783
15.095991
14.981870
14.810667
14.640628
14.530000
14.519781
14.581976
14.671339
14.742627
14.750596
14.650000
14.412851
14.080180
13.710273
13.361417
13.091897
12.960000
13.006546
13.202489
13.501318
13.856520
14.221585
14.550000
14.804484
14.984679
15.099456
15.157687
15.168244
15.140000
15.082601
15.008796
14.932110
14.866066
14.824188
14.820000
14.864000
14.954580
15.087105
15.256940
15.459450
15.690000
15.942787
16.207328
16.471971
16.725065
16.954959
17.150000
17.302677
17.422036
17.521262
17.613541
17.712058
17.830000
17.976598
18.145271
18.325483
18.506698
18.678383
18.830000
18.952967
19.046511
19.111808
19.150036
19.162374
19.150000
19.112504
19.043131
18.933537
18.775379
18.560314
18.280000
17.933127
17.546521
17.154045
16.789559
16.486923
16.280000
16.189017
16.179673
16.204033
16.214164
16.162131
16.000000
15.696593
15.287751
14.826074
14.364157
13.954600
13.650000
13.486001
13.430433
13.434172
13.448096
13.423079
13.310000
13.073941
12.736814
12.334737
11.903830
11.480212
11.100000
10.787032
10.516016
10.249379
9.949546
9.578944
9.100000
8.486958
7.761343
6.956497
6.105763
5.242483
4.400000
3.610458
2.901203
2.298383
1.828144
1.516634
1.390000
1.463154
1.706066
2.077471
2.536106
3.040703
3.550000
4.026093
4.444533
4.784231
5.024100
5.143052
5.120000
4.949556
4.689135
4.411854
4.190827
4.099171
4.210000
4.576007
5.168185
5.937104
6.833333
7.807442
8.810000
9.795491
10.734051
11.599732
12.366583
13.008656
13.500000
13.825131
14.010424
14.092718
14.108852
14.095667
14.090000
14.121530
14.191289
14.293146
14.420970
14.568632
14.730000
14.900414
15.081086
15.274698
15.483934
15.711473
15.960000
16.228343
16.499924
16.754311
16.971073
17.129780
17.210000
17.196446
17.094405
16.914309
16.666588
16.361675
16.010000
15.623004
15.216160
14.805955
14.408870
14.041391
13.720000
13.453994
13.223916
13.003122
12.764968
12.482808
12.130000
11.692132
11.203731
10.711557
10.262370
9.902931
9.680000
9.623543
9.696346
9.844402
10.013701
10.150237
10.200000
10.122863
9.934218
9.663337
9.339492
8.991956
8.650000
8.338523
8.064930
7.832250
7.643515
7.501754
7.410000
7.366748
7.352360
7.342664
7.313486
7.240656
7.100000
6.877124
6.596742
6.293346
6.001429
5.755483
5.590000
5.528137
5.547710
5.615202
5.697093
5.759865
5.770000
5.703662
5.575750
5.410846
5.233532
5.068389
4.940000
4.864853
4.827066
4.802663
4.767668
4.698106
4.570000
4.370397
4.130429
3.892250
3.698017
3.589882
3.610000
3.784023
4.071590
4.415835
4.759895
5.046905
5.220000
5.238233
5.124324
4.916909
4.654626
4.376110
4.120000
3.915869
3.757041
3.627779
3.512343
3.394997
3.260000
3.096949
2.916770
2.735725
2.570075
2.436079
2.350000
2.327726
2.383656
2.531821
2.786247
3.160964
3.670000
4.319834
5.086753
5.939492
6.846788
7.777379
8.700000
9.583955
10.400814
11.122711
11.721784
12.170169
12.440000
12.511752
12.399252
12.124662
11.710148
11.177872
10.550000
9.849730
9.104401
8.342389
7.592069
6.881814
6.240000
5.690579
5.239810
4.889531
4.641578
4.497789
4.460000
4.521428
4.640804
4.768238
4.853842
4.847726
4.700000
4.380284
3.936234
3.435016
2.943794
2.529734
2.260000
2.181741
2.262037
2.447948
2.686538
2.924868
3.110000
3.203862
3.227842
3.218192
3.211167
3.243018
3.350000
3.556051
3.835855
4.151783
4.466203
4.741485
4.940000
5.035915
5.050588
5.017177
4.968838
4.938726
4.960000
5.057512
5.222902
5.439509
5.690669
5.959720
6.230000
6.486770
6.722988
6.933538
7.113302
7.257161
7.360000
7.420316
7.451070
7.468839
7.490199
7.531727
7.610000
7.734189
7.883843
8.031107
8.148125
8.207041
8.180000
8.052374
7.862448
7.661734
7.501747
7.433998
7.510000
7.761593
8.141922
8.584456
9.022667
9.390024
9.620000
9.666345
9.563939
9.367942
9.133513
8.915812
8.770000
8.735015
8.784913
8.877527
8.970690
9.022237
8.990000
8.841648
8.584186
8.234451
7.809283
7.325519
6.800000
6.249596
5.691308
5.142170
4.619217
4.139482
3.720000
3.380618
3.152436
3.069369
3.165332
3.474237
4.030000
4.847100
5.862282
6.992853
8.156124
9.269403
10.250000
11.039175
11.673993
12.215469
12.724618
13.262457
13.890000
14.642819
15.454710
16.234023
16.889108
17.328317
17.460000
17.226214
16.703834
16.003441
15.235617
14.510943
13.940000
13.605197
13.476252
13.494713
13.602127
13.740040
13.850000
13.889112
13.876714
13.847707
13.836986
13.879451
14.010000
14.244191
14.520224
14.756961
14.873262
14.787988
14.420000
13.722922
12.789426
11.746951
10.722930
9.844801
9.240000
8.999123
9.065403
9.345237
9.745018
10.171141
10.530000
10.746468
10.819330
10.765851
10.603293
10.348922
10.020000
9.635747
9.223202
8.811360
8.429216
8.105765
7.870000
7.740035
7.690454
7.684958
7.687249
7.661029
7.570000
7.391983
7.161279
6.926309
6.735492
6.637249
6.680000
6.891661
7.218132
7.584807
7.917080
8.140346
8.180000
7.987806
7.621007
7.163214
6.698041
6.309099
6.080000
6.070864
6.247841
6.553586
6.930757
7.322009
7.670000
7.930033
8.107999
8.222440
8.291894
8.334901
8.370000
8.409237
8.438680
8.437903
8.386481
8.263989
8.050000
7.731770
7.327282
6.862197
6.362180
5.852893
5.360000
4.904515
4.488860
4.110808
3.768132
3.458605
3.180000
2.932715
2.727648
2.578320
2.498255
2.500974
2.600000
2.802541
3.090548
3.439660
3.825515
4.223749
4.610000
4.964529
5.286084
5.578038
5.843760
6.086624
6.310000
6.516566
6.706226
6.878189
7.031666
7.165866
7.280000
7.374902
7.457902
7.537957
7.624021
7.725050
7.850000
8.003411
8.172166
8.338733
8.485583
8.595182
8.650000
8.638585
8.573806
8.474610
8.359945
8.248759
8.160000
8.107850
8.087426
8.089079
8.103158
8.120015
8.130000
8.125014
8.103156
8.064076
8.007424
7.932849
7.840000
7.730844
7.616616
7.510866
7.427146
7.379007
7.380000
7.436794
7.528529
7.627460
7.705845
7.735939
7.690000
7.549617
7.333712
7.070542
6.788363
6.515430
6.280000
6.103998
5.984029
5.910370
5.873295
5.863080
5.870000
5.885689
5.907208
5.932979
5.961421
5.990955
6.020000
6.047738
6.076397
6.108964
6.148428
6.197777
6.260000
6.337246
6.428315
6.531164
6.643755
6.764047
6.890000
7.016841
7.128863
7.207629
7.234700
7.191636
7.060000
6.832243
6.544381
6.243320
5.975965
5.789223
5.730000
5.825807
6.026575
6.262841
6.465143
6.564017
6.490000
6.200364
5.759319
5.257814
4.786795
4.437208
4.300000
4.434684
4.775036
5.223401
5.682121
6.053539
6.240000
6.175948
5.924240
5.579832
5.237685
4.992754
4.940000
5.143746
5.545784
6.057270
6.589363
7.053221
7.360000
7.445734
7.345959
7.121087
6.831529
6.537696
6.300000
6.163548
6.112230
6.114631
6.139337
6.154931
6.130000
6.040767
5.894008
5.704137
5.485570
5.252719
5.020000
4.796578
4.570627
4.325069
4.042829
3.706832
3.300000
2.816808
2.297930
1.795586
1.362002
1.049399
0.910000
0.980540
1.235803
1.635085
2.137681
2.702888
3.290000
3.863577
4.409227
4.917823
5.380236
5.787338
6.130000
6.401911
6.608028
6.756122
6.853967
6.909336
6.930000
6.923268
6.894587
6.848938
6.791303
6.726663
6.660000
6.596219
6.539921
6.495626
6.467859
6.461143
6.480000
6.526298
6.591287
6.663557
6.731705
6.784321
6.810000
6.800439
6.759748
6.695144
6.613841
6.523055
6.430000
6.342827
6.273425
6.234617
6.239228
6.300081
6.430000
6.636587
6.906554
7.221389
7.562582
7.911623
8.250000
8.559297
8.821472
9.018578
9.132667
9.145790
9.040000
8.807752
8.483112
8.110549
7.734530
7.399524
7.150000
7.017657
6.983115
7.014227
7.078844
7.144818
7.180000
7.161667
7.104797
7.033793
6.973056
6.946991
6.980000
7.089286
7.263252
7.483102
7.730041
7.985273
8.230000
8.448737
8.639233
8.802548
8.939742
9.051872
9.140000
9.206832
9.261668
9.315455
9.379141
9.463673
9.580000
9.735463
9.922985
10.131883
10.351473
10.571073
10.780000
10.967195
11.120096
11.225765
11.271264
11.243655
11.130000
10.923951
10.645519
10.321307
9.977915
9.641946
9.340000
9.093946
8.906715
8.776507
8.701520
8.679951
8.710000
8.785312
8.881323
8.968915
9.018970
9.002371
8.890000
8.662027
8.335771
7.937834
7.494824
7.033344
6.580000
6.156578
5.765595
5.404747
5.071734
4.764252
4.480000
4.215224
3.960369
3.704426
3.436388
3.145249
2.820000
2.457803
2.088487
1.750050
1.480492
1.317809
1.300000
1.449353
1.725315
2.071623
2.432015
2.750228
2.970000
3.051175
3.018032
2.910957
2.770336
2.636555
2.550000
2.543307
2.618111
2.768297
2.987751
3.270357
3.610000
3.996384
4.402486
4.797103
5.149030
5.427064
5.600000
5.648750
5.602684
5.503290
5.392054
5.310462
5.300000
5.390330
5.563813
5.790985
6.042383
6.288543
6.500000
6.655764
6.768730
6.860268
6.951747
7.064535
7.220000
7.431384
7.679414
7.936691
8.175814
8.369384
8.490000
8.519118
8.473613
8.379218
8.261663
8.146680
8.060000
8.018488
8.003541
7.987688
7.943461
7.843388
7.660000
7.377856
7.029631
6.660028
6.313753
6.035509
5.870000
5.846662
5.933862
6.084698
6.252267
6.389668
6.450000
6.399337
6.255661
6.049931
5.813105
5.576142
5.370000
5.218721
5.118678
5.059328
5.030127
5.020532
5.020000
5.016706
4.993702
4.932759
4.815647
4.624137
4.340000
3.955381
3.503922
3.029638
2.576546
2.188661
1.910000
1.775057
1.780241
1.912439
2.158540
2.505431
2.940000
3.446984
4.002523
4.580604
5.155219
5.700354
6.190000
6.603673
6.943002
7.215143
7.427252
7.586486
7.700000
7.768554
7.767321
7.665073
7.430588
7.032638
6.440000
5.641044
4.702530
3.710813
2.752249
1.913193
1.280000
0.914444
0.779966
0.815423
0.959676
1.151582
1.330000
1.448819
1.522052
1.578743
1.647935
1.758673
1.940000
2.208799
2.533308
2.869605
3.173768
3.401873
3.510000
3.469968
3.316569
3.100338
2.871809
2.681518
2.580000
2.605080
2.743751
2.970295
3.258996
3.584136
3.920000
4.245823
4.560651
4.868483
5.173320
5.479159
5.790000
6.105379
6.406980
6.672022
6.877726
7.001312
7.020000
6.922846
6.746245
6.538428
6.347628
6.222075
6.210000
6.341433
6.573597
6.845515
7.096206
7.264694
7.290000
7.131052
6.826403
6.434513
6.013843
5.622852
5.320000
5.147786
5.084865
5.093932
5.137680
5.178805
5.180000
5.113684
4.991174
4.833510
4.661732
4.496882
4.360000
4.265671
4.202661
4.153279
4.099835
4.024638
3.910000
3.742566
3.526331
3.269625
2.980781
2.668129
2.340000
2.009343
1.707573
1.470721
1.334820
1.335903
1.510000
1.878257
2.402268
3.028741
3.704382
4.375900
4.990000
5.506194
5.935207
6.300565
6.625798
6.934434
7.250000
7.587337
7.926535
8.238998
8.496128
8.669327
8.730000
8.660708
8.488652
8.252193
7.989691
7.739506
7.540000
7.419091
7.362931
7.347231
7.347702
7.340055
7.300000
7.210985
7.087404
6.951385
6.825058
6.730553
6.690000
6.720301
6.817455
6.972230
7.175400
7.417732
7.690000
7.981929
8.279074
8.565943
8.827048
9.046897
9.210000
9.306565
9.349583
9.357746
9.349744
9.344265
9.360000
9.408896
9.475926
9.539321
9.577312
9.568128
9.490000
9.327852
9.093379
8.804969
8.481010
8.139891
7.800000
7.477150
7.176856
6.902055
6.655686
6.440688
6.260000
6.115352
6.003643
5.920563
5.861802
5.823051
5.800000
5.789126
5.790053
5.803193
5.828956
5.867755
5.920000
5.986061
6.066145
6.160416
6.269038
6.392178
6.530000
6.681676
6.842405
7.006395
7.167853
7.320986
7.460000
7.581310
7.690161
7.794004
7.900290
8.016472
8.150000
8.302249
8.450283
8.565089
8.617653
8.578961
8.420000
8.127285
7.749446
7.350639
6.995024
6.746759
6.670000
6.806527
7.108601
7.506103
7.928916
8.306921
8.570000
8.666283
8.616891
8.461197
8.238570
7.988381
7.750000
7.551074
7.372353
7.182859
6.951620
6.647658
6.240000
5.711689
5.101847
4.463616
3.850136
3.314551
2.910000
2.677680
2.611001
2.691428
2.900428
3.219463
3.630000
4.116713
4.677113
5.311921
6.021857
6.807643
7.670000
8.603062
9.574623
10.545889
11.478069
12.332371
13.070000
13.663956
14.134397
14.513272
14.832531
15.124124
15.420000
15.738060
16.040013
16.273523
16.386249
16.325854
16.040000
15.497370
14.750735
13.873887
12.940621
12.024727
11.200000
10.521489
9.969270
9.504678
9.089046
8.683709
8.250000
7.759361
7.223667
6.664901
6.105046
5.566085
5.070000
4.636437
4.275691
3.995717
3.804473
3.709915
3.720000
3.836464
4.036162
4.289730
4.567802
4.841014
5.080000
5.262614
5.395586
5.492863
5.568392
5.636122
5.710000
5.797477
5.880012
5.932570
5.930112
5.847601
5.660000
5.358312
4.997698
4.649358
4.384495
4.274309
4.390000
4.773396
5.348827
6.011247
6.655612
7.176878
7.470000
7.461992
7.208107
6.795654
6.311945
5.844290
5.480000
5.284421
5.235043
5.287387
5.396979
5.519342
5.610000
5.637914
5.625797
5.609798
5.626065
5.710750
5.900000
6.215217
6.618806
7.058423
7.481723
7.836364
8.070000
8.144133
8.075645
7.895261
7.633708
7.321713
6.990000
6.668527
6.384169
6.163032
6.031221
6.014842
6.140000
6.424259
6.851012
7.395111
8.031408
8.734754
9.480000
10.241151
10.988819
11.692772
12.322776
12.848597
13.240000
13.478731
13.594451
13.628799
13.623413
13.619934
13.660000
13.772026
13.931524
14.100783
14.242090
14.317733
14.290000
14.132888
13.867230
13.525570
13.140449
12.744412
12.370000
12.040636
11.743259
11.455688
11.155742
10.821240
10.430000
9.967995
9.453808
8.914178
8.375842
7.865536
7.410000
7.030858
6.729286
6.501350
6.343114
6.250642
6.220000
6.247881
6.333493
6.476673
6.677260
6.935090
7.250000
7.612666
7.977114
8.288207
8.490810
8.529786
8.350000
7.919835
7.301756
6.581748
5.845796
5.179885
4.670000
4.376883
4.260307
4.254801
4.294895
4.315118
4.250000
4.050918
3.736644
3.342796
2.904994
2.458855
2.040000
1.679119
1.387189
1.170263
1.034389
0.985618
1.030000
1.165200
1.355339
1.556152
1.723377
1.812747
1.780000
1.599388
1.319233
1.006377
0.727660
0.549920
0.540000
0.739657
1.090320
1.508338
1.910059
2.211830
2.330000
2.211569
1.926153
1.574020
1.255437
1.070675
1.120000
1.471566
2.065068
2.808083
3.608191
4.372970
5.010000
5.451887
5.731353
5.906148
6.034021
6.172721
6.380000
6.696348
7.093223
7.524826
7.945356
8.309014
8.570000
8.697861
8.723533
8.693300
8.653444
8.650250
8.730000
8.924107
9.204497
9.528225
9.852349
10.133922
10.330000
10.408305
10.379221
10.263799
10.083088
9.858138
9.610000
9.358321
9.117136
8.899079
8.716782
8.582878
8.510000
8.504013
8.543714
8.601134
8.648302
8.657247
8.600000
8.455256
8.228376
7.931384
7.576307
7.175171
6.740000
6.286258
5.843152
5.443328
5.119432
4.904107
4.830000
4.915408
5.121239
5.394053
5.680411
5.926873
6.080000
6.105027
6.041893
5.949210
5.885592
5.909650
6.080000
6.436519
6.944152
7.549107
8.197593
8.835821
9.410000
9.876534
10.232611
10.485614
10.642924
10.711925
10.700000
10.616325
10.477255
10.300939
10.105525
9.909162
9.730000
9.582193
9.463924
9.369382
9.292754
9.228231
9.170000
9.113930
9.062603
9.020285
8.991236
8.979720
8.990000
9.025329
9.084921
9.166980
9.269710
9.391315
9.530000
9.681652
9.832898
9.968045
10.071405
10.127287
10.120000
10.040238
9.904230
9.734589
9.553928
9.384861
9.250000
9.166239
9.127591
9.122350
9.138809
9.165261
9.190000
9.204111
9.209849
9.212261
9.216392
9.227290
9.250000
9.288565
9.343011
9.412357
9.495623
9.591831
9.700000
9.816904
9.930329
10.025813
10.088894
10.105110
10.060000
9.945344
9.777894
9.580641
9.376579
9.188701
9.040000
8.947644
8.905502
8.901622
8.924047
8.960825
9.000000
9.030239
9.042689
9.029122
8.981305
8.891008
8.750000
8.555754
8.328555
8.094392
7.879252
7.709126
7.610000
7.599245
7.659757
7.765811
7.891686
8.011656
8.100000
8.138469
8.138714
8.119863
8.101042
8.101379
8.140000
8.228547
8.348720
8.474737
8.580812
8.641161
8.630000
8.533641
8.386775
8.236190
8.128675
8.111015
8.230000
8.514391
8.920847
9.388002
9.854490
10.258945
10.540000
10.651019
10.604282
10.426801
10.145586
9.787649
9.380000
8.948480
8.514248
8.097294
7.717609
7.395181
7.150000
6.995757
6.920949
6.907772
6.938423
6.995100
7.060000
7.114972
7.140475
7.116618
7.023514
6.841271
6.550000
6.143011
5.666411
5.179504
4.741597
4.411993
4.250000
4.298677
4.536103
4.924114
5.424544
5.999228
6.610000
7.223948
7.829176
8.419039
8.986893
9.526095
10.030000
10.492798
10.912008
11.285981
11.613070
11.891625
12.120000
12.296387
12.418348
12.483287
12.488606
12.431709
12.310000
12.123413
11.882007
11.598372
11.285099
10.954778
10.620000
10.289360
9.955477
9.606975
9.232479
8.820613
8.360000
7.845628
7.297937
6.743726
6.209799
5.722956
5.310000
4.987062
4.727591
4.494370
4.250177
3.957794
3.580000
3.096172
2.552068
2.010045
1.532456
1.181656
1.020000
1.088668
1.344135
1.721701
2.156667
2.584334
2.940000
3.174065
3.297319
3.335650
3.314949
3.261102
3.200000
3.151647
3.112517
3.073198
3.024279
2.956350
2.860000
2.730318
2.580392
2.427809
2.290158
2.185026
2.130000
2.136016
2.187397
2.261815
2.336941
2.390446
2.400000
2.349877
2.250759
2.119929
1.974670
1.832266
1.710000
1.621280
1.564010
1.532218
1.519934
1.521185
1.530000
1.542966
1.566905
1.611197
1.685223
1.798364
1.960000
2.171810
2.404667
2.621743
2.786209
2.861238
2.810000
2.611461
2.307761
1.956832
1.616607
1.345019
1.200000
1.224428
1.400955
1.697179
2.080696
2.519104
2.980000
3.436151
3.881011
4.313202
4.731348
5.134073
5.520000
5.891244
6.263890
6.657513
7.091688
7.585992
8.160000
8.822852
9.541947
10.274246
10.976713
11.606310
12.120000
12.490263
12.751656
12.954251
13.148125
13.383349
13.710000
14.158132
14.677727
15.198748
15.651158
15.964921
16.070000
15.920311
15.565586
15.079507
14.535761
14.008030
13.570000
13.275345
13.097708
12.990722
12.908020
12.803235
12.630000
12.355900
12.004321
11.612603
11.218085
10.858104
10.570000
10.376658
10.243155
10.120114
9.958159
9.707913
9.320000
8.760616
8.058244
7.256940
6.400761
5.533762
4.700000
3.940926
3.287574
2.768375
2.411760
2.246158
2.300000
2.586839
3.060719
3.660808
4.326273
4.996281
5.610000
6.115330
6.495105
6.740892
6.844259
6.796772
6.590000
6.227305
5.759232
5.248124
4.756322
4.346166
4.080000
4.003368
4.094633
4.315362
4.627122
4.991479
5.370000
5.732973
6.085569
6.441678
6.815192
7.220003
7.670000
8.166174
8.657906
9.081675
9.373961
9.471243
9.310000
8.852238
8.162066
7.329121
6.443038
5.593452
4.870000
4.341957
3.997162
3.803090
3.727221
3.737032
3.800000
3.886646
3.979658
4.064768
4.127707
4.154208
4.130000
4.047571
3.926429
3.792838
3.673060
3.593360
3.580000
3.652606
3.804254
4.021380
4.290422
4.597816
4.930000
5.272744
5.609147
5.921641
6.192660
6.404636
6.540000
6.588734
6.571012
6.514555
6.447086
6.396327
6.390000
6.446626
6.547918
6.666389
6.774552
6.844918
6.850000
6.773513
6.643983
6.501138
6.384707
6.334418
6.390000
6.577053
6.864668
7.207807
7.561433
7.880510
8.120000
8.245081
8.261791
8.186384
8.035114
7.824235
7.570000
7.288226
6.992984
6.697907
6.416628
6.162781
5.950000
5.791366
5.697754
5.679488
5.746891
5.910288
6.180000
6.560708
7.034518
7.577891
8.167287
8.779170
9.390000
9.982328
10.563062
11.145199
11.741737
12.365671
13.030000
13.738822
14.460640
15.155062
15.781692
16.300136
16.670000
16.860626
16.880302
16.747053
16.478903
16.093877
15.610000
15.048813
14.445929
13.840476
13.271584
12.778382
12.400000
12.165695
12.065242
12.078543
12.185501
12.366019
12.600000
12.870257
13.171251
13.500351
13.854929
14.232355
14.630000
15.037581
15.414199
15.711303
15.880339
15.872755
15.640000
15.157567
14.497138
13.754439
13.025198
12.405143
11.990000
11.844233
11.907250
12.087192
12.292203
12.430424
12.410000
12.168091
11.757937
11.261793
10.761918
10.340568
10.080000
10.031734
10.124336
10.255635
10.323460
10.225639
9.860000
9.164649
8.238793
7.221916
6.253502
5.473036
5.020000
4.991384
5.314197
5.872951
6.552161
7.236339
7.810000
8.184768
8.380717
8.445030
8.424892
8.367487
8.320000
8.319589
8.363306
8.438179
8.531235
8.629499
8.720000
8.794886
8.866800
8.953504
9.072763
9.242340
9.480000
9.795217
10.164310
10.555306
10.936234
11.275122
11.540000
11.707855
11.791517
11.812774
11.793414
11.755226
11.720000
11.704287
11.703696
11.708600
11.709370
11.696379
11.660000
11.593561
11.502216
11.394077
11.277254
11.159858
11.050000
10.952627
10.860031
10.761342
10.645688
10.502198
10.320000
10.094033
9.842473
9.589305
9.358513
9.174083
9.060000
9.032073
9.073410
9.158940
9.263594
9.362304
9.430000
9.448090
9.423888
9.371187
9.303777
9.235451
9.180000
9.147466
9.132890
9.127564
9.122779
9.109827
9.080000
9.027880
8.961219
8.891058
8.828439
8.784406
8.770000
8.792818
8.846679
8.921955
9.009019
9.098243
9.180000
9.243716
9.275027
9.258622
9.179190
9.021420
8.770000
8.419725
8.005805
7.573557
7.168296
6.835338
6.620000
6.552339
6.601383
6.720902
6.864664
6.986440
7.040000
6.995132
6.885700
6.761587
6.672678
6.668854
6.800000
7.095653
7.503967
7.952750
8.369811
8.682958
8.820000
8.732581
8.467693
8.096163
7.688819
7.316489
7.050000
6.940874
6.963410
7.072598
7.223431
7.370901
7.470000
7.484199
7.410891
7.255945
7.025234
6.724629
6.360000
5.939134
5.477472
4.992372
4.501188
4.021279
3.570000
3.161302
2.795517
2.469569
2.180383
1.924885
1.700000
1.507184
1.366016
1.300604
1.335058
1.493487
1.800000
2.265563
2.848569
3.494266
4.147904
4.754732
5.260000
5.624823
5.873784
6.047333
6.185919
6.329991
6.520000
6.785469
7.112221
7.475153
7.849163
8.209146
8.530000
8.792143
8.998071
9.155803
9.273357
9.358750
9.420000
9.464896
9.500309
9.532883
9.569261
9.616086
9.680000
9.763969
9.856249
9.941414
10.004043
10.028713
10.000000
9.908208
9.766549
9.593960
9.409380
9.231747
9.080000
8.967133
8.882371
8.808995
8.730287
8.629528
8.490000
8.299880
8.066929
7.803808
7.523174
7.237685
6.960000
6.701497
6.468430
6.265773
6.098500
5.971584
5.890000
5.854781
5.851203
5.860601
5.864310
5.843664
5.780000
5.661368
5.502682
5.325573
5.151669
5.002602
4.900000
4.858404
4.863993
4.895858
4.933087
4.954771
4.940000
4.874646
4.771715
4.650996
4.532278
4.435350
4.380000
4.379262
4.419147
4.478908
4.537801
4.575080
4.570000
4.507842
4.397994
4.255871
4.096888
3.936459
3.790000
3.669046
3.569618
3.483857
3.403906
3.321907
3.230000
3.123474
3.010202
2.901200
2.807487
2.740081
2.710000
2.721964
2.755501
2.783843
2.780220
2.717862
2.570000
2.321448
2.003348
1.658428
1.329412
1.059027
0.890000
0.850810
0.912958
1.033697
1.170280
1.279964
1.320000
1.261561
1.131487
0.970536
0.819466
0.719035
0.710000
0.829335
1.098872
1.536659
2.160744
2.989175
4.040000
5.315128
6.751915
8.271578
9.795335
11.244403
12.540000
13.616265
14.459025
15.067029
15.439027
15.573768
15.470000
15.133517
14.598282
13.905305
13.095594
12.210156
11.290000
10.375317
9.503031
8.709249
8.030079
7.501627
7.160000
7.027206
7.068853
7.236448
7.481499
7.755514
8.010000
8.210673
8.380076
8.554959
8.772074
9.068171
9.480000
10.027880
10.666399
11.333714
11.967982
12.507358
12.890000
13.070956
13.072846
12.935183
12.697480
12.399248
12.080000
11.772879
11.485549
11.219302
10.975433
10.755234
10.560000
10.391416
10.252737
10.147609
10.079679
10.052594
10.070000
10.132707
10.230171
10.349013
10.475852
10.597308
10.700000
10.772387
10.810282
10.811339
10.773209
10.693545
10.570000
10.402098
10.196848
9.963132
9.709831
9.445827
9.180000
8.920936
8.676030
8.452384
8.257097
8.097269
7.980000
7.908836
7.873106
7.858583
7.851042
7.836256
7.800000
7.731034
7.630065
7.500785
7.346885
7.172060
6.980000
6.777119
6.580707
6.410778
6.287343
6.230413
6.260000
6.385352
6.572660
6.777352
6.954855
7.060595
7.050000
6.894019
6.625688
6.293563
5.946202
5.632162
5.400000
5.285377
5.272366
5.332146
5.435893
5.554785
5.660000
5.730215
5.774107
5.807854
5.847633
5.909623
6.010000
6.156219
6.320837
6.467690
6.560612
6.563437
6.440000
6.167457
5.776248
5.310136
4.812883
4.328250
3.900000
3.564417
3.327873
3.189264
3.147486
3.201433
3.350000
3.587145
3.887075
4.219056
4.552359
4.856251
5.100000
5.260845
5.347902
5.378260
5.369004
5.337222
5.300000
5.272114
5.259093
5.264154
5.290514
5.341390
5.420000
5.527180
5.654243
5.790124
5.923755
6.044069
6.140000
6.204120
6.243563
6.269100
6.291503
6.321546
6.370000
6.443422
6.531505
6.619727
6.693565
6.738497
6.740000
6.690757
6.612269
6.533243
6.482385
6.488402
6.580000
6.775218
7.049420
7.367302
7.693562
7.992896
8.230000
8.377586
8.440423
8.431298
8.362996
8.248301
8.100000
7.929996
7.746666
7.557506
7.370011
7.191677
7.030000
6.891366
6.777728
6.689929
6.628813
6.595222
6.590000
6.612502
6.656125
6.712777
6.774368
6.832806
6.880000
6.911358
6.936292
6.967712
7.018529
7.101655
7.230000
7.409334
7.616856
7.822625
7.996700
8.109139
8.130000
8.040798
7.868877
7.653037
7.432077
7.244798
7.130000
7.116871
7.196153
7.348977
7.556473
7.799770
8.060000
8.319634
8.566509
8.789804
8.978699
9.122371
9.210000
9.235103
9.208552
9.145556
9.061326
8.971070
8.890000
8.829027
8.781875
8.737971
8.686739
8.617607
8.520000
8.386427
8.221724
8.033811
7.830606
7.620030
7.410000
7.207072
7.012340
6.825537
6.646392
6.474636
6.310000
6.154916
6.022618
5.929042
5.890124
5.921798
6.040000
6.250626
6.519409
6.802044
7.054225
7.231646
7.290000
7.202118
7.009375
6.770281
6.543347
6.387083
6.360000
6.500669
6.767905
7.100581
7.437573
7.717754
7.880000
7.878769
7.730857
7.468643
7.124510
6.730835
6.320000
5.917820
5.523854
5.131095
4.732537
4.321174
3.890000
3.437034
2.980394
2.543227
2.148676
1.819885
1.580000
1.442980
1.386050
1.377247
1.384612
1.376183
1.320000
1.195443
1.027258
0.851534
0.704357
0.621817
0.640000
0.781730
1.016769
1.301618
1.592773
1.846734
2.020000
2.083750
2.067887
2.016996
1.975662
1.988468
2.100000
2.340772
2.685017
3.092899
3.524581
3.940227
4.300000
4.573997
4.772046
4.913910
5.019349
5.108125
5.200000
5.310231
5.436057
5.570213
5.705432
5.834450
5.950000
6.049986
6.152984
6.282739
6.462997
6.717502
7.070000
7.528298
8.036451
8.522580
8.914802
9.141236
9.130000
8.837981
8.337136
7.728191
7.111869
6.588898
6.260000
6.192556
6.320559
6.544657
6.765498
6.883730
6.800000
6.446703
5.883221
5.200682
4.490213
3.842943
3.350000
3.074983
2.971371
2.965117
2.982170
2.948480
2.790000
2.457810
2.003515
1.503851
1.035554
0.675358
0.500000
0.563221
0.826790
1.229478
1.710060
2.207310
2.660000
3.020832
3.298215
3.514486
3.691983
3.853042
4.020000
4.211507
4.431461
4.680076
4.957563
5.264134
5.600000
5.962725
6.339272
6.713959
7.071098
7.395007
7.670000
7.884956
8.047004
8.167840
8.259155
8.332644
8.400000
8.470786
8.546044
8.624683
8.705616
8.787751
8.870000
8.948797
9.010672
9.039677
9.019865
8.935288
8.770000
8.514487
8.184972
7.804109
7.394556
6.978967
6.580000
6.216217
5.889812
5.598886
5.341542
5.115879
4.920000
4.756895
4.649114
4.624095
4.709277
4.932099
5.320000
5.886249
6.587436
7.365983
8.164312
8.924844
9.590000
10.116305
10.516698
10.818221
11.047918
11.232830
11.400000
11.569735
11.735402
11.883631
12.001053
12.074299
12.090000
12.040124
11.937990
11.802254
11.651573
11.504603
11.380000
11.289028
11.213379
11.127353
11.005248
10.821364
10.550000
10.178347
9.745159
9.302084
8.900769
8.592858
8.430000
8.446150
8.604502
8.850559
9.129826
9.387805
9.570000
9.636545
9.606093
9.511929
9.387336
9.265598
9.180000
9.154893
9.178904
9.231726
9.293053
9.342580
9.360000
9.330364
9.260143
9.161168
9.045267
8.924268
8.810000
8.711708
8.628300
8.556101
8.491435
8.430626
8.370000
8.305490
8.231471
8.141928
8.030846
7.892208
7.720000
7.509109
7.258037
6.966186
6.632960
6.257764
5.840000
5.382100
4.898603
4.407078
3.925090
3.470209
3.060000
2.712399
2.446809
2.283003
2.240752
2.339827
2.600000
3.033536
3.622677
4.342159
5.166716
6.071085
7.030000
8.015308
8.987296
9.903361
10.720902
11.397316
11.890000
12.169306
12.257399
12.189396
12.000416
11.725578
11.400000
11.055200
10.708295
10.372805
10.062247
9.790139
9.570000
9.409618
9.293865
9.201884
9.112818
9.005809
8.860000
8.661791
8.426614
8.177157
7.936110
7.726161
7.570000
7.481782
7.441530
7.420736
7.390889
7.323480
7.190000
6.972656
6.696525
6.397400
6.111075
5.873344
5.720000
5.675002
5.714964
5.804665
5.908886
5.992404
6.020000
5.964652
5.832139
5.636439
5.391530
5.111391
4.810000
4.501622
4.201666
3.925830
3.689809
3.509300
3.400000
3.370296
3.399345
3.458992
3.521086
3.557473
3.540000
3.449647
3.303918
3.129452
2.952886
2.800856
2.700000
2.667505
2.682759
2.715699
2.736261
2.714382
2.620000
2.434915
2.188377
1.921503
1.675405
1.491200
1.410000
1.461030
1.625953
1.874540
2.176562
2.501792
2.820000
3.112121
3.403736
3.731588
4.132420
4.642976
5.300000
6.120671
7.043919
7.989110
8.875609
9.622784
10.150000
10.403019
10.433181
10.318224
10.135884
9.963897
9.880000
9.937949
10.095579
10.286745
10.445300
10.505101
10.400000
10.086111
9.608576
9.034797
8.432174
7.868108
7.410000
7.106774
6.933448
6.846566
6.802669
6.758300
6.670000
6.507396
6.292445
6.060188
5.845668
5.683925
5.610000
5.643180
5.739735
5.840180
5.885029
5.814797
5.570000
5.117336
4.528243
3.900342
3.331253
2.918599
2.760000
2.920576
3.335440
3.907204
4.538477
5.131872
5.590000
5.844572
5.943699
5.964594
5.984468
6.080533
6.330000
6.783868
7.388282
8.063171
8.728467
9.304100
9.710000
9.890047
9.883914
9.755222
9.567591
9.384643
9.270000
9.270804
9.368284
9.527193
9.712280
9.888299
10.020000
10.077988
10.056283
9.954758
9.773287
9.511743
9.170000
8.750902
8.269177
7.742525
7.188645
6.625237
6.070000
5.544100
5.082566
4.723894
4.506578
4.469115
4.650000
5.067467
5.658707
6.340651
7.030227
7.644367
8.100000
8.338161
8.396309
8.336003
8.218809
8.106287
8.060000
8.122063
8.256799
8.409085
8.523797
8.545810
8.420000
8.113679
7.683901
7.210155
6.771930
6.448715
6.320000
6.442710
6.783521
7.286544
7.895890
8.555672
9.210000
9.810386
10.337939
10.781169
11.128583
11.368690
11.490000
11.486440
11.373610
11.172532
10.904224
10.589707
10.250000
9.907235
9.587991
9.319955
9.130818
9.048270
9.100000
9.303323
9.634057
10.057648
10.539539
11.045175
11.540000
11.996371
12.414298
12.800702
13.162506
13.506631
13.840000
14.164803
14.464306
14.717043
14.901548
14.996356
14.980000
14.840528
14.604034
14.306127
13.982414
13.668502
13.400000
13.199197
13.035113
12.863449
12.639908
12.320191
11.860000
11.233749
10.490700
9.698827
8.926103
8.240503
7.710000
7.379418
7.200976
7.103745
7.016792
6.869187
6.590000
6.133301
5.553172
4.928695
4.338952
3.863026
3.580000
3.542654
3.698557
3.968976
4.275179
4.538431
4.680000
4.645435
4.477414
4.242900
4.008852
3.842231
3.810000
3.955236
4.225489
4.544425
4.835711
5.023014
5.030000
4.804870
4.393963
3.868150
3.298303
2.755296
2.310000
2.017644
1.870882
1.846726
1.922186
2.074274
2.280000
2.518443
2.776952
3.044945
3.311840
3.567052
3.800000
4.003538
4.184271
4.352242
4.517492
4.690064
4.880000
5.093377
5.320407
5.547337
5.760415
5.945887
6.090000
6.183788
6.237435
6.265909
6.284182
6.307222
6.350000
6.420636
6.499854
6.561525
6.579525
6.527725
6.380000
6.122879
5.793521
5.441739
5.117349
4.870164
4.750000
4.791272
4.966803
5.234017
5.550338
5.873191
6.160000
6.377635
6.530749
6.633443
6.699817
6.743969
6.780000
6.816059
6.836496
6.819710
6.744099
6.588062
6.330000
5.959933
5.514377
5.041468
4.589344
4.206142
3.940000
3.824022
3.831181
3.919418
4.046673
4.170887
4.250000
4.254350
4.203863
4.130862
4.067669
4.046607
4.100000
4.249735
4.475959
4.748386
5.036727
5.310694
5.540000
5.705599
5.833410
5.960595
6.124314
6.361729
6.710000
7.187916
7.740771
8.295486
8.778981
9.118179
9.240000
9.093571
8.716840
8.169963
7.513094
6.806388
6.110000
5.475857
4.922980
4.462162
4.104197
3.859879
3.740000
3.741936
3.809388
3.872639
3.861969
3.707662
3.340000
2.725796
1.977985
1.246033
0.679408
0.427575
0.640000
1.411918
2.621635
4.093228
5.650769
7.118335
8.320000
9.122921
9.566584
9.733556
9.706405
9.567697
9.400000
9.273387
9.207953
9.211297
9.291020
9.454721
9.710000
10.054826
10.448641
10.841255
11.182479
11.422124
11.510000
11.412633
11.163409
10.812432
10.409803
10.005625
9.650000
9.383300
9.206981
9.112766
9.092381
9.137551
9.240000
9.392222
9.589779
9.829004
10.106228
10.417783
10.760000
11.118230
11.433903
11.637468
11.659373
11.430067
10.880000
9.971015
8.790534
7.457375
6.090355
4.808291
3.730000
2.950442
2.469145
2.261781
2.304022
2.571537
3.040000
3.679070
4.434367
5.245500
6.052077
6.793707
7.410000
7.856379
8.151534
8.329969
8.426189
8.474697
8.510000
8.559162
8.619496
8.680874
8.733168
8.766253
8.770000
8.736416
8.666038
8.561537
8.425583
8.260847
8.070000
7.857026
7.631167
7.402980
7.183018
6.981840
6.810000
6.675804
6.578552
6.515295
6.483084
6.478969
6.500000
6.540084
6.580551
6.599589
6.575386
6.486127
6.310000
6.040898
5.735540
5.466347
5.305744
5.326154
5.600000
6.172202
6.977661
7.923773
8.917936
9.867546
10.680000
11.285478
11.705298
11.983559
12.164363
12.291810
12.410000
12.549958
12.690406
12.796989
12.835352
12.771140
12.570000
12.213207
11.744559
11.223486
10.709415
10.261777
9.940000
9.784390
9.758765
9.807819
9.876246
9.908742
9.850000
9.658121
9.344826
8.935240
8.454490
7.927701
7.380000
6.833774
6.300451
5.788722
5.307277
4.864807
4.470000
4.129794
3.844111
3.611122
3.428993
3.295897
3.210000
3.176032
3.224955
3.394292
3.721563
4.244292
5.000000
6.002421
7.170142
8.397962
9.580679
10.613092
11.390000
11.834931
11.986328
11.911361
11.677204
11.351026
11.000000
10.679706
10.399362
10.156592
9.949025
9.774285
9.630000
9.513096
9.417708
9.337269
9.265215
9.194980
9.120000
9.033511
8.927956
8.795582
8.628634
8.419358
8.160000
7.848510
7.505654
7.157904
6.831731
6.553606
6.350000
6.239534
6.209429
6.239053
6.307777
6.394969
6.480000
6.546269
6.593297
6.624634
6.643830
6.654435
6.660000
6.660758
6.643678
6.592411
6.490608
6.321920
6.070000
5.725465
5.306804
4.839472
4.348924
3.860615
3.400000
2.990806
2.649845
2.392201
2.232956
2.187195
2.270000
2.489180
2.823444
3.244224
3.722955
4.231069
4.740000
5.222797
5.658972
6.029653
6.315966
6.499039
6.560000
6.490881
6.327333
6.115914
5.903181
5.735691
5.660000
5.708680
5.858362
6.071689
6.311308
6.539864
6.720000
6.824769
6.868850
6.877328
6.875289
6.887818
6.940000
7.051085
7.216979
7.427748
7.673463
7.944190
8.230000
8.520472
8.803235
9.065429
9.294195
9.476671
9.600000
9.657535
9.667488
9.654285
9.642352
9.656115
9.720000
9.850175
10.029776
10.233681
10.436768
10.613915
10.740000
10.797414
10.798594
10.763493
10.712059
10.664245
10.640000
10.653967
10.699551
10.764849
10.837959
10.906977
10.960000
10.988479
10.997276
10.994610
10.988697
10.987755
11.000000
11.030591
11.072455
11.115460
11.149474
11.164364
11.150000
11.100221
11.024754
10.937299
10.851555
10.781223
10.740000
10.734730
10.744826
10.742845
10.701342
10.592875
10.390000
10.076369
9.680016
9.240073
8.795669
8.385934
8.050000
7.812526
7.640294
7.485614
7.300798
7.038156
6.650000
6.104638
5.434364
4.687472
3.912252
3.156998
2.470000
1.894941
1.457064
1.176999
1.075379
1.172835
1.490000
2.031337
2.736640
3.529532
4.333640
5.072588
5.670000
6.073460
6.326377
6.496122
6.650061
6.855565
7.180000
7.671028
8.297481
9.008481
9.753152
10.480617
11.140000
11.690020
12.127774
12.459956
12.693258
12.834376
12.890000
12.870051
12.797350
12.697947
12.597889
12.523224
12.500000
12.545194
12.639491
12.754507
12.861854
12.933147
12.940000
12.863433
12.722092
12.544027
12.357289
12.189930
12.070000
12.017323
12.018808
12.053136
12.098990
12.135051
12.140000
12.100054
12.031566
11.958428
11.904528
11.893755
11.950000
12.089870
12.300853
12.563151
12.856972
13.162520
13.460000
13.727872
13.937616
14.058966
14.061657
13.915424
13.590000
13.070863
12.406461
11.660984
10.898621
10.183563
9.580000
9.130665
8.792464
8.500848
8.191265
7.799166
7.260000
6.536986
5.704422
4.864375
4.118911
3.570097
3.320000
3.450556
3.963180
4.839153
6.059759
7.606280
9.460000
11.575603
13.801377
15.959014
17.870203
19.356635
20.240000
20.400505
19.952423
19.068542
17.921652
16.684542
15.530000
14.595895
13.880413
13.346817
12.958374
12.678346
12.470000
12.298599
12.137408
11.961688
11.746705
11.467721
11.100000
10.628551
10.077365
9.480179
8.870732
8.282760
7.750000
7.298772
6.925727
6.620094
6.371108
6.167999
6.000000
5.858258
5.741581
5.650693
5.586318
5.549179
5.540000
5.556206
5.582024
5.598383
5.586213
5.526442
5.400000
5.197985
4.952176
4.704524
4.496977
4.371486
4.370000
4.519911
4.790382
5.136021
5.511432
5.871223
6.170000
6.372279
6.482220
6.513893
6.481367
6.398713
6.280000
6.138889
5.987404
5.837158
5.699766
5.586842
5.510000
5.476469
5.475942
5.493724
5.515124
5.525447
5.510000
5.458566
5.378828
5.282944
5.183072
5.091372
5.020000
4.977877
4.960968
4.961999
4.973697
4.988789
5.000000
5.001453
4.992855
4.975308
4.949915
4.917778
4.880000
4.838254
4.796500
4.759267
4.731086
4.716487
4.720000
4.747336
4.808924
4.916375
5.081298
5.315303
5.630000
6.028190
6.477434
6.936484
7.364094
7.719015
7.960000
8.057360
8.027638
7.898939
7.699364
7.457017
7.200000
6.951261
6.713125
6.482761
6.257340
6.034029
5.810000
5.584540
5.365417
5.162515
4.985722
4.844921
4.750000
4.707614
4.711503
4.752177
4.820144
4.905915
5.000000
5.099030
5.224125
5.402528
5.661480
6.028223
6.530000
7.181081
7.943848
8.767713
9.602086
10.396378
11.100000
11.674795
12.132335
12.496622
12.791660
13.041451
13.270000
13.495386
13.711998
13.908300
14.072758
14.193836
14.260000
14.263799
14.214118
14.123928
14.006199
13.873899
13.740000
13.614048
13.491899
13.365986
13.228743
13.072604
12.890000
12.679316
12.462731
12.268377
12.124383
12.058881
12.100000
12.264431
12.523103
12.835506
13.161130
13.459465
13.690000
13.824582
13.884488
13.903349
13.914800
13.952472
14.050000
14.228907
14.462280
14.711098
14.936338
15.098979
15.160000
15.092893
14.921208
14.681011
14.408367
14.139342
13.910000
13.744523
13.619556
13.499860
13.350194
13.135321
12.820000
12.381885
11.850197
11.267051
10.674560
10.114839
9.630000
9.251641
8.969284
8.761936
8.608602
8.488288
8.380000
8.267340
8.152296
8.041455
7.941402
7.858721
7.800000
7.769325
7.760790
7.765994
7.776532
7.784002
7.780000
7.756427
7.706395
7.623320
7.500619
7.331707
7.110000
6.830848
6.497335
6.114476
5.687290
5.220792
4.720000
4.192403
3.655378
3.128775
2.632445
2.186237
1.810000
1.517504
1.298191
1.135423
1.012560
0.912966
0.820000
0.721795
0.625562
0.543284
0.486943
0.468521
0.500000
0.591752
0.747708
0.970190
1.261518
1.624015
2.060000
2.567494
3.127309
3.715956
4.309946
4.885790
5.420000
5.894709
6.314539
6.689738
7.030550
7.347222
7.650000
7.947932
8.245276
8.545093
8.850446
9.164394
9.490000
9.828565
10.174359
10.519889
10.857666
11.180200
11.480000
11.752900
12.008031
12.257850
12.514814
12.791379
13.100000
13.446966
13.813888
14.176209
14.509373
14.788822
14.990000
15.096830
15.127158
15.107312
15.063619
15.022406
15.010000
15.043956
15.106739
15.172042
15.213558
15.204980
15.120000
14.941745
14.691071
14.398270
14.093630
13.807444
13.570000
13.401565
13.282310
13.182379
13.071920
12.921078
12.700000
12.386485
11.988950
11.523464
11.006097
10.452919
9.880000
9.305689
8.757447
8.265016
7.858138
7.566552
7.420000
7.438353
7.602003
7.881471
8.247279
8.669948
9.120000
9.570204
10.002318
10.400349
10.748302
11.030184
11.230000
11.336525
11.357612
11.305882
11.193956
11.034455
10.840000
10.626287
10.421307
10.256123
10.161801
10.169405
10.310000
10.602447
11.016791
11.510876
12.042544
12.569638
13.050000
13.444945
13.729677
13.882873
13.883207
13.709358
13.340000
12.769347
12.053759
11.265133
10.475367
9.756357
9.180000
8.796510
8.569361
8.440345
8.351252
8.243873
8.060000
7.759707
7.376205
6.960988
6.565552
6.241391
6.040000
5.997394
6.087672
6.269452
6.501354
6.741997
6.950000
7.088680
7.140145
7.091204
6.928661
6.639324
6.210000
5.645711
5.024339
4.441984
3.994743
3.778716
3.890000
4.388339
5.188054
6.167111
7.203477
8.175118
8.960000
9.467555
9.733076
9.823322
9.805052
9.745025
9.710000
9.749729
9.845940
9.963352
10.066685
10.120661
10.090000
9.946213
9.687980
9.320772
8.850059
8.281311
7.620000
6.879121
6.101768
5.338561
4.640118
4.057058
3.640000
3.430080
3.430502
3.634985
4.037249
4.631014
5.410000
6.359261
7.429187
8.561500
9.697925
10.780184
11.750000
12.563338
13.233121
13.786514
14.250682
14.652789
15.020000
15.370490
15.686478
15.941194
16.107866
16.159725
16.070000
15.825581
15.468003
15.052460
14.634149
14.268264
14.010000
13.897648
13.901881
13.976464
14.075167
14.151757
14.160000
14.068733
13.907067
13.719182
13.549256
13.441469
13.440000
13.570983
13.788368
14.028058
14.225958
14.317970
14.240000
13.948677
13.483535
12.904835
12.272839
11.647807
11.090000
10.645190
10.301197
10.031351
9.808982
9.607422
9.400000
9.166442
8.912047
8.648511
8.387528
8.140793
7.920000
7.733164
7.573578
7.430855
7.294609
7.154453
7.000000
6.825302
6.642161
6.466819
6.315518
6.204497
6.150000
6.162158
6.226668
6.323119
6.431099
6.530196
6.600000
6.624540
6.605612
6.549456
6.462310
6.350412
6.220000
6.079174
5.943475
5.830306
5.757069
5.741166
5.800000
5.942422
6.143079
6.368069
6.583487
6.755432
6.850000
6.844241
6.759024
6.626170
6.477500
6.344836
6.260000
6.242187
6.260084
6.269753
6.227254
6.088650
5.810000
5.369604
4.834714
4.294819
3.839409
3.557972
3.540000
3.840924
4.379948
5.042221
5.712889
6.277099
6.620000
6.661191
6.458086
6.102548
5.686445
5.301640
5.040000
4.969265
5.060672
5.261336
5.518370
5.778887
5.990000
6.112213
6.159596
6.159606
6.139704
6.127349
6.150000
6.226835
6.343908
6.478989
6.609851
6.714264
6.770000
6.764195
6.721439
6.675687
6.660893
6.711013
6.860000
7.130738
7.501819
7.940764
8.415096
8.892334
9.340000
9.732716
10.073509
10.372506
10.639836
10.885624
11.120000
11.349555
11.566737
11.760460
11.919636
12.033178
12.090000
12.084944
12.036580
11.969404
11.907916
11.876616
11.900000
11.994927
12.147685
12.336924
12.541291
12.739433
12.910000
13.037849
13.132679
13.210400
13.286921
13.378151
13.500000
13.660715
13.837895
14.001476
14.121397
14.167592
14.110000
13.930402
13.657964
13.333694
12.998604
12.693702
12.460000
12.327629
12.283213
12.302497
12.361226
12.435145
12.500000
12.538339
12.559924
12.581318
12.619086
12.689792
12.810000
12.988689
13.204499
13.428481
13.631690
13.785178
13.860000
13.837458
13.739859
13.599758
13.449710
13.322272
13.250000
13.256245
13.327547
13.441238
13.574655
13.705130
13.810000
13.872097
13.896250
13.892789
13.872041
13.844335
13.820000
13.804812
13.786341
13.747606
13.671625
13.541417
13.340000
13.058332
12.719126
12.353037
11.990717
11.662820
11.400000
11.224177
11.122340
11.072747
11.053655
11.043320
11.020000
10.966628
10.884847
10.780975
10.661330
10.532232
10.400000
10.271949
10.159383
10.074604
10.029913
10.037611
10.110000
10.251317
10.433547
10.620610
10.776426
10.864916
10.850000
10.708059
10.465317
10.160456
9.832161
9.519114
9.260000
9.083853
8.981111
8.932565
8.919004
8.921219
8.920000
8.900743
8.867277
8.828035
8.791452
8.765962
8.760000
8.779748
8.822374
8.882796
8.955930
9.036693
9.120000
9.200498
9.271745
9.327031
9.359643
9.362870
9.330000
9.255808
9.141015
8.987830
8.798461
8.575115
8.320000
8.039326
7.755304
7.494148
7.282070
7.145283
7.110000
7.189574
7.345916
7.528078
7.685112
7.766069
7.720000
7.513721
7.185105
6.789788
6.383407
6.021599
5.760000
5.636791
5.620330
5.661519
5.711259
5.720452
5.640000
5.435827
5.133945
4.775387
4.401188
4.052381
3.770000
3.583188
3.473520
3.410683
3.364360
3.304238
3.200000
3.031515
2.819381
2.594381
2.387297
2.228909
2.150000
2.174734
2.300806
2.519292
2.821268
3.197812
3.640000
4.135335
4.657025
5.174702
5.658002
6.076556
6.400000
6.607351
6.715169
6.749399
6.735984
6.700870
6.670000
6.665121
6.691186
6.748952
6.839172
6.962603
7.120000
7.312581
7.543418
7.816044
8.133994
8.500801
8.920000
9.394507
9.924770
10.510620
11.151888
11.848405
12.600000
13.400872
14.222686
15.031474
15.793267
16.474099
17.040000
17.462329
17.733746
17.852235
17.815784
17.622377
17.270000
16.765507
16.151221
15.478335
14.798042
14.161533
13.620000
13.209163
12.902852
12.659423
12.437234
12.194640
11.890000
11.494970
11.034407
10.546471
10.069319
9.641109
9.300000
9.070218
8.920260
8.804693
8.678084
8.494997
8.210000
7.792447
7.270849
6.688506
6.088717
5.514782
5.010000
4.607263
4.297825
4.062533
3.882234
3.737774
3.610000
3.487669
3.391185
3.348862
3.389014
3.539955
3.830000
4.274051
4.833360
5.455769
6.089118
6.681248
7.180000
7.545896
7.790189
7.936812
8.009698
8.032783
8.030000
8.023151
8.025514
8.048235
8.102459
8.199332
8.350000
8.558397
8.799606
9.041499
9.251948
9.398825
9.450000
9.382475
9.209766
8.954518
8.639378
8.286990
7.920000
7.559991
7.224294
6.929177
6.690910
6.525762
6.450000
6.473951
6.584171
6.761273
6.985869
7.238574
7.500000
7.755084
8.006059
8.259482
8.521909
8.799896
9.100000
9.420018
9.722703
9.962050
10.092052
10.066704
9.840000
9.384568
8.747574
7.994819
7.192105
6.405232
5.700000
5.129536
4.696261
4.389923
4.200269
4.117045
4.130000
4.226642
4.385531
4.582989
4.795339
4.998902
5.170000
5.286906
5.335689
5.304370
5.180969
4.953506
4.610000
4.149948
3.618749
3.073279
2.570414
2.167029
1.920000
1.871451
2.004500
2.287513
2.688856
3.176897
3.720000
4.287443
4.852141
5.387920
5.868606
6.268024
6.560000
6.729380
6.805085
6.827058
6.835240
6.869574
6.970000
7.163789
7.427520
7.725099
8.020434
8.277432
8.460000
8.540048
8.521504
8.416296
8.236356
7.993614
7.700000
7.364768
6.986466
6.560966
6.084140
5.551861
4.960000
4.313751
3.655597
3.037340
2.510786
2.127738
1.940000
1.983885
2.233740
2.648422
3.186789
3.807696
4.470000
5.142099
5.830555
6.551470
7.320947
8.155090
9.070000
10.064617
11.069226
11.996948
12.760903
13.274214
13.450000
13.237025
12.726615
12.045739
11.321365
10.680463
10.250000
10.120294
10.235056
10.501347
10.826228
11.116759
11.280000
11.249347
11.063531
10.787622
10.486685
10.225789
10.070000
10.062227
10.156744
10.285665
10.381105
10.375178
10.200000
9.807531
9.229122
8.515967
7.719265
6.890210
6.080000
5.336907
4.697510
4.195466
3.864429
3.738055
3.850000
4.215674
4.777503
5.459670
6.186354
6.881737
7.470000
7.895212
8.180994
8.370855
8.508304
8.636849
8.800000
9.027783
9.296297
9.568159
9.805986
9.972394
10.030000
9.953239
9.763818
9.495259
9.181087
8.854826
8.550000
8.289769
8.055840
7.819556
7.552259
7.225293
6.810000
6.293379
5.725045
5.170269
4.694322
4.362476
4.240000
4.373707
4.736574
5.283119
5.967860
6.745314
7.570000
8.401376
9.218658
10.006005
10.747573
11.427519
12.030000
12.533799
12.896199
13.069111
13.004442
12.654102
11.970000
10.934817
9.654322
8.265053
6.903550
5.706352
4.810000
4.313135
4.162810
4.268178
4.538397
4.882619
5.210000
5.441485
5.545181
5.500983
5.288790
4.888496
4.280000
3.466202
2.542023
1.625388
0.834223
0.286452
0.100000
0.358567
1.008948
1.963713
3.135430
4.436670
5.780000
7.089066
8.331813
9.487259
10.534426
11.452333
12.220000
12.824428
13.284542
13.627249
13.879457
14.068072
14.220000
14.355816
14.470761
14.553744
14.593672
14.579455
14.500000
14.347540
14.127599
13.849026
13.520670
13.151378
12.750000
12.321849
11.858103
11.346402
10.774390
10.129709
9.400000
8.584507
7.728879
6.890365
6.126214
5.493676
5.050000
4.840492
4.862677
5.102139
5.544458
6.175218
6.980000
7.937045
8.995227
10.096080
11.181138
12.191933
13.070000
13.774663
14.336416
14.803541
15.224325
15.647049
16.120000
16.674765
17.276147
17.872254
18.411194
18.841073
19.110000
19.180768
19.074922
18.828691
18.478307
18.060000
17.610000
17.160495
16.727499
16.322981
15.958912
15.647261
15.400000
15.223408
15.101009
15.010636
14.930121
14.837298
14.710000
14.530408
14.298094
14.016976
13.690975
13.324010
12.920000
12.480746
11.999579
11.467709
10.876348
10.216708
9.480000
8.666745
7.814702
6.970938
6.182521
5.496519
4.960000
4.612782
4.465688
4.522290
4.786161
5.260873
5.950000
6.843515
7.876991
8.972403
10.051726
11.036933
11.850000
12.434409
12.819682
13.056848
13.196936
13.290977
13.390000
13.530699
13.692428
13.840205
13.939047
13.953973
13.850000
13.605802
13.254678
12.843581
12.419467
12.029288
11.720000
11.524610
11.420341
11.370469
11.338271
11.287022
11.180000
10.990526
10.732106
10.428291
10.102635
9.778687
9.480000
9.221157
8.980865
8.728865
8.434894
8.068693
7.600000
7.011467
6.337395
5.624999
4.921492
4.274088
3.730000
3.329225
3.082886
2.994889
3.069138
3.309540
3.720000
4.296586
5.004023
5.799195
6.638991
7.480297
8.280000
9.005309
9.664727
10.277080
10.861192
11.435890
12.020000
12.624863
13.231884
13.814986
14.348092
14.805122
15.160000
15.396028
15.534033
15.604225
15.636811
15.662000
15.710000
15.804776
15.945317
16.124365
16.334666
16.568963
16.820000
17.082043
17.355441
17.642065
17.943786
18.262474
18.600000
18.954367
19.308104
19.639874
19.928339
20.152160
20.290000
20.326555
20.270660
20.137187
19.941006
19.696987
19.420000
19.121497
18.799254
18.447626
18.060971
17.633643
17.160000
16.637919
16.079360
15.499807
14.914741
14.339645
13.790000
13.273680
12.768120
12.243146
11.668584
11.014260
10.250000
9.360092
8.386678
7.386358
6.415737
5.531417
4.790000
4.239006
3.889614
3.743921
3.804024
4.072018
4.550000
5.222265
6.001904
6.784207
7.464464
7.937965
8.100000
7.881934
7.359437
6.644251
5.848120
5.082788
4.460000
4.061803
3.851460
3.762541
3.728612
3.683243
3.560000
3.324142
3.067686
2.914337
2.987802
3.411788
4.310000
5.750888
7.581871
9.595111
11.582771
13.337014
14.650000
15.371890
15.584831
15.428968
15.044446
14.571408
14.150000
13.888913
13.771027
13.747766
13.770558
13.790827
13.760000
13.648151
13.499951
13.378717
13.347768
13.470423
13.810000
14.401583
15.167318
16.001116
16.796888
17.448546
17.850000
17.932322
17.775221
17.495569
17.210234
17.036088
17.090000
17.451445
18.050316
18.779109
19.530323
20.196454
20.670000
20.873750
20.851665
20.677995
20.426993
20.172910
19.990000
19.932720
19.976360
20.076412
20.188373
20.267737
20.270000
20.160877
19.946971
19.645107
19.272107
18.844797
18.380000
17.886502
17.340940
16.711911
15.968012
15.077843
14.010000
12.756817
11.405565
10.067250
8.852880
7.873461
7.240000
7.029703
7.184579
7.612838
8.222688
8.922339
9.620000
10.241501
10.783155
11.258897
11.682663
12.068385
12.430000
12.781146
13.134283
13.501573
13.895180
14.327268
14.810000
15.344979
15.891566
16.398561
16.814765
17.088978
17.170000
17.024076
16.687231
16.212932
15.654648
15.065848
14.500000
14.001077
13.575067
13.218462
12.927754
12.699436
12.530000
12.414394
12.341392
12.298222
12.272114
12.250297
12.220000
12.166855
12.070106
11.907400
11.656382
11.294700
10.800000
10.158833
9.393367
8.534678
7.613838
6.661920
5.710000
4.789481
3.933091
3.173889
2.544934
2.079285
1.810000
1.759031
1.903899
2.211016
2.646797
3.177654
3.770000
4.395274
5.045018
5.715796
6.404175
7.106721
7.820000
8.536723
9.234179
9.885801
10.465023
10.945278
11.300000
11.516351
11.636414
11.715999
11.810917
11.976981
12.270000
12.723844
13.284610
13.876453
14.423529
14.849993
15.080000
15.058552
14.814036
14.395689
13.852743
13.234436
12.590000
11.956302
11.320727
10.658293
9.944016
9.152912
8.260000
7.259205
6.220093
5.231141
4.380824
3.757618
3.450000
3.519703
3.921494
4.583395
5.433430
6.399624
7.410000
8.400825
9.341340
10.209030
10.981380
11.635875
12.150000
12.510701
12.742776
12.880484
12.958085
13.009837
13.070000
13.166046
13.298296
13.460283
13.645540
13.847602
14.060000
14.272661
14.461077
14.597135
14.652717
14.599711
14.410000
14.066366
13.595172
13.033679
12.419146
11.788833
11.180000
10.621969
10.112308
9.640650
9.196625
8.769865
8.350000
7.927334
7.494855
7.046222
6.575095
6.075135
5.540000
4.968418
4.379384
3.796963
3.245216
2.748207
2.330000
2.010013
1.789089
1.663428
1.629226
1.682684
1.820000
2.035696
2.317591
2.651827
3.024546
3.421889
3.830000
4.236739
4.636842
5.026764
5.402961
5.761888
6.100000
6.411932
6.685041
6.904866
7.056942
7.126807
7.100000
6.976783
6.816326
6.692523
6.679271
6.850465
7.280000
8.014130
8.988544
10.111291
11.290417
12.433971
13.450000
14.269428
14.914682
15.431064
15.863876
16.258420
16.660000
17.104268
17.588283
18.099455
18.625192
19.152904
19.670000
20.158776
20.581073
20.893617
21.053135
21.016354
20.740000
20.199052
19.441497
18.533575
17.541526
16.531587
15.570000
14.700293
13.875159
13.024581
12.078540
10.967018
9.620000
8.003895
6.230828
4.449352
2.808020
1.455385
0.540000
0.162877
0.234862
0.619262
1.179381
1.778525
2.280000
2.579366
2.701205
2.702351
2.639642
2.569913
2.550000
2.626464
2.804764
3.080084
3.447607
3.902518
4.440000
5.047324
5.680110
6.286064
6.812893
7.208303
7.420000
7.417850
7.260350
7.028159
6.801932
6.662327
6.690000
6.936416
7.336267
7.795051
8.218269
8.511419
8.580000
8.360190
7.910879
7.321636
6.682029
6.081628
5.610000
5.336621
5.250588
5.320905
5.516577
5.806607
6.160000
6.549485
6.962696
7.390993
7.825737
8.258285
8.680000
9.084838
9.477146
9.863871
10.251958
10.648353
11.060000
11.489220
11.919830
12.331022
12.701987
13.011915
13.240000
13.373374
13.430939
13.439540
13.426021
13.417227
13.440000
13.512145
13.615301
13.722066
13.805039
13.836817
13.790000
13.646009
13.421561
13.142196
12.833454
12.520875
12.230000
11.977523
11.744752
11.504152
11.228184
10.889313
10.460000
9.927465
9.337949
8.752447
8.231958
7.837476
7.630000
7.653266
7.881972
8.273559
8.785467
9.375134
10.000000
10.623269
11.231200
11.815816
12.369139
12.883193
13.350000
13.761343
14.108042
14.380677
14.569829
14.666076
14.660000
14.549693
14.363299
14.136476
13.904880
13.704169
13.570000
13.525117
13.540614
13.574670
13.585466
13.531183
13.370000
13.077570
12.699432
12.298596
11.938071
11.680869
11.590000
11.703537
11.959806
12.272198
12.554101
12.718905
12.680000
12.384069
11.910972
11.373862
10.885895
10.560223
10.510000
10.806623
11.354455
12.016102
12.654172
13.131269
13.310000
13.096385
12.570098
11.854228
11.071863
10.346091
9.800000
9.525013
9.485893
9.615735
9.847635
10.114692
10.350000
10.503515
10.592627
10.651583
10.714632
10.816022
10.990000
11.258101
11.591006
11.946682
12.283095
12.558212
12.730000
12.768153
12.689273
12.521689
12.293730
12.033724
11.770000
11.527064
11.314123
11.136562
10.999765
10.909116
10.870000
10.885537
10.949791
11.054564
11.191656
11.352868
11.530000
11.713428
11.887823
12.036432
12.142500
12.189274
12.160000
12.047048
11.879287
11.694710
11.531307
11.427073
11.420000
11.535277
11.746879
12.015980
12.303752
12.571368
12.780000
12.899808
12.936900
12.906370
12.823313
12.702825
12.560000
12.407066
12.244782
12.071041
11.883735
11.680757
11.460000
11.222763
10.983974
10.761968
10.575080
10.441646
10.380000
10.402902
10.500805
10.658589
10.861130
11.093308
11.340000
11.587713
11.829472
12.059927
12.273732
12.465539
12.630000
12.762541
12.861678
12.926703
12.956904
12.951573
12.910000
12.833096
12.728260
12.604512
12.470872
12.336362
12.210000
12.098687
12.000839
11.912750
11.830718
11.751036
11.670000
11.584656
11.495053
11.401987
11.306258
11.208663
11.110000
11.011900
10.919321
10.838051
10.773882
10.732601
10.720000
10.739734
10.786924
10.854558
10.935623
11.023108
11.110000
11.187637
11.240762
11.252468
11.205848
11.083994
10.870000
10.555967
10.170026
9.749319
9.330986
8.952166
8.650000
8.448635
8.320243
8.224004
8.119098
7.964703
7.720000
7.362318
6.941594
6.525913
6.183363
5.982030
5.990000
6.252694
6.724862
7.338592
8.025968
8.719076
9.350000
9.864083
10.259697
10.548467
10.742023
10.851991
10.890000
10.867037
10.791536
10.671288
10.514087
10.327727
10.120000
9.898462
9.669716
9.440131
9.216072
9.003906
8.810000
8.639024
8.488859
8.355689
8.235700
8.125076
8.020000
7.918267
7.824108
7.743362
7.681868
7.645468
7.640000
7.669157
7.728043
7.809614
7.906826
8.012636
8.120000
8.219734
8.294091
8.323183
8.287124
8.166025
7.940000
7.598482
7.168187
6.685154
6.185420
5.705022
5.280000
4.941016
4.697236
4.552452
4.510457
4.575042
4.750000
5.028521
5.361389
5.688788
5.950900
6.087910
6.040000
5.771476
5.343135
4.839897
4.346682
3.948410
3.730000
3.754974
4.001256
4.425374
4.983853
5.633220
6.330000
7.044879
7.805173
8.652357
9.627906
10.773295
12.130000
13.706669
15.380646
16.996449
18.398598
19.431608
19.940000
19.820530
19.178911
18.173095
16.961037
15.700688
14.550000
13.633158
12.939268
12.423669
12.041699
11.748696
11.500000
11.252535
10.969574
10.615980
10.156612
9.556332
8.780000
7.822491
6.798731
5.853661
5.132223
4.779355
4.940000
5.703892
6.939947
8.461875
10.083386
11.618191
12.880000
13.724395
14.174445
14.295090
14.151270
13.807927
13.330000
12.777185
12.188200
11.596516
11.035606
10.538944
10.140000
9.860476
9.674979
9.546347
9.437416
9.311021
9.130000
8.868459
8.545588
8.191846
7.837694
7.513592
7.250000
7.072170
6.984522
6.986269
7.076623
7.254796
7.520000
7.868695
8.286324
8.755578
9.259149
9.779726
10.300000
10.803098
11.273886
11.697668
12.059746
12.345422
12.540000
12.637294
12.665168
12.660000
12.658164
12.696039
12.810000
13.021060
13.288774
13.557334
13.770930
13.873755
13.810000
13.547263
13.146773
12.693166
12.271078
11.965144
11.860000
12.012434
12.367836
12.843751
13.357722
13.827290
14.170000
14.324530
14.314103
14.183078
13.975814
13.736668
13.510000
13.327085
13.166861
12.995185
12.777913
12.480899
12.070000
11.520974
10.849193
10.079930
9.238461
8.350060
7.440000
6.535917
5.674886
4.896343
4.239724
3.744464
3.450000
3.383321
3.521633
3.829697
4.272273
4.814120
5.420000
6.059179
6.718951
7.391118
8.067481
8.739842
9.400000
10.044130
10.685895
11.343329
12.034468
12.777347
13.590000
14.478004
15.397098
16.290564
17.101683
17.773734
18.250000
18.492234
18.536082
18.435664
18.245098
18.018504
17.810000
17.661579
17.566721
17.506781
17.463111
17.417066
17.350000
17.247562
17.112589
16.952214
16.773569
16.583786
16.390000
16.197987
16.008107
15.819364
15.630762
15.441306
15.250000
15.057711
14.872760
14.705329
14.565604
14.463766
14.410000
14.408067
14.436039
14.465568
14.468304
14.415898
14.280000
14.044512
13.742342
13.418648
13.118587
12.887318
12.770000
12.796430
12.934962
13.138592
13.360312
13.553116
13.670000
13.680278
13.618549
13.535736
13.482759
13.510540
13.670000
13.994126
14.444174
14.963464
15.495317
15.983056
16.370000
16.612059
16.715496
16.699158
16.581897
16.382561
16.120000
15.810182
15.457547
15.063654
14.630059
14.158322
13.650000
13.109990
12.556537
12.011228
11.495645
11.031375
10.640000
10.329350
10.052229
9.747685
9.354767
8.812522
8.060000
7.068814
5.940843
4.810531
3.812324
3.080665
2.750000
2.910950
3.478844
4.325189
5.321493
6.339261
7.250000
7.955536
8.478967
8.873712
9.193187
9.490811
9.820000
10.219592
10.670102
11.137463
11.587611
11.986478
12.300000
12.503827
12.612477
12.650185
12.641185
12.609712
12.580000
12.571720
12.586285
12.620546
12.671352
12.735553
12.810000
12.890359
12.967568
13.031382
13.071555
13.077843
13.040000
12.948279
12.794924
12.572676
12.274279
11.892473
11.420000
10.852359
10.196071
9.460413
8.654664
7.788100
6.870000
5.919045
4.991534
4.153171
3.469659
3.006701
2.830000
2.983266
3.422236
4.080652
4.892256
5.790791
6.710000
7.592241
8.414336
9.161722
9.819836
10.374117
10.810000
11.114343
11.279679
11.299961
11.169140
10.881169
10.430000
9.819646
9.094355
8.308436
7.516198
6.771950
6.130000
5.632769
5.275125
5.040047
4.910513
4.869505
4.900000
4.984278
5.101812
5.231378
5.351749
5.441698
5.480000
5.451093
5.362070
5.225691
5.054714
4.861898
4.660000
4.462324
4.284351
4.142107
4.051616
4.028905
4.090000
4.247898
4.503488
4.854632
5.299191
5.835027
6.460000
7.169278
7.947251
8.775614
9.636063
10.510293
11.380000
12.227304
13.036027
13.790412
14.474706
15.073153
15.570000
15.956412
16.251235
16.480239
16.669189
16.843853
17.030000
17.245151
17.473847
17.692384
17.877058
18.004164
18.050000
17.999837
17.874860
17.705227
17.521099
17.352637
17.230000
17.174296
17.170419
17.194209
17.221509
17.228159
17.190000
17.089507
16.935688
16.744186
16.530642
16.310700
16.100000
15.911751
15.749421
15.614047
15.506662
15.428301
15.380000
15.362286
15.373663
15.412127
15.475673
15.562299
15.670000
15.794983
15.926296
16.051196
16.156941
16.230790
16.260000
16.234309
16.153377
16.019340
15.834340
15.600513
15.320000
14.995974
14.635754
14.247692
13.840144
13.421462
13.000000
12.582905
12.172497
11.769890
11.376195
10.992528
10.620000
10.256294
9.885368
9.487749
9.043963
8.534538
7.940000
7.254418
6.526030
5.816615
5.187952
4.701820
4.420000
4.380200
4.523845
4.768293
5.030897
5.229014
5.280000
5.125848
4.807108
4.388965
3.936608
3.515224
3.190000
3.012148
2.976984
3.065847
3.260077
3.541015
3.890000
4.290096
4.731254
5.205149
5.703455
6.217847
6.740000
7.257608
7.742445
8.162308
8.484992
8.678291
8.710000
8.567159
8.313779
8.033117
7.808430
7.722972
7.860000
8.272971
8.896142
9.633972
10.390920
11.071443
11.580000
11.846653
11.903875
11.809744
11.622336
11.399729
11.200000
11.067548
10.992061
10.949552
10.916031
10.867510
10.780000
10.637138
10.453066
10.249549
10.048354
9.871249
9.740000
9.670751
9.657158
9.687253
9.749070
9.830641
9.920000
10.007079
10.089414
10.166439
10.237588
10.302297
10.360000
10.406950
10.426668
10.399493
10.305764
10.125820
9.840000
9.441140
8.972064
8.488091
8.044543
7.696739
7.500000
7.493675
7.653226
7.938143
8.307917
8.722039
9.140000
9.532170
9.912441
10.305587
10.736381
11.229594
11.810000
12.491581
13.245157
14.030758
14.808412
15.538150
16.180000
16.703312
17.114708
17.430132
17.665527
17.836836
17.960000
18.048830
18.108603
18.142463
18.153553
18.145017
18.120000
18.081923
18.035323
17.985016
17.935816
17.892539
17.860000
17.840700
17.827881
17.812473
17.785404
17.737604
17.660000
17.543195
17.376486
17.148843
16.849234
16.466630
15.990000
15.418926
14.795433
14.172157
13.601735
13.136804
12.830000
12.715268
12.751783
12.880030
13.040492
13.173654
13.220000
13.134170
12.927436
12.625224
12.252962
11.836079
11.400000
10.970690
10.576251
10.245324
10.006547
9.888559
9.920000
10.112794
10.412004
10.745981
11.043073
11.231630
11.240000
11.020775
10.623510
10.122002
9.590050
9.101450
8.730000
8.530080
8.478402
8.532260
8.648950
8.785765
8.900000
8.958951
8.969920
8.950207
8.917114
8.887945
8.880000
8.907540
8.972660
9.074413
9.211852
9.384030
9.590000
9.828109
10.093883
10.382140
10.687699
11.005379
11.330000
11.656689
11.981808
12.302028
12.614019
12.914453
13.200000
