13.072935
12.404371
11.710052
11.005722
10.307123
9.630000
8.993013
8.426492
7.963684
7.637834
7.482191
7.530000
7.798392
8.240031
8.791463
9.389237
9.969901
10.470000
10.840503
11.090052
11.241713
11.318549
11.343623
11.340000
11.329274
11.327167
11.347933
11.405825
11.515096
11.690000
11.933003
12.199427
12.432804
12.576669
12.574557
12.370000
11.926028
11.283645
10.503351
9.645646
8.771029
7.940000
7.199182
6.539697
5.938791
5.373709
4.821697
4.260000
3.680715
3.135343
2.690234
2.411740
2.366212
2.620000
3.211290
4.065597
5.080272
6.152664
7.180124
8.060000
8.716071
9.177825
9.501178
9.742047
9.956349
10.200000
10.518965
10.919401
11.397516
11.949517
12.571609
13.260000
13.994275
14.687534
15.236257
15.536923
15.486011
14.980000
13.971806
12.640092
11.219955
9.946495
9.054811
8.780000
9.279426
10.399506
11.908922
13.576355
15.170487
16.460000
17.269796
17.649662
17.705607
17.543640
17.269768
16.990000
16.785928
16.641475
16.516149
16.369457
16.160905
15.850000
15.410289
14.871474
14.277296
13.671497
13.097818
12.600000
12.209212
11.906332
11.659666
11.437518
11.208194
10.940000
10.609853
10.229123
9.817791
9.395838
8.983248
8.600000
8.262208
7.970510
7.721671
7.512462
7.339649
7.200000
7.087656
6.986246
6.876774
6.740240
6.557648
6.310000
5.984899
5.596357
5.164984
4.711392
4.256194
3.820000
3.421311
3.070178
2.774541
2.542340
2.381513
2.300000
2.298884
2.351818
2.425600
2.487027
2.502894
2.440000
2.279542
2.060326
1.835557
1.658442
1.582188
1.660000
1.924660
2.327250
2.798423
3.268835
3.669142
3.930000
4.004084
3.932158
3.777003
3.601403
3.468141
3.440000
3.560854
3.798935
4.103567
4.424073
4.709776
4.910000
4.990140
4.979881
4.924981
4.871195
4.864283
4.950000
5.157243
5.447466
5.765261
6.055220
6.261935
6.330000
6.225192
5.998031
5.720225
5.463480
5.299503
5.300000
5.511573
5.880409
6.327588
6.774192
7.141302
7.350000
7.345598
7.170334
6.890674
6.573087
6.284039
6.090000
6.037005
6.089367
6.190966
6.285684
6.317401
6.230000
5.985039
5.614792
5.169213
4.698252
4.251864
3.880000
3.623163
3.484057
3.455934
3.532048
3.705652
3.970000
4.312447
4.696759
5.080802
5.422445
5.679556
5.810000
5.786955
5.644834
5.433357
5.202244
5.001218
4.880000
4.872879
4.952424
5.075771
5.200059
5.282422
5.280000
5.163750
4.959914
4.708558
4.449744
4.223536
4.070000
4.016520
4.039771
4.103748
4.172448
4.209867
4.180000
4.058457
3.867298
3.640199
3.410833
3.212876
3.080000
3.037246
3.075110
3.175456
3.320144
3.491038
3.670000
3.842468
4.008187
4.170479
4.332664
4.498064
4.670000
4.855150
5.073622
5.348879
5.704385
6.163604
6.750000
7.471143
8.271028
9.077755
9.819425
10.424140
10.820000
10.956018
10.864860
10.600102
10.215321
9.764095
9.300000
8.864274
8.448792
8.033089
7.596699
7.119158
6.580000
5.970404
5.328120
4.702544
4.143069
3.699090
3.420000
3.338184
3.417985
3.606735
3.851766
4.100410
4.300000
4.413710
4.468086
4.505515
4.568386
4.699085
4.940000
5.322113
5.830781
6.439953
7.123580
7.855612
8.610000
9.366540
10.128420
10.904672
11.704330
12.536429
13.410000
14.324827
15.243688
16.120108
16.907616
17.559738
18.030000
18.287207
18.361274
18.297394
18.140760
17.936564
17.730000
17.553428
17.387883
17.201565
16.962678
16.639422
16.200000
15.627182
14.962010
14.260095
13.577047
12.968479
12.490000
12.183077
12.032597
12.009306
12.083947
12.227264
12.410000
12.605234
12.795378
12.965180
13.099387
13.182744
13.200000
13.142099
13.024778
12.869973
12.699618
12.535649
12.400000
12.307805
12.246990
12.198678
12.143994
12.064060
11.940000
11.758995
11.532446
11.277814
11.012556
10.754132
10.520000
10.322791
10.155818
10.007567
9.866524
9.721173
9.560000
9.377667
9.193541
9.033168
8.922090
8.885853
8.950000
9.129968
9.400757
9.727262
10.074375
10.406990
10.690000
10.897879
11.043430
11.149034
11.237075
11.329936
11.450000
11.613700
11.813672
12.036601
12.269175
12.498079
12.710000
12.891765
13.030772
13.114560
13.130668
13.066635
12.910000
12.657433
12.342127
12.006407
11.692597
11.443019
11.300000
11.287206
11.353681
11.429811
11.445983
11.332584
11.020000
10.460502
9.693890
8.781850
7.786065
6.768220
5.790000
4.904352
4.129277
3.474040
2.947905
2.560137
2.320000
2.227877
2.248631
2.338239
2.452684
2.547944
2.580000
2.516082
2.368423
2.160503
1.915805
1.657810
1.410000
1.195015
1.032123
0.939749
0.936320
1.040262
1.270000
1.631081
2.077531
2.550501
2.991136
3.340587
3.540000
3.547700
3.390715
3.113248
2.759505
2.373687
2.000000
1.676777
1.418868
1.235256
1.134919
1.126841
1.220000
1.417323
1.697516
2.033229
2.397114
2.761821
3.100000
3.388884
3.624030
3.805577
3.933661
4.008423
4.030000
3.997557
3.906363
3.750714
3.524907
3.223237
2.840000
2.381584
1.902741
1.470317
1.151155
1.012102
1.120000
1.511155
2.099710
2.769269
3.403435
3.885811
4.100000
3.968194
3.566937
3.011357
2.416588
1.897758
1.570000
1.516206
1.690321
2.014052
2.409104
2.797184
3.100000
3.261517
3.314741
3.314937
3.317368
3.377301
3.550000
3.877076
4.345529
4.928702
5.599942
6.332593
7.100000
7.874112
8.621291
9.306504
9.894715
10.350892
10.640000
10.739948
10.680417
10.504033
10.253419
9.971200
9.700000
9.474059
9.294077
9.152366
9.041240
8.953013
8.880000
8.815759
8.758832
8.709005
8.666066
8.629802
8.600000
8.572488
8.527263
8.440364
8.287828
8.045694
7.690000
7.211140
6.656930
6.089540
5.571141
5.163904
4.930000
4.909155
5.051314
5.283977
5.534646
5.730820
5.800000
5.693352
5.456704
5.159551
4.871386
4.661705
4.600000
4.733966
5.024092
5.409069
5.827586
6.218333
6.520000
6.685878
6.727669
6.671673
6.544195
6.371537
6.180000
5.992614
5.819308
5.666738
5.541559
5.450428
5.400000
5.392324
5.411027
5.435126
5.443642
5.415593
5.330000
5.173274
4.961401
4.717758
4.465725
4.228679
4.030000
3.888237
3.802631
3.767592
3.777533
3.826865
3.910000
4.020953
4.152151
4.295625
4.443404
4.587519
4.720000
4.831515
4.907283
4.931159
4.887000
4.758662
4.530000
4.196227
3.797976
3.387238
3.016003
2.736260
2.600000
2.643254
2.838220
3.141138
3.508248
3.895789
4.260000
4.565155
4.807661
4.991959
5.122487
5.203688
5.240000
5.238440
5.216319
5.193527
5.189952
5.225480
5.320000
5.485716
5.704098
5.948932
6.194003
6.413097
6.580000
6.676982
6.720251
6.734495
6.744408
6.774679
6.850000
6.987327
7.172677
7.384336
7.600587
7.799714
7.960000
8.063480
8.107188
8.091909
8.018428
7.887530
7.700000
7.458199
7.170794
6.848028
6.500145
6.137388
5.770000
5.407845
5.059266
4.732228
4.434695
4.174631
3.960000
3.796070
3.677326
3.595558
3.542555
3.510106
3.490000
3.476579
3.474392
3.490540
3.532123
3.606243
3.720000
3.875484
4.054735
4.234783
4.392657
4.505386
4.550000
4.515098
4.435558
4.357830
4.328362
4.393602
4.600000
4.976116
5.478959
6.047648
6.621305
7.139049
7.540000
7.779975
7.881570
7.884078
7.826790
7.749000
7.690000
7.680883
7.719947
7.797292
7.903016
8.027219
8.160000
8.293577
8.428641
8.568005
8.714479
8.870874
9.040000
9.223375
9.417339
9.616937
9.817216
10.013222
10.200000
10.372831
10.527930
10.661746
10.770730
10.851332
10.900000
10.918173
10.927239
10.953578
11.023566
11.163580
11.400000
11.747812
12.176447
12.643943
13.108341
13.527680
13.860000
14.074051
14.181419
14.204401
14.165295
14.086395
13.990000
13.893902
13.797878
13.697202
13.587148
13.462989
13.320000
13.154972
12.970774
12.771791
12.562410
12.347018
12.130000
11.915469
11.706435
11.505634
11.315804
11.139681
10.980000
10.836626
10.697932
10.549422
10.376595
10.164954
9.900000
9.572102
9.191095
8.771679
8.328558
7.876431
7.430000
7.001123
6.590281
6.195111
5.813249
5.442333
5.080000
4.727202
4.398152
4.110378
3.881409
3.728774
3.670000
3.715996
3.851187
4.053378
4.300374
4.569980
4.840000
5.090065
5.307101
5.479860
5.597095
5.647558
5.620000
5.508098
5.325225
5.089681
4.819763
4.533770
4.250000
3.984397
3.743480
3.531417
3.352372
3.210511
3.110000
3.054131
3.042705
3.074651
3.148897
3.264370
3.420000
3.616487
3.861624
4.164978
4.536114
4.984600
5.520000
6.141264
6.804873
7.456688
8.042572
8.508388
8.800000
8.885354
8.820737
8.684522
8.555080
8.510782
8.630000
8.965468
9.467363
10.060224
10.668591
11.217004
11.630000
11.847590
11.871664
11.719581
11.408703
10.956389
10.380000
9.699126
8.942279
8.140201
7.323634
6.523320
5.770000
5.091368
4.502923
4.017114
3.646390
3.403202
3.300000
3.341234
3.499363
3.738845
4.024139
4.319704
4.590000
4.809898
4.995922
5.175008
5.374092
5.620111
5.940000
6.347136
6.800652
7.246123
7.629122
7.895223
7.990000
7.879152
7.608877
7.245501
6.855347
6.504738
6.260000
6.166489
6.185690
6.258123
6.324307
6.324760
6.200000
5.906977
5.468362
4.923256
4.310759
3.669973
3.040000
2.458195
1.954936
1.558854
1.298583
1.202754
1.300000
1.604455
2.072265
2.645077
3.264538
3.872297
4.410000
4.832132
5.144523
5.365839
5.514746
5.609911
5.670000
5.711229
5.740014
5.760318
5.776108
5.791347
5.810000
5.838460
5.892830
5.991638
6.153416
6.396693
6.740000
7.190347
7.708668
8.244379
8.746895
9.165630
9.450000
9.568254
9.563979
9.499596
9.437524
9.440185
9.570000
9.868164
10.290970
10.773489
11.250787
11.657935
11.930000
12.021128
11.961769
11.801449
11.589697
11.376038
11.210000
11.128575
11.118622
11.154464
11.210425
11.260829
11.280000
11.248784
11.174114
11.069446
10.948234
10.823934
10.710000
10.614946
10.527513
10.431502
10.310713
10.148946
9.930000
9.643841
9.305093
8.934546
8.552988
8.181210
7.840000
7.546774
7.305448
7.116566
6.980668
6.898299
6.870000
6.891795
6.941632
6.992942
7.019153
6.993696
6.890000
6.686371
6.380616
5.975418
5.473460
4.877427
4.190000
3.425361
2.643683
1.916637
1.315894
0.913125
0.780000
0.961722
1.397614
2.000533
2.683334
3.358871
3.940000
4.360993
4.641785
4.823730
4.948179
5.056485
5.190000
5.380974
5.625244
5.909546
6.220616
6.545189
6.870000
7.183539
7.481313
7.760584
8.018614
8.252666
8.460000
8.638760
8.790616
8.918117
9.023815
9.110259
9.180000
9.233364
9.261779
9.254448
9.200572
9.089355
8.910000
8.654773
8.328193
7.937843
7.491305
6.996163
6.460000
5.890924
5.299154
4.695432
4.090503
3.495111
2.920000
2.377872
1.889266
1.476679
1.162607
0.969548
0.920000
1.026244
1.259708
1.581604
1.953143
2.335537
2.690000
2.987705
3.239679
3.466907
3.690379
3.931080
4.210000
4.538860
4.892318
5.235768
5.534603
5.754216
5.860000
5.831995
5.708828
5.543772
5.390099
5.301084
5.330000
5.512280
5.812000
6.175395
6.548703
6.878159
7.110000
7.205737
7.187988
7.094647
6.963606
6.832759
6.740000
6.712503
6.734566
6.779768
6.821688
6.833906
6.790000
6.673511
6.507822
6.326282
6.162234
6.049024
6.020000
6.097668
6.261181
6.478856
6.719007
6.949950
7.140000
7.264476
7.326712
7.337045
7.305812
7.243351
7.160000
7.065724
6.969008
6.877965
6.800707
6.745348
6.720000
6.731237
6.779477
6.863595
6.982470
7.134980
7.320000
7.532381
7.750863
7.950154
8.104967
8.190012
8.180000
8.060811
7.862999
7.628288
7.398403
7.215065
7.120000
7.141598
7.254919
7.421692
7.603645
7.762505
7.860000
7.870437
7.818436
7.741193
7.675908
7.659778
7.730000
7.911561
8.180598
8.501035
8.836798
9.151811
9.410000
9.581560
9.661767
9.652167
9.554309
9.369737
9.100000
8.753219
8.363817
7.972796
7.621152
7.349887
7.200000
7.196584
7.301112
7.459150
7.616267
7.718027
7.710000
7.550677
7.250254
6.831853
6.318596
5.733604
5.100000
4.441172
3.781576
3.145937
2.558979
2.045425
1.630000
1.331581
1.145664
1.061898
1.069932
1.159417
1.320000
1.539494
1.798360
2.075221
2.348699
2.597418
2.800000
2.940395
3.023857
3.060968
3.062308
3.038458
3.000000
2.960083
2.942137
2.972157
3.076143
3.280091
3.610000
4.078901
4.647967
5.265403
5.879416
6.438213
6.890000
7.197553
7.381923
7.478731
7.523600
7.552149
7.600000
7.693898
7.825084
7.975922
8.128777
8.266015
8.370000
8.425930
8.430336
8.382581
8.282031
8.128049
7.920000
7.660022
7.361352
7.040003
6.711986
6.393315
6.100000
5.843706
5.618702
5.414908
5.222246
5.030636
4.830000
4.614368
4.394212
4.184115
3.998659
3.852427
3.760000
3.731415
3.758523
3.828630
3.929042
4.047063
4.170000
4.287843
4.401324
4.513863
4.628876
4.749782
4.880000
5.020686
5.163957
5.299669
5.417676
5.507835
5.560000
5.567375
5.536550
5.477462
5.400049
5.314250
5.230000
5.153842
5.078733
4.994233
4.889904
4.755306
4.580000
4.358738
4.107037
3.845605
3.595150
3.376379
3.210000
3.112640
3.084599
3.122096
3.221349
3.378578
3.590000
3.848803
4.136047
4.429761
4.707972
4.948709
5.130000
5.238628
5.296396
5.333861
5.381578
5.470105
5.630000
5.881868
6.206515
6.574797
6.957568
7.325684
7.650000
7.908899
8.110875
8.271951
8.408149
8.535491
8.670000
8.821703
8.976651
9.114898
9.216502
9.261517
9.230000
9.101418
8.852893
8.460955
7.902139
7.152976
6.190000
5.024058
3.803260
2.710031
1.926795
1.635976
2.020000
3.186885
4.947029
7.036421
9.191053
11.146916
12.640000
13.475252
13.733439
13.564285
13.117511
12.542842
11.990000
11.577014
11.295141
11.103941
10.962976
10.831809
10.670000
10.451042
10.204146
9.972453
9.799103
9.727239
9.800000
10.043169
10.413090
10.848749
11.289130
11.673218
11.940000
12.044939
12.009419
11.871303
11.668452
11.438730
11.220000
11.041009
10.894048
10.762291
10.628913
10.477092
10.290000
10.062321
9.834761
9.659535
9.588857
9.674941
9.970000
10.500264
11.188020
11.929569
12.621215
13.159257
13.440000
13.393012
13.080938
12.599688
12.045174
11.513307
11.100000
10.876251
10.813414
10.857929
10.956238
11.054781
11.100000
11.052214
10.927258
10.754846
10.564690
10.386503
10.250000
10.175540
10.146071
10.135188
10.116485
10.063558
9.950000
9.755024
9.480309
9.133153
8.720851
8.250701
7.730000
7.165059
6.558247
5.910951
5.224554
4.500442
3.740000
2.954279
2.192998
1.515544
0.981302
0.649659
0.580000
0.810141
1.291612
1.954374
2.728386
3.543608
4.330000
5.030713
5.641664
6.171960
6.630710
7.027021
7.370000
7.667006
7.918398
8.122784
8.278774
8.384976
8.440000
8.444364
8.406225
8.335652
8.242711
8.137472
8.030000
7.928595
7.834480
7.747109
7.665936
7.590415
7.520000
7.452321
7.377707
7.284663
7.161694
6.997305
6.780000
6.504390
6.189508
5.860490
5.542474
5.260598
5.040000
4.897896
4.819818
4.783378
4.766187
4.745857
4.700000
4.612592
4.493074
4.357250
4.220926
4.099908
4.010000
3.962661
3.951962
3.967623
3.999368
4.036920
4.070000
4.090280
4.097228
4.092258
4.076786
4.052228
4.020000
3.978624
3.915052
3.813345
3.657561
3.431759
3.120000
2.719992
2.284044
1.878112
1.568156
1.420133
1.500000
1.848213
2.403218
3.077956
3.785371
4.438404
4.950000
5.260257
5.417901
5.498814
5.578880
5.733981
6.040000
6.545528
7.189995
7.885537
8.544294
9.078402
9.400000
9.454343
9.319158
9.105287
8.923575
8.884865
9.100000
9.640802
10.423003
11.323314
12.218443
12.985102
13.500000
13.676661
13.575866
13.295208
12.932281
12.584681
12.350000
12.298525
12.391311
12.562105
12.744653
12.872702
12.880000
12.722895
12.448149
12.125123
11.823181
11.611685
11.560000
11.714431
12.029058
12.434904
12.862995
13.244352
13.510000
13.611882
13.585621
13.487760
13.374841
13.303407
13.330000
13.493781
13.764383
14.094055
14.435049
14.739614
14.960000
15.064196
15.083143
15.063519
15.052001
15.095269
15.240000
15.516933
15.893044
16.319370
16.746948
17.126812
17.410000
17.559877
17.589124
17.522750
17.385765
17.203178
17.000000
16.796059
16.590461
16.377131
16.149994
15.902976
15.630000
15.329313
15.016439
14.711225
14.433517
14.203160
14.040000
13.954237
13.917486
13.891718
13.838901
13.721005
13.500000
13.152397
12.712875
12.230655
11.754955
11.334997
11.020000
10.846775
10.802493
10.861914
10.999799
11.190907
11.410000
11.634158
11.849744
12.045438
12.209924
12.331884
12.400000
12.407425
12.365199
12.288833
12.193837
12.095722
12.010000
11.948641
11.909460
11.886731
11.874728
11.867727
11.860000
11.845232
11.814738
11.759243
11.669472
11.536149
11.350000
11.104923
10.807515
10.467547
10.094791
9.699019
9.290000
8.875447
8.454832
8.025568
7.585066
7.130739
6.660000
6.174307
5.691304
5.232681
4.820129
4.475339
4.220000
4.070335
4.020694
4.059958
4.177009
4.360729
4.600000
4.881714
5.184810
5.486237
5.762945
5.991882
6.150000
6.222438
6.227104
6.190094
6.137509
6.095445
6.090000
6.141820
6.249739
6.407135
6.607391
6.843886
7.110000
7.396068
7.680238
7.937614
8.143298
8.272392
8.300000
8.214140
8.054494
7.873659
7.724233
7.658814
7.730000
7.970706
8.335121
8.757751
9.173103
9.515684
9.720000
9.741092
9.616134
9.402837
9.158910
8.942061
8.810000
8.803585
8.896268
9.044650
9.205332
9.334915
9.390000
9.336282
9.175831
8.919813
8.579391
8.165732
7.690000
7.164483
6.605964
6.032350
5.461547
4.911461
4.400000
3.942129
3.541054
3.197039
2.910348
2.681247
2.510000
2.396398
2.338338
2.333245
2.378541
2.471652
2.610000
2.789779
3.002260
3.237483
3.485487
3.736313
3.980000
4.209763
4.431510
4.654325
4.887289
5.139487
5.420000
5.738299
6.105403
6.532719
7.031653
7.613611
8.290000
9.064355
9.908728
10.787299
11.664248
12.503755
13.270000
13.937335
14.520794
15.045584
15.536911
16.019981
16.520000
17.047648
17.555503
17.981615
18.264034
18.340812
18.150000
17.655312
16.923120
16.045457
15.114360
14.221863
13.460000
12.897723
12.511648
12.255306
12.082230
11.945951
11.800000
11.609628
11.386954
11.155817
10.940054
10.763502
10.650000
10.613534
10.628683
10.660176
10.672741
10.631106
10.500000
10.256144
9.924239
9.540979
9.143056
8.767165
8.450000
8.219111
8.065471
7.970910
7.917258
7.886345
7.860000
7.826163
7.797211
7.791632
7.827913
7.924539
8.100000
8.359617
8.656054
8.928811
9.117388
9.161285
9.000000
8.600648
8.040795
7.425623
6.860313
6.450045
6.300000
6.477191
6.895951
7.432447
7.962843
8.363306
8.510000
8.318645
7.863178
7.257090
6.613870
6.047010
5.670000
5.562997
5.672817
5.912945
6.196862
6.438053
6.550000
6.477424
6.289998
6.088632
5.974237
6.047723
6.410000
7.124113
8.101636
9.216277
10.341746
11.351751
12.120000
12.552792
12.686793
12.591258
12.335444
11.988606
11.620000
11.280505
10.947488
10.579939
10.136848
9.577205
8.860000
7.963476
6.942886
5.872737
4.827535
3.881787
3.110000
2.569806
2.251340
2.127865
2.172642
2.358933
2.660000
3.046839
3.481384
3.923304
4.332267
4.667943
4.890000
4.974691
4.964606
4.918920
4.896807
4.957443
5.160000
5.540879
6.045377
6.596016
7.115318
7.525805
7.750000
7.736562
7.538702
7.235767
6.907107
6.632068
6.490000
6.532225
6.697965
6.898416
7.044774
7.048237
6.820000
6.301390
5.554254
4.670570
3.742314
2.861465
2.120000
1.590873
1.270945
1.138055
1.170042
1.344744
1.640000
2.027620
2.455300
2.864710
3.197517
3.395391
3.400000
3.175825
2.778595
2.286855
1.779148
1.334015
1.030000
0.925610
0.999207
1.209118
1.513670
1.871188
2.240000
2.586505
2.909391
3.215422
3.511359
3.803964
4.100000
4.406242
4.729525
5.076694
5.454598
5.870085
6.330000
6.831998
7.336954
7.796551
8.162470
8.386392
8.420000
8.235859
7.890066
7.459602
7.021449
6.652588
6.430000
6.405679
6.531672
6.735041
6.942845
7.082144
7.080000
6.885222
6.533615
6.082735
5.590136
5.113372
4.710000
4.422138
4.230164
4.099020
3.993650
3.878996
3.720000
3.497385
3.254990
3.052434
2.949338
3.005320
3.280000
3.811750
4.553952
5.438743
6.398257
7.364631
8.270000
9.060524
9.738462
10.320096
10.821708
11.259582
11.650000
12.001339
12.290349
12.485875
12.556763
12.471856
12.200000
11.728890
11.121624
10.460153
9.826425
9.302391
8.970000
8.883380
8.985377
9.191013
9.415313
9.573301
9.580000
9.371525
8.968351
8.412045
7.744173
7.006303
6.240000
5.498392
4.880851
4.498308
4.461697
4.881950
5.870000
7.478240
9.524913
11.769722
13.972371
15.892562
17.290000
17.991331
18.090977
17.750302
17.130671
16.393449
15.700000
15.184860
14.875252
14.771569
14.874203
15.183549
15.700000
16.409458
17.239866
18.104673
18.917330
19.591289
20.040000
20.201797
20.114545
19.840991
19.443884
18.985971
18.530000
18.125715
17.770845
17.450114
17.148246
16.849967
16.540000
16.210666
15.884667
15.592303
15.363871
15.229671
15.220000
15.351112
15.583078
15.861925
16.133676
16.344360
16.440000
16.384932
16.216723
15.991249
15.764387
15.592012
15.530000
15.613327
15.793363
16.000579
16.165444
16.218427
16.090000
15.731899
15.180935
14.495185
13.732727
12.951640
12.210000
11.553382
10.977341
10.464930
9.999202
9.563208
9.140000
8.714297
8.277479
7.822593
7.342687
6.830807
6.280000
5.693321
5.113856
4.594698
4.188940
3.949676
3.930000
4.171447
4.669320
5.407366
6.369331
7.538960
8.900000
10.415337
11.964420
13.405839
14.598182
15.400039
15.670000
15.327158
14.532629
13.508029
12.474979
11.655096
11.270000
11.469733
12.118028
13.007045
13.928941
14.675873
15.040000
14.868957
14.232295
13.255040
12.062221
10.778865
9.530000
8.419716
7.468348
6.675295
6.039954
5.561723
5.240000
5.078152
5.095424
5.315031
5.760186
6.454104
7.420000
8.662213
10.109584
11.672082
13.259672
14.782322
16.150000
17.283645
18.148090
18.719142
18.972607
18.884291
18.430000
17.611402
16.533610
15.327599
14.124344
13.054819
12.250000
11.802321
11.650062
11.692961
11.830757
11.963191
11.990000
11.837785
11.540587
11.159307
10.754849
10.388112
10.120000
9.998021
10.016110
10.154809
10.394663
10.716212
11.100000
11.531892
12.019049
12.573955
13.209092
13.936946
14.770000
15.699873
16.634731
17.461872
18.068597
18.342206
18.170000
17.489031
16.435362
15.194808
13.953186
12.896312
12.210000
12.029143
12.284934
12.857646
13.627547
14.474908
15.280000
15.943287
16.446012
16.789610
16.975516
17.005168
16.880000
16.609281
16.233610
15.801416
15.361129
14.961181
14.650000
14.465559
14.403992
14.450977
14.592189
14.813304
15.100000
15.422881
15.692272
15.803426
15.651597
15.132037
14.140000
12.631296
10.803956
8.916568
7.227721
5.996002
5.480000
5.852862
6.945980
8.505302
10.276779
12.006362
13.440000
14.381930
14.869533
14.998475
14.864423
14.563042
14.190000
13.828027
13.508109
13.248297
13.066641
12.981192
13.010000
13.155500
13.357661
13.540837
13.629383
13.547653
13.220000
12.603725
11.787915
10.894604
10.045826
9.363613
8.970000
8.951544
9.252900
9.783245
10.451758
11.167617
11.840000
12.392505
12.806411
13.077416
13.201217
13.173512
12.990000
12.655610
12.212196
11.710842
11.202635
10.738659
10.370000
10.133666
10.010362
9.966715
9.969354
9.984906
9.980000
9.928893
9.836357
9.714798
9.576616
9.434216
9.300000
9.190764
9.140875
9.189094
9.374181
9.734896
10.310000
11.119024
12.104587
13.190076
14.298882
15.354394
16.280000
17.013648
17.551519
17.904351
18.082883
18.097853
17.960000
17.679484
17.264151
16.721269
16.058105
15.281926
14.400000
13.424711
12.388913
11.330573
10.287661
9.298147
8.400000
7.623707
6.969828
6.431440
6.001621
5.673449
5.440000
5.292127
5.211775
5.178666
5.172521
5.173058
5.160000
5.114360
5.022330
4.871394
4.649037
4.342744
3.940000
3.443210
2.914460
2.430757
2.069109
1.906521
2.020000
2.456736
3.144645
3.981827
4.866380
5.696405
6.370000
6.806514
7.010294
7.006936
6.822037
6.481193
6.010000
5.438134
4.811587
4.180429
3.594732
3.104565
2.760000
2.597847
2.601877
2.742597
2.990518
3.316149
3.690000
4.088161
4.509055
4.956682
5.435047
5.948152
6.500000
7.082886
7.642275
8.111924
8.425590
8.517030
8.320000
7.799553
7.045918
6.180620
5.325185
4.601137
4.130000
4.001033
4.174424
4.578094
5.139966
5.787961
6.450000
7.064418
7.611202
8.080752
8.463468
8.749751
8.930000
9.006527
9.029287
9.060147
9.160975
9.393637
9.820000
10.482670
11.347206
12.359909
13.467076
14.615007
15.750000
16.822980
17.803370
18.665219
19.382574
19.929485
20.280000
20.419299
20.377092
20.194217
19.911517
19.569831
19.210000
18.867045
18.552708
18.272913
18.033581
17.840636
17.700000
17.609928
17.538001
17.444133
17.288234
17.030219
16.630000
16.067733
15.404545
14.721807
14.100890
13.623164
13.370000
13.389511
13.596781
13.873638
14.101909
14.163420
13.940000
13.357187
12.515367
11.558640
10.631104
9.876858
9.440000
9.418410
9.725085
10.226803
10.790343
11.282483
11.570000
11.553666
11.270220
10.790398
10.184931
9.524554
8.880000
8.313132
7.850331
7.509106
7.306970
7.261431
7.390000
7.693436
8.105494
8.543176
8.923486
9.163426
9.180000
8.914650
8.406581
7.719438
6.916863
6.062503
5.220000
4.447824
3.783736
3.260323
2.910172
2.765869
2.860000
3.207667
3.754031
4.426770
5.153559
5.862077
6.480000
6.962528
7.374955
7.810098
8.360775
9.119804
10.180000
11.593425
13.249112
14.995337
16.680376
18.152505
19.260000
19.893123
20.110077
20.011053
19.696239
19.265825
18.820000
18.435195
18.092801
17.750452
17.365780
16.896419
16.300000
15.551932
14.698719
13.804640
12.933974
12.151001
11.520000
11.084486
10.804917
10.620989
10.472397
10.298836
10.040000
9.654709
9.178280
8.665153
8.169770
7.746572
7.450000
7.316771
7.312705
7.385898
7.484448
7.556449
7.550000
7.429181
7.222013
6.972505
6.724662
6.522491
6.410000
6.414284
6.494798
6.594083
6.654684
6.619142
6.430000
6.048172
5.508054
4.862412
4.164011
3.465619
2.820000
2.273072
1.843356
1.542519
1.382235
1.374171
1.530000
1.851945
2.304450
2.842510
3.421124
3.995288
4.520000
4.961230
5.328846
5.643690
5.926602
6.198425
6.480000
6.785912
7.105722
7.422732
7.720246
7.981567
8.190000
8.335954
8.438267
8.522884
8.615749
8.742806
8.930000
9.193697
9.511950
9.853233
10.186020
10.478784
10.700000
10.829164
10.889857
10.916684
10.944247
11.007152
11.140000
11.365805
11.661214
11.991282
12.321065
12.615619
12.840000
12.970996
13.032326
13.059440
13.087789
13.152826
13.290000
13.521739
13.818373
14.137210
14.435555
14.670716
14.800000
14.793669
14.673812
14.475472
14.233694
13.983522
13.760000
13.591594
13.480454
13.422152
13.412261
13.446353
13.520000
13.627225
13.755855
13.892169
14.022446
14.132963
14.210000
14.243581
14.238718
14.204170
14.148696
14.081053
14.010000
13.941183
13.867790
13.779900
13.667587
13.520928
13.330000
13.089050
12.809010
12.504982
12.192069
11.885374
11.600000
11.346553
11.117653
10.901424
10.685989
10.459474
10.210000
9.929183
9.622602
9.299323
8.968418
8.638954
8.320000
8.018381
7.731941
7.456283
7.187006
6.919711
6.650000
6.374516
6.094078
5.810546
5.525782
5.241646
4.960000
4.682581
4.410635
4.145282
3.887644
3.638843
3.400000
3.174048
2.971161
2.803327
2.682531
2.620760
2.630000
2.713543
2.839907
2.968911
3.060381
3.074136
2.970000
2.726269
2.395139
2.047277
1.753354
1.584039
1.610000
1.879110
2.348057
2.950729
3.621017
4.292810
4.900000
5.390483
5.768190
6.051057
6.257023
6.404025
6.510000
6.595623
6.692517
6.835041
7.057557
7.394423
7.880000
8.530867
9.292484
10.092527
10.858675
11.518607
12.000000
12.253037
12.317919
12.257351
12.134038
12.010686
11.950000
11.999068
12.142508
12.349320
12.588506
12.829066
13.040000
13.197034
13.302791
13.366618
13.397864
13.405875
13.400000
13.386130
13.356329
13.299207
13.203372
13.057434
12.850000
12.574374
12.242634
11.871554
11.477907
11.078464
10.690000
10.325912
9.986096
9.667076
9.365372
9.077506
8.800000
8.533970
8.298906
8.118892
8.018014
8.020355
8.150000
8.417422
8.778652
9.176106
9.552203
9.849362
10.010000
9.994627
9.836118
9.585435
9.293545
9.011412
8.790000
8.669808
8.649470
8.717153
8.861024
9.069251
9.330000
9.628593
9.938963
10.232201
10.479394
10.651631
10.720000
10.665359
10.507639
10.276542
10.001769
9.713022
9.440000
9.205205
9.002333
8.817880
8.638343
8.450218
8.240000
7.998637
7.734881
7.461936
7.193006
6.941292
6.720000
6.537284
6.381104
6.234374
6.080005
5.900909
5.680000
5.415052
5.163294
4.996818
4.987716
5.208079
5.730000
6.591767
7.696460
8.913354
10.111724
11.160848
11.930000
12.325193
12.399385
12.242268
11.943536
11.592882
11.280000
11.076996
10.985631
10.990076
11.074504
11.223088
11.420000
11.647145
11.877352
12.081180
12.229191
12.291944
12.240000
12.055627
11.767926
11.417705
11.045771
10.692933
10.400000
10.197799
10.077240
10.019252
10.004763
10.014703
10.030000
10.036925
10.043113
10.061538
10.105178
10.187006
10.320000
10.510380
10.737346
10.973345
11.190823
11.362226
11.460000
11.467112
11.408614
11.320081
11.237085
11.195200
11.230000
11.362793
11.557826
11.765081
11.934541
12.016186
11.960000
11.722550
11.286748
10.642094
9.778085
8.684221
7.350000
5.799230
4.192959
2.726544
1.595341
0.994707
1.120000
2.091224
3.726971
5.770482
7.964997
10.053756
11.780000
12.949116
13.615083
13.894029
13.902079
13.755360
13.570000
13.436849
13.345658
13.260903
13.147058
12.968598
12.690000
12.293024
11.828579
11.364860
10.970060
10.712375
10.660000
10.854017
11.227062
11.684659
12.132332
12.475604
12.620000
12.503593
12.194654
11.794005
11.402465
11.120857
11.050000
11.256889
11.673210
12.196822
12.725585
13.157358
13.390000
13.349684
13.075839
12.636206
12.098528
11.530545
11.000000
10.560716
10.210840
9.934602
9.716230
9.539953
9.390000
9.255785
9.147466
9.080386
9.069886
9.131310
9.280000
9.517068
9.786701
10.018855
10.143486
10.090549
9.790000
9.202608
8.412394
7.534193
6.682837
5.973161
5.520000
5.402314
5.555573
5.879374
6.273314
6.636991
6.870000
6.897211
6.744574
6.463312
6.104647
5.719802
5.360000
5.069539
4.865022
4.756130
4.752542
4.863939
5.100000
5.459867
5.900525
6.368420
6.810000
7.171711
7.400000
7.457661
7.372880
7.190189
6.954124
6.709216
6.500000
6.365230
6.320550
6.375822
6.540912
6.825683
7.240000
7.788779
8.457144
9.225272
10.073339
10.981523
11.930000
12.892340
13.815690
14.640591
15.307583
15.757205
15.930000
15.785842
15.361946
14.714864
13.901145
12.977340
12.000000
11.021793
10.079858
9.207454
8.437837
7.804267
7.340000
7.059766
6.904178
6.795322
6.655284
6.406148
5.970000
5.301043
4.481949
3.627508
2.852510
2.271744
2.000000
2.113840
2.536915
3.154646
3.852456
4.515766
5.030000
5.313503
5.416317
5.421409
5.411742
5.470284
5.680000
6.095990
6.661889
7.293470
7.906501
8.416755
8.740000
8.819437
8.707977
8.485963
8.233734
8.031633
7.960000
8.074134
8.329165
8.655180
8.982266
9.240510
9.360000
9.292082
9.073141
8.760818
8.412759
8.086605
7.840000
7.711889
7.666420
7.649046
7.605218
7.480385
7.220000
6.796891
6.293400
5.819246
5.484148
5.397827
5.670000
6.370501
7.409609
8.657720
9.985226
11.262522
12.360000
13.178375
13.739644
14.096124
14.300132
14.403985
14.460000
14.506647
14.526999
14.490284
14.365728
14.122558
13.730000
13.173742
12.505322
11.792739
11.103991
10.507079
10.070000
9.839125
9.774304
9.813760
9.895713
9.958386
9.940000
9.797768
9.564869
9.293472
9.035748
8.843868
8.770000
8.851748
9.068444
9.384852
9.765738
10.175865
10.580000
10.948527
11.274320
11.555870
11.791671
11.980217
12.120000
12.212291
12.269463
12.306669
12.339060
12.381786
12.450000
12.549208
12.646346
12.698703
12.663571
12.498240
12.160000
11.625505
10.948856
10.203518
9.462953
8.800626
8.290000
7.983493
7.849339
7.834726
7.886840
7.952868
7.980000
7.929549
7.819341
7.681329
7.547467
7.449706
7.420000
7.482153
7.627369
7.838706
8.099220
8.391966
8.700000
9.001748
9.257107
9.421345
9.449728
9.297524
8.920000
8.297894
7.513833
6.675915
5.892238
5.270900
4.920000
4.907555
5.141264
5.488745
5.817616
5.995495
5.890000
5.413227
4.655184
3.750355
2.833224
2.038278
1.500000
1.317591
1.449111
1.817337
2.345043
2.955005
3.570000
4.126038
4.612075
5.030299
5.382901
5.672072
5.900000
6.070385
6.192961
6.278968
6.339649
6.386246
6.430000
6.480522
6.540898
6.612579
6.697021
6.795677
6.910000
7.038961
7.171597
7.294465
7.394118
7.457111
7.470000
7.424838
7.335676
7.222062
7.103545
6.999675
6.930000
6.907658
6.920143
6.948537
6.973923
6.977383
6.940000
6.852307
6.742641
6.648790
6.608540
6.659681
6.840000
7.170429
7.604478
8.078805
8.530063
8.894910
9.110000
9.136071
9.030186
8.873492
8.747132
8.732253
8.910000
9.337278
9.974035
10.755978
11.618815
12.498253
13.330000
14.062177
14.692561
15.231345
15.688718
16.074873
16.400000
16.668458
16.861274
16.953643
16.920757
16.737811
16.380000
15.842601
15.201230
14.551585
13.989365
13.610271
13.510000
13.751091
14.263436
14.943768
15.688818
16.395318
16.960000
17.300026
17.414284
17.322092
17.042768
16.595632
16.000000
15.274406
14.434242
13.494114
12.468626
11.372387
10.220000
9.036978
7.892450
6.866453
6.039022
5.490193
5.300000
5.524025
6.120030
7.021323
8.161211
9.473000
10.890000
12.346273
13.778909
15.125754
16.324654
17.313454
18.030000
18.430465
18.544332
18.419409
18.103507
17.644434
17.090000
16.487004
15.878207
15.305358
14.810207
14.434504
14.220000
14.184064
14.246544
14.302909
14.248628
13.979169
13.390000
12.421278
11.191913
9.865504
8.605650
7.575949
6.940000
6.808371
7.079507
7.598823
8.211734
8.763655
9.100000
9.109313
8.852651
8.434203
7.958153
7.528690
7.250000
7.190350
7.274332
7.390616
7.427874
7.274778
6.820000
5.993962
4.894096
3.659585
2.429609
1.343354
0.540000
0.120374
0.031876
0.183546
0.484429
0.843566
1.170000
1.392920
1.522105
1.587480
1.618971
1.646502
1.700000
1.801324
1.940074
2.097782
2.255984
2.396212
2.500000
2.555857
2.580192
2.596390
2.627834
2.697909
2.830000
3.041405
3.325083
3.667908
4.056754
4.478493
4.920000
5.364448
5.780215
6.131976
6.384410
6.502192
6.450000
6.207144
5.811465
5.315436
4.771533
4.232230
3.750000
3.365634
3.073186
2.855028
2.693531
2.571064
2.470000
2.376987
2.295790
2.234450
2.201011
2.203513
2.250000
2.344704
2.476616
2.630920
2.792797
2.947430
3.080000
3.180957
3.261819
3.339369
3.430393
3.551675
3.720000
3.947208
4.225368
4.541603
4.883037
5.236795
5.590000
5.931645
6.258192
6.567970
6.859311
7.130544
7.380000
7.607925
7.822236
8.032766
8.249348
8.481815
8.740000
9.028181
9.328418
9.617214
9.871074
10.066501
10.180000
10.194580
10.119276
9.969626
9.761171
9.509449
9.230000
8.936923
8.638552
8.341780
8.053502
7.780611
7.530000
7.304673
7.092073
6.875752
6.639265
6.366163
6.040000
5.652858
5.230936
4.808961
4.421661
4.103765
3.890000
3.802599
3.813815
3.883405
3.971128
4.036740
4.040000
3.952487
3.793064
3.592419
3.381235
3.190201
3.050000
2.983751
2.984299
3.036921
3.126893
3.239494
3.360000
3.479176
3.609741
3.769899
3.977858
4.251823
4.610000
5.063618
5.595998
6.183482
6.802415
7.429140
8.040000
8.616490
9.160713
9.679922
10.181370
10.672311
11.160000
11.638522
12.049298
12.320581
12.380624
12.157679
11.580000
10.612985
9.370612
8.004004
6.664283
5.502575
4.670000
4.278010
4.279366
4.587155
5.114465
5.774384
6.480000
7.156826
7.780073
8.337378
8.816377
9.204705
9.490000
9.660565
9.707378
9.622083
9.396325
9.021749
8.490000
7.802950
7.003378
6.144291
5.278694
4.459595
3.740000
3.160830
2.714666
2.382004
2.143342
1.979175
1.870000
1.801972
1.783886
1.830193
1.955345
2.173797
2.500000
2.939012
3.458310
4.015976
4.570091
5.078739
5.500000
5.803322
6.003615
6.127155
6.200215
6.249072
6.300000
6.372282
6.457228
6.539156
6.602382
6.631225
6.610000
6.530651
6.415619
6.294971
6.198774
6.157095
6.200000
6.348402
6.586593
6.889710
7.232892
7.591276
7.940000
8.259492
8.551344
8.822438
9.079657
9.329884
9.580000
9.832936
10.075809
10.291787
10.464034
10.575716
10.610000
10.560062
10.459122
10.350414
10.277170
10.282621
10.410000
10.681633
11.036220
11.391555
11.665434
11.775651
11.640000
11.207806
10.554518
9.787114
9.012574
8.337876
7.870000
7.682236
7.713117
7.867489
8.050197
8.166085
8.120000
7.843576
7.375607
6.781680
6.127380
5.478291
4.900000
4.449805
4.151862
4.022040
4.076209
4.330239
4.800000
5.483362
6.306206
7.176410
8.001857
8.690427
9.150000
9.320959
9.273687
9.111070
8.935993
8.851341
8.960000
9.329192
9.883492
10.511811
11.103061
11.546153
11.730000
11.578291
11.153826
10.554186
9.876949
9.219694
8.680000
8.332507
8.160092
8.122696
8.180256
8.292711
8.420000
8.524553
8.578767
8.557531
8.435732
8.188259
7.790000
7.230762
6.560024
5.842182
5.141633
4.522773
4.050000
3.768694
3.648174
3.638742
3.690701
3.754353
3.780000
3.727099
3.591724
3.379099
3.094453
2.743011
2.330000
1.868047
1.399376
0.973611
0.640377
0.449299
0.450000
0.672982
1.072256
1.582707
2.139224
2.676692
3.130000
3.451320
3.661972
3.800561
3.905691
4.015969
4.170000
4.393449
4.660226
4.931300
5.167641
5.330218
5.380000
5.292891
5.104530
4.865488
4.626338
4.437651
4.350000
4.398365
4.555357
4.777997
5.023304
5.248298
5.410000
5.475085
5.448857
5.346275
5.182298
4.971887
4.730000
4.473841
4.229586
4.025655
3.890467
3.852442
3.940000
4.172560
4.533540
4.997357
5.538428
6.131170
6.750000
7.369576
7.965513
8.513668
8.989897
9.370055
9.630000
9.756776
9.782186
9.749222
9.700875
9.680137
9.730000
9.876468
10.077594
10.274444
10.408084
10.419581
10.250000
9.866566
9.341143
8.771752
8.256417
7.893158
7.780000
7.984212
8.450057
9.091047
9.820694
10.552507
11.200000
11.695244
12.044554
12.272808
12.404883
12.465655
12.480000
12.469073
12.439133
12.392719
12.332367
12.260615
12.180000
12.093651
12.007061
11.926317
11.857501
11.806701
11.780000
11.781972
11.811140
11.864515
11.939109
12.031934
12.140000
12.255638
12.352454
12.399373
12.365321
12.219221
11.930000
11.479411
10.900525
10.239241
9.541460
8.853079
8.220000
7.683569
7.266927
6.988661
6.867359
6.921610
7.170000
7.617423
8.213989
8.896114
9.600214
10.262704
10.820000
11.219981
11.456377
11.534383
11.459193
11.236001
10.870000
10.374275
9.793465
9.180103
8.586717
8.065840
7.670000
7.432551
7.310132
7.240206
7.160233
7.007678
6.720000
6.256634
5.664896
5.014075
4.373460
3.812339
3.400000
3.192905
3.196211
3.402244
3.803334
4.391810
5.160000
6.088643
7.112114
8.153199
9.134685
9.979357
10.610000
10.974885
11.124223
11.133709
11.079036
11.035902
11.080000
11.262510
11.536549
11.830716
12.073614
12.193841
12.120000
11.805491
11.302915
10.689676
10.043176
9.440816
8.960000
8.656639
8.500680
8.440580
8.424795
8.401783
8.320000
8.141057
7.879181
7.561755
7.216161
6.869782
6.550000
6.279506
6.062227
5.897400
5.784262
5.722050
5.710000
5.742773
5.796727
5.843644
5.855308
5.803499
5.660000
5.408477
5.080124
4.718022
4.365248
4.064881
3.860000
3.777117
3.776479
3.801768
3.796664
3.704847
3.470000
3.060000
2.539514
1.997407
1.522542
1.203785
1.130000
1.358902
1.823613
2.426106
3.068353
3.652326
4.080000
4.280178
4.288996
4.169421
3.984418
3.796956
3.670000
3.653069
3.741883
3.918712
4.165827
4.465500
4.800000
5.151573
5.502361
5.834482
6.130050
6.371184
6.540000
6.624527
6.636449
6.593361
6.512860
6.412541
6.310000
6.218558
6.134435
6.049573
5.955918
5.845412
5.710000
5.546147
5.368404
5.195845
5.047543
4.942570
4.900000
4.932456
5.026762
5.163295
5.322429
5.484539
5.630000
5.739400
5.794176
5.775975
5.666446
5.447238
5.100000
4.618415
4.044313
3.431556
2.834009
2.305536
1.900000
1.657447
1.562647
1.586551
1.700110
1.874276
2.080000
2.293602
2.512877
2.740990
2.981105
3.236387
3.510000
3.801942
4.099549
4.386989
4.648431
4.868045
5.030000
5.123259
5.155965
5.141055
5.091467
5.020136
4.940000
4.861225
4.782886
4.701290
4.612740
4.513542
4.400000
4.271195
4.137305
4.011286
3.906093
3.834679
3.810000
3.838905
3.903820
3.981066
4.046964
4.077835
4.050000
3.946520
3.777416
3.559450
3.309384
3.043980
2.780000
2.533072
2.314295
2.133634
2.001055
1.926521
1.920000
1.986515
2.111329
2.274762
2.457138
2.638777
2.800000
2.927905
3.036686
3.147316
3.280764
3.458002
3.700000
4.018857
4.391185
4.784724
5.167212
5.506391
5.770000
5.934815
6.013758
6.028789
6.001867
5.954951
5.910000
5.887300
5.900449
5.961369
6.081985
6.274221
6.550000
6.911585
7.322594
7.736984
8.108710
8.391730
8.540000
8.521775
8.362507
8.101945
7.779840
7.435942
7.110000
6.834277
6.611082
6.435235
6.301559
6.204873
6.140000
6.104450
6.106500
6.157113
6.267258
6.447898
6.710000
7.050190
7.407735
7.707561
7.874596
7.833767
7.510000
6.864790
6.005896
5.077643
4.224359
3.590369
3.320000
3.512179
4.084239
4.908116
5.855745
6.799061
7.610000
8.188255
8.544556
8.717393
8.745253
8.666626
8.520000
8.340450
8.149388
7.964814
7.804725
7.687121
7.630000
7.645132
7.719373
7.833353
7.967698
8.103038
8.220000
8.303143
8.352748
8.373026
8.368186
8.342441
8.300000
8.242618
8.162225
8.048294
7.890297
7.677708
7.400000
7.052818
6.656498
6.237548
5.822476
5.437791
5.110000
4.861156
4.695487
4.612765
4.612761
4.695249
4.860000
5.103391
5.408221
5.753894
6.119812
6.485380
6.830000
7.132038
7.365702
7.504160
7.520583
7.388140
7.080000
6.582531
5.934898
5.189465
4.398595
3.614652
2.890000
2.272190
1.789521
1.465480
1.323555
1.387233
1.680000
2.213942
2.955537
3.859864
4.881998
5.977018
7.100000
8.204636
9.239071
10.150065
10.884378
11.388770
11.610000
11.511358
11.122254
10.488626
9.656415
8.671560
7.580000
6.433173
5.304508
4.272931
3.417369
2.816750
2.550000
2.668172
3.110827
3.789650
4.616329
5.502550
6.360000
7.113397
7.739592
8.228467
8.569905
8.753789
8.770000
8.620276
8.353768
8.031481
7.714420
7.463592
7.340000
7.386055
7.569782
7.840610
8.147970
8.441290
8.670000
8.796662
8.836365
8.817329
8.767776
8.715926
8.690000
8.704380
8.718093
8.676324
8.524261
8.207091
7.670000
6.886002
5.939413
4.942375
4.007032
3.245526
2.770000
2.656289
2.834998
3.200425
3.646869
4.068628
4.360000
4.443520
4.354671
4.157174
3.914749
3.691118
3.550000
3.538290
3.635579
3.804630
4.008208
4.209076
4.370000
4.465819
4.519680
4.566806
4.642419
4.781743
5.020000
5.374683
5.792367
6.201896
6.532115
6.711868
6.670000
6.360818
5.840480
5.190609
4.492824
3.828747
3.280000
2.908110
2.694230
2.599420
2.584738
2.611245
2.640000
2.639196
2.605563
2.542963
2.455261
2.346319
2.220000
2.080106
1.930186
1.773728
1.614219
1.455147
1.300000
1.153483
1.025176
0.925877
0.866382
0.857491
0.910000
1.030730
1.210591
1.436516
1.695437
1.974287
2.260000
2.539199
2.797275
3.019311
3.190388
3.295591
3.320000
3.254512
3.113273
2.916242
2.683380
2.434646
2.190000
1.966273
1.767783
1.595721
1.451276
1.335639
1.250000
1.196786
1.183374
1.218376
1.310405
1.468076
1.700000
2.006768
2.356870
2.710777
3.028955
3.271874
3.400000
3.388690
3.272848
3.102266
2.926737
2.796050
2.760000
2.851852
3.038774
3.271407
3.500395
3.676378
3.750000
3.688578
3.526131
3.313354
3.100944
2.939594
2.880000
2.954532
3.122259
3.323925
3.500275
3.592052
3.540000
3.306304
2.938907
2.507195
2.080550
1.728357
1.520000
1.505392
1.656556
1.926047
2.266416
2.630216
2.970000
3.246852
3.455979
3.601119
3.686010
3.714391
3.690000
3.616460
3.496936
3.334478
3.132136
2.892960
2.620000
2.321012
2.022573
1.755969
1.552483
1.443398
1.460000
1.621808
1.901289
2.259145
2.656081
3.052798
3.410000
3.692497
3.881531
3.962449
3.920601
3.741335
3.410000
2.925842
2.343699
1.732307
1.160402
0.696721
0.410000
0.350016
0.490712
0.787074
1.194086
1.666733
2.160000
2.637012
3.093454
3.533149
3.959922
4.377598
4.790000
5.200408
5.609918
6.019081
6.428449
6.838571
7.250000
7.660569
8.057245
8.424276
8.745913
9.006404
9.190000
9.285048
9.296289
9.232565
9.102715
8.915580
8.680000
8.403453
8.087969
7.734215
7.342857
6.914563
6.450000
5.955583
5.460722
5.000575
4.610300
4.325056
4.180000
4.193566
4.317290
4.485984
4.634460
4.697528
4.610000
4.329689
3.906412
3.412987
2.922232
2.506963
2.240000
2.171843
2.263726
2.454567
2.683281
2.888786
3.010000
3.001503
2.880534
2.679996
2.432793
2.171826
1.930000
1.736497
1.605619
1.547948
1.574067
1.694557
1.920000
2.249269
2.634398
3.015712
3.333534
3.528188
3.540000
3.333139
2.967158
2.525455
2.091429
1.748478
1.580000
1.642249
1.882896
2.222468
2.581491
2.880493
3.040000
3.005691
2.823852
2.565925
2.303347
2.107559
2.050000
2.183276
2.484658
2.912584
3.425491
3.981817
4.540000
5.061345
5.518627
5.887491
6.143579
6.262534
6.220000
6.006067
5.668610
5.269953
4.872417
4.538325
4.330000
4.292582
4.402487
4.618948
4.901198
5.208471
5.500000
5.745225
5.954405
6.148007
6.346496
6.570339
6.840000
7.166334
7.521745
7.869025
8.170966
8.390360
8.490000
8.447958
8.303430
8.110894
7.924825
7.799702
7.790000
7.928455
8.160830
8.411150
8.603437
8.661712
8.510000
8.096881
7.469174
6.698255
5.855502
5.012291
4.240000
3.595965
3.081363
2.683329
2.389000
2.185512
2.060000
2.001388
2.005744
2.070927
2.194793
2.375198
2.610000
2.893948
3.209363
3.535461
3.851457
4.136565
4.370000
4.537035
4.647174
4.715978
4.759009
4.791829
4.830000
4.882496
4.931942
4.954377
4.925840
4.822368
4.620000
4.308723
3.934318
3.556514
3.235040
3.029625
3.000000
3.185297
3.542268
4.007069
4.515854
5.004779
5.410000
5.684440
5.848090
5.937712
5.990064
6.041907
6.130000
6.280648
6.478334
6.697084
6.910927
7.093890
7.220000
7.269681
7.248946
7.170201
7.045857
6.888320
6.710000
6.522988
6.338106
6.165861
6.016757
5.901302
5.830000
5.809201
5.828630
5.873856
5.930447
5.983972
6.020000
6.029236
6.022929
6.017466
6.029232
6.074615
6.170000
6.323949
6.513729
6.708782
6.878549
6.992475
7.020000
6.941866
6.784008
6.583658
6.378052
6.204421
6.100000
6.091133
6.160611
6.280335
6.422207
6.558128
6.660000
6.706471
6.703178
6.662501
6.596825
6.518530
6.440000
6.371083
6.311493
6.258410
6.209013
6.160484
6.110000
6.055353
5.996775
5.935109
5.871196
5.805879
5.740000
5.674124
5.607702
5.539905
5.469908
5.396882
5.320000
5.238567
5.152418
5.061520
4.965839
4.865344
4.760000
4.647950
4.520034
4.365266
4.172662
3.931235
3.630000
3.267456
2.880039
2.513665
2.214255
2.027727
2.000000
2.159400
2.463886
2.853823
3.269577
3.651514
3.940000
4.091378
4.125899
4.079793
3.989288
3.890614
3.820000
3.806293
3.848814
3.939506
4.070307
4.233158
4.420000
4.622525
4.831436
5.037185
5.230226
5.401013
5.540000
5.641290
5.713590
5.769255
5.820641
5.880104
5.960000
6.069766
6.207166
6.367045
6.544247
6.733617
6.930000
7.130339
7.339966
7.566315
7.816816
8.098900
8.420000
8.776611
9.121486
9.396445
9.543304
9.503883
9.220000
8.658450
7.885940
6.994156
6.074781
5.219501
4.520000
4.047923
3.794753
3.731932
3.830905
4.063113
4.400000
4.810044
5.249864
5.673115
6.033451
6.284528
6.380000
6.289402
6.045792
5.698109
5.295290
4.886274
4.520000
4.232996
4.012152
3.831950
3.666870
3.491393
3.280000
3.014865
2.708933
2.382842
2.057231
1.752737
1.490000
1.290461
1.178783
1.180432
1.320873
1.625574
2.120000
2.815049
3.663342
4.602931
5.571869
6.508208
7.350000
8.046010
8.587851
8.977846
9.218319
9.311596
9.260000
9.074290
8.798959
8.486937
8.191151
7.964529
7.860000
7.914377
8.100016
8.373157
8.690040
9.006908
9.280000
9.479220
9.629126
9.767937
9.933873
10.165154
10.500000
10.959112
11.493110
12.035096
12.518173
12.875440
13.040000
12.971648
12.736953
12.429177
12.141585
11.967438
12.000000
12.298834
12.788709
13.360694
13.905858
14.315270
14.480000
14.325376
13.913766
13.341797
12.706095
12.103287
11.630000
11.355263
11.237708
11.208369
11.198282
11.138481
10.960000
10.617509
10.160218
9.660976
9.192628
8.828020
8.640000
8.677666
8.895122
9.222727
9.590837
9.929809
10.170000
10.259236
10.215219
10.073116
9.868100
9.635338
9.410000
9.217056
9.040670
8.854807
8.633432
8.350508
7.980000
7.509439
6.980620
6.448904
5.969655
5.598233
5.390000
5.377967
5.505740
5.694575
5.865726
5.940450
5.840000
5.511286
5.003826
4.392795
3.753365
3.160709
2.690000
2.397955
2.267472
2.262993
2.348960
2.489815
2.650000
2.799069
2.927024
3.028981
3.100053
3.135354
3.130000
3.084241
3.018874
2.959833
2.933051
2.964462
3.080000
3.294291
3.576739
3.885437
4.178483
4.413972
4.550000
4.559380
4.473801
4.339668
4.203386
4.111361
4.110000
4.229483
4.435094
4.675892
4.900936
5.059286
5.100000
4.990928
4.775082
4.514264
4.270277
4.104921
4.080000
4.238795
4.550502
4.965800
5.435365
5.909872
6.340000
6.683245
6.924389
7.055034
7.066783
6.951238
6.700000
6.314984
5.839348
5.326562
4.830096
4.403418
4.100000
3.954781
3.928588
3.963717
4.002464
3.987126
3.860000
3.583066
3.197040
2.762320
2.339308
1.988401
1.770000
1.728695
1.845846
2.087002
2.417712
2.803528
3.210000
3.604791
3.964021
4.265923
4.488732
4.610679
4.610000
4.475983
4.242144
3.953055
3.653287
3.387411
3.200000
3.124841
3.152587
3.263106
3.436269
3.651944
3.890000
4.132338
4.368990
4.592019
4.793488
4.965461
5.100000
5.190805
5.238119
5.243817
5.209779
5.137881
5.030000
4.891245
4.739646
4.596461
4.482952
4.420378
4.430000
4.524631
4.683299
4.876587
5.075079
5.249356
5.370000
5.414631
5.389011
5.305939
5.178214
5.018635
4.840000
4.655550
4.480288
4.329657
4.219103
4.164069
4.180000
4.272707
4.409469
4.547932
4.645744
4.660551
4.550000
4.290198
3.931098
3.541114
3.188660
2.942151
2.870000
3.015021
3.317622
3.692613
4.054800
4.318993
4.400000
4.239719
3.888413
3.423435
2.922138
2.461875
2.120000
1.955038
1.950207
2.069897
2.278499
2.540403
2.820000
3.086471
3.328166
3.538225
3.709790
3.836002
3.910000
3.929355
3.909351
3.869701
3.830117
3.810313
3.830000
3.903006
4.019614
4.164220
4.321222
4.475016
4.610000
4.715519
4.800712
4.879668
4.966476
5.075224
5.220000
5.409411
5.630132
5.863357
6.090282
6.292098
6.450000
6.552163
6.614687
6.660652
6.713139
6.795228
6.930000
7.131473
7.377416
7.636534
7.877534
8.069120
8.180000
8.189582
8.120093
8.004460
7.875614
7.766485
7.710000
7.730013
7.814066
7.940625
8.088156
8.235126
8.360000
8.446432
8.498831
8.526791
8.539908
8.547780
8.560000
8.581156
8.595797
8.583463
8.523692
8.396024
8.180000
7.862785
7.462054
7.003109
6.511251
6.011780
5.530000
5.087008
4.687096
4.330351
4.016861
3.746715
3.520000
3.337746
3.204746
3.126737
3.109453
3.158629
3.280000
3.476545
3.740215
4.060201
4.425699
4.825901
5.250000
5.685564
6.113655
6.513708
6.865159
7.147445
7.340000
7.429856
7.434426
7.378718
7.287738
7.186497
7.100000
7.050057
7.045678
7.092672
7.196850
7.364023
7.600000
7.902786
8.239160
8.568095
8.848564
9.039542
9.100000
9.003013
8.778054
8.468699
8.118522
7.771098
7.470000
7.248682
7.100104
7.007108
6.952532
6.919216
6.890000
6.848465
6.781158
6.675369
6.518386
6.297500
6.000000
5.620978
5.186746
4.731418
4.289107
3.893930
3.580000
3.371371
3.251857
3.195211
3.175184
3.165529
3.140000
3.078999
2.989528
2.885240
2.779788
2.686823
2.620000
2.587310
2.574105
2.560080
2.524925
2.448334
2.310000
2.102364
1.868865
1.665692
1.549031
1.575071
1.800000
2.251567
2.843766
3.462153
3.992284
4.319715
4.330000
3.957803
3.334218
2.639444
2.053683
1.757135
1.930000
2.690645
3.910103
5.397569
6.962242
8.413320
9.560000
10.258365
10.552038
10.531529
10.287347
9.910001
9.490000
9.103488
8.769152
8.491313
8.274294
8.122415
8.040000
8.026618
8.062836
8.124468
8.187329
8.227235
8.220000
8.149669
8.033209
7.895815
7.762685
7.659014
7.610000
7.631511
7.702107
7.791021
7.867486
7.900735
7.860000
7.724704
7.515030
7.261350
6.994037
6.743462
6.540000
6.405367
6.326662
6.282329
6.250812
6.210554
6.140000
6.029106
5.913877
5.841834
5.860494
6.017376
6.360000
6.913859
7.616347
8.382836
9.128694
9.769292
10.220000
10.423330
10.430363
10.319323
10.168434
10.055918
10.060000
10.236757
10.553681
10.956121
11.389423
11.798933
12.130000
12.343023
12.458615
12.512443
12.540172
12.577469
12.660000
12.809809
12.994450
13.167857
13.283963
13.296699
13.160000
12.845381
12.394696
11.867379
11.322867
10.820595
10.420000
10.163434
10.024915
9.961378
9.929756
9.886986
9.790000
9.608244
9.361200
9.080861
8.799220
8.548268
8.360000
8.254193
8.201767
8.161429
8.091884
7.951839
7.700000
7.308921
6.806547
6.234674
5.635096
5.049606
4.520000
4.083227
3.756859
3.553624
3.486251
3.567467
3.810000
4.213960
4.728981
5.292079
5.840271
6.310572
6.640000
6.782648
6.760923
6.614310
6.382295
6.104364
5.820000
5.565079
5.361032
5.225681
5.176844
5.232344
5.410000
5.713888
6.093096
6.482968
6.818847
7.036077
7.070000
6.876917
6.496955
5.991198
5.420731
4.846637
4.330000
3.917843
3.600936
3.355989
3.159711
2.988812
2.820000
2.634768
2.433746
2.222345
2.005979
1.790060
1.580000
1.383038
1.213710
1.088380
1.023410
1.035162
1.140000
1.345535
1.624377
1.940385
2.257419
2.539338
2.750000
2.865100
2.907671
2.912579
2.914692
2.948877
3.050000
3.245221
3.530865
3.895548
4.327887
4.816499
5.350000
5.919200
6.523684
7.165228
7.845611
8.566609
9.330000
10.131635
10.943659
11.732289
12.463744
13.104242
13.620000
13.987083
14.220940
14.346866
14.390154
14.376101
14.330000
14.269754
14.183691
14.052748
13.857861
13.579967
13.200000
12.706726
12.120221
11.468391
10.779141
10.080375
9.400000
8.757278
8.136905
7.514937
6.867427
6.170430
5.400000
4.544301
3.639935
2.735611
1.880040
1.121933
0.510000
0.082831
0.000000
0.000000
0.000000
0.082856
0.450000
0.938401
1.528127
2.197665
2.925500
3.690116
4.470000
5.241113
5.969322
6.617971
7.150405
7.529966
7.720000
7.700575
7.518660
7.237951
6.922141
6.634926
6.440000
6.383070
6.437889
6.560226
6.705845
6.830515
6.890000
6.856915
6.771264
6.689896
6.669662
6.767414
7.040000
7.524176
8.176315
8.932690
9.729579
10.503257
11.190000
11.739944
12.158663
12.465593
12.680170
12.821827
12.910000
12.963457
12.998293
13.029936
13.073817
13.145362
13.260000
13.428175
13.640389
13.882161
14.139008
14.396448
14.640000
14.857409
15.045336
15.202670
15.328299
15.421113
15.480000
15.504040
15.493081
15.447159
15.366313
15.250581
15.100000
14.915411
14.700859
14.461194
14.201264
13.925916
13.640000
13.345706
13.034593
12.695564
12.317521
11.889366
11.400000
10.846211
10.256324
9.666549
9.113096
8.632177
8.260000
8.020145
7.885668
7.816990
7.774538
7.718733
7.610000
7.423717
7.195080
6.974239
6.811346
6.756549
6.860000
7.151098
7.576235
8.061052
8.531191
8.912293
9.130000
9.132587
8.958871
8.670303
8.328334
7.994416
7.730000
7.589434
7.598653
7.776487
8.141769
8.713330
9.510000
10.532038
11.705407
12.937498
14.135701
15.207404
16.060000
16.625608
16.935273
17.044770
17.009873
16.886358
16.730000
16.582567
16.429797
16.243424
15.995178
15.656793
15.200000
14.608801
13.916279
13.167786
12.408673
11.684294
11.040000
10.510839
10.090641
9.762933
9.511239
9.319086
9.170000
9.047796
8.937452
8.824233
8.693407
8.530241
8.320000
8.055151
7.756958
7.453884
7.174390
6.946942
6.800000
6.756552
6.817678
6.978982
7.236068
7.584539
8.020000
8.527576
9.050478
9.521438
9.873190
10.038467
9.950000
9.567821
8.961153
8.226515
7.460430
6.759418
6.220000
5.912344
5.801208
5.825000
5.922125
6.030990
6.090000
6.049980
5.911421
5.687234
5.390328
5.033614
4.630000
4.197460
3.774218
3.403564
3.128784
2.993166
3.040000
3.301940
3.769112
4.421011
5.237129
6.196961
7.280000
8.454641
9.644887
10.763642
11.723810
12.438294
12.820000
12.820282
12.544302
12.135671
11.738002
11.494908
11.550000
11.998768
12.744203
13.641175
14.544553
15.309205
15.790000
15.885759
15.671109
15.264629
14.784898
14.350496
14.080000
14.061993
14.265065
14.627809
15.088817
15.586683
16.060000
16.455205
16.750113
16.930386
16.981685
16.889669
16.640000
16.227328
15.682261
15.044396
14.353333
13.648668
12.970000
12.355346
11.836400
11.443279
11.206095
11.154964
11.320000
11.711984
12.264360
12.891239
13.506732
14.024948
14.360000
14.452876
14.352086
14.133015
13.871052
13.641585
13.520000
13.561187
13.738038
14.002951
14.308318
14.606536
14.850000
15.003349
15.080205
15.106432
15.107897
15.110464
15.140000
15.216573
15.337068
15.492570
15.674169
15.872949
16.080000
16.281237
16.441895
16.522036
16.481725
16.281025
15.880000
15.260053
14.487947
13.651785
12.839671
12.139709
11.640000
11.400960
11.372245
11.475823
11.633664
11.767733
11.800000
11.668609
11.376407
10.942421
10.385674
9.725193
8.980000
8.175301
7.361015
6.593243
5.928083
5.421636
5.130000
5.092040
5.277680
5.639608
6.130512
6.703080
7.310000
7.907001
8.461967
8.945825
9.329500
9.583916
9.680000
9.603568
9.400006
9.129592
8.852601
8.629311
8.520000
8.565300
8.727266
8.948309
9.170838
9.337265
9.390000
9.288009
9.056484
8.737173
8.371824
8.002183
7.670000
7.409052
7.221240
7.100498
7.040755
7.035945
7.080000
7.163468
7.263368
7.353336
7.407007
7.398016
7.300000
7.092538
6.778989
6.368657
5.870846
5.294859
4.650000
3.955130
3.267341
2.653284
2.179608
1.912963
1.920000
2.239442
2.798313
3.495707
4.230722
4.902454
5.410000
5.682054
5.765705
5.737638
5.674541
5.653099
5.750000
6.017110
6.407017
6.847491
7.266300
7.591213
7.750000
7.694554
7.473265
7.158650
6.823223
6.539502
6.380000
6.396436
6.557331
6.810411
7.103400
7.384021
7.600000
7.710075
7.717040
7.634706
7.476882
7.257377
6.990000
6.691877
6.393397
6.128264
5.930184
5.832861
5.870000
6.063251
6.386040
6.799738
7.265716
7.745347
8.200000
8.601139
8.960593
9.300285
9.642136
10.008067
10.420000
10.891036
11.398995
11.912872
12.401667
12.834377
13.180000
13.415965
13.553428
13.611976
13.611196
13.570675
13.510000
13.448853
13.407293
13.405474
13.463549
13.601674
13.840000
14.186308
14.598882
15.023629
15.406458
15.693279
15.830000
15.781145
15.585699
15.301261
14.985432
14.695812
14.490000
14.406565
14.407953
14.437576
14.438849
14.355186
14.130000
13.723381
13.162119
12.489684
11.749540
10.985157
10.240000
9.548292
8.907273
8.304940
7.729286
7.168308
6.610000
6.051970
5.530268
5.090558
4.778501
4.639761
4.720000
5.043412
5.548320
6.151579
6.770042
7.320564
7.720000
7.910631
7.936451
7.866877
7.771331
7.719232
7.780000
7.999155
8.326618
8.688412
9.010559
9.219081
9.240000
9.026916
8.643744
8.181974
7.733099
7.388610
7.240000
7.344986
7.626185
7.972443
8.272602
8.415507
8.290000
7.823187
7.095218
6.224504
5.329456
4.528484
3.940000
3.648006
3.598867
3.704540
3.876982
4.028150
4.070000
3.942105
3.694500
3.404836
3.150764
3.009935
3.060000
3.351862
3.829430
4.409866
5.010332
5.547990
5.940000
6.124013
6.119632
5.966949
5.706055
5.377042
5.020000
4.672178
4.359448
4.104837
3.931373
3.862085
3.920000
4.117228
4.422207
4.792454
5.185490
5.558832
5.870000
6.088677
6.233207
6.334096
6.421853
6.526985
6.680000
6.901350
7.171263
7.459912
7.737469
7.974108
8.140000
8.212914
8.201002
8.120007
7.985678
7.813760
7.620000
7.421252
7.238805
7.095059
7.012410
7.013258
7.120000
7.342819
7.643037
7.969758
8.272088
8.499134
8.600000
8.540990
8.357196
8.100910
7.824421
7.580021
7.420000
7.382805
7.451512
7.595353
7.783560
7.985365
8.170000
8.310381
8.394162
8.412677
8.357264
8.219260
7.990000
7.668863
7.287396
6.885188
6.501827
6.176901
5.950000
5.849952
5.862549
5.962821
6.125799
6.326515
6.540000
6.747438
6.954630
7.173529
7.416088
7.694260
8.020000
8.402284
8.838189
9.321813
9.847257
10.408619
11.000000
11.612590
12.225947
12.816718
13.361552
13.837097
14.220000
14.495270
14.681356
14.805064
14.893202
14.972578
15.070000
15.205587
15.372704
15.558027
15.748233
15.929999
16.090000
16.214095
16.284866
16.284078
16.193495
15.994881
15.670000
15.211784
14.657832
14.056911
13.457787
12.909228
12.460000
12.145297
11.946028
11.829528
11.763133
11.714178
11.650000
11.544897
11.401018
11.227476
11.033384
10.827855
10.620000
10.417755
10.224345
10.041817
9.872219
9.717597
9.580000
9.458851
9.343084
9.219006
9.072926
8.891155
8.660000
8.373691
8.058135
7.747161
7.474595
7.274265
7.180000
7.212311
7.338450
7.512352
7.687954
7.819191
7.860000
7.780444
7.615102
7.414680
7.229885
7.111423
7.110000
7.258041
7.514845
7.821426
8.118802
8.347988
8.450000
8.385492
8.193667
7.933365
7.663427
7.442692
7.330000
7.365267
7.512708
7.717612
7.925269
8.080969
8.130000
8.036957
7.843648
7.611186
7.400682
7.273249
7.290000
7.490933
7.831588
8.246396
8.669781
9.036174
9.280000
9.354174
9.285554
9.119482
8.901304
8.676362
8.490000
8.372371
8.292864
8.205675
8.065004
7.825046
7.440000
6.880786
6.185214
5.407816
4.603126
3.825677
3.130000
2.560689
2.122578
1.810560
1.619529
1.544377
1.580000
1.718447
1.940399
2.223693
2.546166
2.885656
3.220000
3.531447
3.819899
4.089667
4.345065
4.590405
4.830000
5.066133
5.292968
5.502639
5.687278
5.839021
5.950000
6.017168
6.056747
6.089778
6.137304
6.220364
6.360000
6.568993
6.827082
7.105747
7.376469
7.610727
7.780000
7.868066
7.907889
7.944732
8.023856
8.190525
8.490000
8.951013
9.536178
10.191576
10.863291
11.497404
12.040000
12.448853
12.728511
12.895214
12.965203
12.954718
12.880000
12.754454
12.580148
12.356317
12.082192
11.757009
11.380000
10.959627
10.541266
10.179519
9.928990
9.844283
9.980000
10.363565
10.913678
11.521858
12.079626
12.478500
12.610000
12.400974
11.919578
11.269298
10.553618
9.876024
9.340000
9.024068
8.906899
8.942200
9.083678
9.285043
9.500000
9.690717
9.853198
9.991904
10.111298
10.215842
10.310000
10.395887
10.466237
10.511436
10.521871
10.487930
10.400000
10.251336
10.046671
9.793604
9.499736
9.172668
8.820000
8.461685
8.167081
8.017899
8.095852
8.482648
9.260000
10.465537
11.960562
13.562299
15.087969
16.354795
17.180000
17.433159
17.193263
16.591656
15.759680
14.828680
13.930000
13.158863
12.466014
11.766078
10.973681
10.003446
8.770000
7.237361
5.567125
3.970281
2.657819
1.840729
1.730000
2.465443
3.902154
5.824048
8.015043
10.259055
12.340000
14.080959
15.461668
16.501026
17.217934
17.631292
17.760000
17.626462
17.267102
16.721847
16.030627
15.233368
14.370000
13.478101
12.585851
11.719085
10.903632
10.165327
9.530000
9.016136
8.612826
8.301814
8.064844
7.883658
7.740000
7.618420
7.514696
7.427408
7.355141
7.296477
7.250000
7.215090
7.194318
7.191053
7.208666
7.250525
7.320000
7.419694
7.549145
7.707129
7.892417
8.103783
8.340000
8.600118
8.884286
9.192933
9.526483
9.885363
10.270000
10.679234
11.105561
11.539891
11.973135
12.396201
12.800000
13.169705
13.467543
13.650002
13.673572
13.494741
13.070000
12.381528
11.514267
10.578850
9.685912
8.946084
8.470000
8.336638
8.498353
8.875846
9.389818
9.960969
10.510000
10.975024
11.363803
11.701515
12.013334
12.324437
12.660000
13.040120
13.464583
13.928095
14.425364
14.951097
15.500000
16.056394
16.563051
16.952355
17.156691
17.108444
16.740000
16.016572
15.034696
13.923736
12.813057
11.832024
11.110000
10.738196
10.655202
10.761450
10.957377
11.143415
11.220000
11.110087
10.826720
10.405463
9.881881
9.291538
8.670000
8.055575
7.497548
7.047949
6.758805
6.682146
6.870000
7.350899
8.059383
8.906493
9.803271
10.660759
11.390000
11.926384
12.302698
12.576081
12.803667
13.042595
13.350000
13.761390
14.225749
14.670435
15.022801
15.210204
15.160000
14.827734
14.281712
13.618431
12.934388
12.326079
11.890000
11.699481
11.735180
11.954590
12.315203
12.774509
13.290000
13.820315
14.328677
14.779457
15.137024
15.365748
15.430000
15.310602
15.054184
14.723832
14.382628
14.093656
13.920000
13.902834
13.995696
14.130216
14.238020
14.250739
14.100000
13.742228
13.233030
12.652806
12.081959
11.600889
11.290000
11.203114
11.287740
11.464811
11.655256
11.780009
11.760000
11.538049
11.144529
10.631702
10.051830
9.457176
8.900000
8.417516
7.986738
7.569632
7.128163
6.624298
6.020000
5.291332
4.470742
3.604770
2.739961
1.922856
1.200000
0.612247
0.177703
0.000000
0.000000
0.000000
0.220000
0.727226
1.398815
2.183828
3.031323
3.890360
4.710000
5.449358
6.107776
6.694651
7.219382
7.691365
8.120000
8.512796
8.869711
9.188818
9.468188
9.705891
9.900000
10.050663
10.166343
10.257577
10.334905
10.408866
10.490000
10.583671
10.674547
10.742124
10.765896
10.725356
10.600000
10.380162
10.099541
9.802676
9.534105
9.338366
9.260000
9.329059
9.517657
9.783422
10.083982
10.376965
10.620000
10.782999
10.885015
10.957386
11.031449
11.138541
11.310000
11.565287
11.876356
12.203284
12.506149
12.745029
12.880000
12.885853
12.796228
12.659478
12.523954
12.438011
12.450000
12.592828
12.837621
13.140055
13.455811
13.740566
13.950000
14.051166
14.056623
13.990301
13.876135
13.738057
13.600000
13.477876
13.355519
13.208740
13.013352
12.745168
12.380000
11.902375
11.331673
10.695989
10.023420
9.342058
8.680000
8.062626
7.504457
7.017303
6.612970
6.303266
6.100000
6.010178
6.021609
6.117299
6.280256
6.493488
6.740000
7.003559
7.270958
7.529750
7.767486
7.971719
8.130000
8.232763
8.281967
8.282452
8.239059
8.156628
8.040000
7.893583
7.720063
7.521691
7.300721
7.059406
6.800000
6.525820
6.244450
5.964535
5.694723
5.443662
5.220000
5.031283
4.880658
4.770171
4.701868
4.677796
4.700000
4.769973
4.886993
5.049781
5.257063
5.507562
5.800000
6.131232
6.490631
6.865703
7.243952
7.612883
7.960000
8.277647
8.577520
8.876156
9.190091
9.535860
9.930000
10.383876
10.888177
11.428422
11.990128
12.558814
13.120000
13.661987
14.184215
14.688907
15.178286
15.654576
16.120000
16.574656
17.010147
17.415950
17.781541
18.096399
18.350000
18.538693
18.686307
18.823544
18.981105
19.189690
19.480000
19.867286
20.304994
20.731123
21.083669
21.300629
21.320000
21.101887
20.694827
20.169464
19.596443
19.046406
18.590000
18.276785
18.071992
17.919770
17.764265
17.549626
17.220000
16.738194
16.141647
15.486457
14.828721
14.224536
13.730000
13.382799
13.146974
12.968152
12.791963
12.564036
12.230000
11.752970
11.166014
10.519685
9.864537
9.251124
8.730000
8.339440
8.068600
7.894359
7.793593
7.743181
7.720000
7.704548
7.691807
7.680379
7.668867
7.655873
7.640000
7.621164
7.604542
7.596624
7.603900
7.632862
7.690000
7.777925
7.883729
7.990625
8.081827
8.140548
8.150000
8.099128
7.999803
7.869625
7.726198
7.587122
7.470000
7.387183
7.330024
7.284624
7.237085
7.173510
7.080000
6.943944
6.757879
6.515629
6.211017
5.837866
5.390000
4.865928
4.282903
3.662860
3.027737
2.399471
1.800000
1.253592
0.793843
0.456681
0.278035
0.293832
0.540000
1.031927
1.702837
2.465415
3.232345
3.916312
4.430000
4.711479
4.800365
4.761659
4.660361
4.561475
4.530000
4.614101
4.794592
5.035451
5.300654
5.554178
5.760000
5.893783
5.977932
6.046538
6.133691
6.273481
6.500000
6.836738
7.264790
7.754648
8.276806
8.801759
9.300000
9.742828
10.104761
10.361121
10.487233
10.458418
10.250000
9.851534
9.309501
8.684617
8.037596
7.429152
6.920000
6.566871
6.410568
6.487910
6.835716
7.490806
8.490000
9.836028
11.395264
12.999993
14.482502
15.675076
16.410000
16.570315
16.242081
15.562117
14.667237
13.694260
12.780000
12.026603
11.397522
10.821539
10.227437
9.543997
8.700000
7.655960
6.499313
5.349226
4.324867
3.545402
3.130000
3.169141
3.638561
4.485307
5.656430
7.098978
8.760000
10.575670
12.438667
14.230795
15.833857
17.129657
18.000000
18.359011
18.250103
17.749013
16.931475
15.873226
14.650000
13.336435
12.002772
10.718154
9.551724
8.572625
7.850000
7.433491
7.294736
7.385873
7.659038
8.066368
8.560000
9.099693
9.675690
10.285855
10.928052
11.600146
12.300000
13.014449
13.686207
14.246957
14.628384
14.762170
14.580000
14.041121
13.215038
12.198816
11.089524
9.984230
8.980000
8.156019
7.519939
7.061528
6.770556
6.636790
6.650000
6.794293
7.031133
7.316321
7.605661
7.854953
8.020000
8.068289
8.014048
7.883186
7.701617
7.495251
7.290000
7.107688
6.953788
6.829684
6.736761
6.676405
6.650000
6.653829
6.663765
6.650579
6.585043
6.437926
6.180000
5.796163
5.327819
4.830499
4.359735
3.971058
3.720000
3.647029
3.732368
3.941174
4.238609
4.589831
4.960000
5.320489
5.667526
6.003554
6.331014
6.652348
6.970000
7.286015
7.600862
7.914611
8.227336
8.539108
8.850000
9.157764
9.450879
9.715501
9.937790
10.103904
10.200000
10.214409
10.144142
9.988384
9.746319
9.417129
9.000000
8.500990
7.953665
7.398462
6.875824
6.426190
6.090000
5.897602
5.838978
5.894016
6.042606
6.264638
6.540000
6.851101
7.190425
7.552974
7.933751
8.327759
8.730000
9.129151
9.488583
9.765340
9.916465
9.899004
9.670000
9.210905
8.600798
7.943167
7.341499
6.899281
6.720000
6.871536
7.279336
7.833242
8.423094
8.938733
9.270000
9.332861
9.147784
8.761365
8.220198
7.570878
6.860000
6.130124
5.407677
4.715049
4.074632
3.508819
3.040000
2.686411
2.449658
2.327191
2.316459
2.414912
2.620000
2.927519
3.326655
3.804938
4.349902
4.949079
5.590000
6.260411
6.948909
7.644306
8.335413
9.011040
9.660000
10.271255
10.834376
11.339088
11.775114
12.132176
12.400000
12.572116
12.657289
12.668091
12.617096
12.516874
12.380000
12.216207
12.023875
11.798546
11.535763
11.231067
10.880000
10.485001
10.076100
9.690223
9.364297
9.135247
9.040000
9.100037
9.275057
9.509311
9.747051
9.932530
10.010000
9.940543
9.752561
9.491284
9.201945
8.929773
8.720000
8.600428
8.529144
8.446802
8.294060
8.011574
7.540000
6.848484
6.020124
5.166508
4.399224
3.829858
3.570000
3.690128
4.096287
4.653416
5.226453
5.680335
5.880000
5.727488
5.273246
4.604826
3.809778
2.975653
2.190000
1.529367
1.026283
0.702278
0.578878
0.677609
1.020000
1.608750
2.371250
3.216061
4.051748
4.786874
5.330000
5.618504
5.705015
5.670976
5.597832
5.567026
5.660000
5.934180
6.350914
6.847533
7.361367
7.829746
8.190000
8.395101
8.460588
8.417640
8.297440
8.131166
7.950000
7.779676
7.624143
7.481905
7.351466
7.231330
7.120000
7.015456
6.913582
6.809739
6.699287
6.577587
6.440000
6.286788
6.137826
6.017889
5.951755
5.964200
6.080000
6.315447
6.652893
7.066204
7.529248
8.015891
8.500000
8.958322
9.379122
9.753545
10.072736
10.327839
10.510000
10.615014
10.657285
10.655865
10.629808
10.598169
10.580000
10.589120
10.618405
10.655495
10.688030
10.703652
10.690000
10.640218
10.569466
10.498406
10.447699
10.438010
10.490000
10.617229
10.804842
11.030883
11.273394
11.510419
11.720000
11.879895
11.966722
11.956813
11.826501
11.552119
11.110000
10.496849
9.790863
9.090615
8.494674
8.101612
8.010000
8.285951
8.865750
9.653227
10.552208
11.466523
12.300000
12.973052
13.472432
13.801479
13.963530
13.961924
13.800000
13.489157
13.073040
12.603359
12.131820
11.710131
11.390000
11.209025
11.148370
11.175086
11.256227
11.358848
11.450000
11.501964
11.507926
11.466298
11.375493
11.233923
11.040000
10.803488
10.579556
10.434722
10.435505
10.648425
11.140000
11.947369
12.990146
14.158565
15.342858
16.433258
17.320000
17.920044
18.257267
18.382270
18.345657
18.198033
17.990000
17.765972
17.545603
17.342356
17.169698
17.041091
16.970000
16.955420
16.938472
16.845804
16.604070
16.139918
15.380000
14.280541
12.916067
11.390676
9.808468
8.273543
6.890000
5.751210
4.907631
4.398991
4.265020
4.545447
5.280000
6.469896
7.962298
9.565858
11.089228
12.341058
13.130000
13.316384
12.967252
12.201326
11.137328
9.893979
8.590000
7.329616
6.159065
5.110088
4.214424
3.503814
3.010000
2.750752
2.687968
2.769573
2.943495
3.157662
3.360000
3.513901
3.644619
3.792870
3.999372
4.304843
4.750000
5.357808
6.080223
6.851447
7.605683
8.277133
8.800000
9.123059
9.253376
9.212590
9.022340
8.704264
8.280000
7.774677
7.227382
6.680691
6.177179
5.759424
5.470000
5.342815
5.377094
5.563396
5.892276
6.354292
6.940000
7.635221
8.406833
9.216976
10.027791
10.801418
11.500000
12.090790
12.561499
12.904951
13.113969
13.181377
13.100000
12.875692
12.566430
12.243222
11.977075
11.838999
11.900000
12.202183
12.672041
13.207163
13.705137
14.063553
14.180000
13.979093
13.493554
12.783128
11.907562
10.926604
9.900000
8.881906
7.904115
6.992827
6.174244
5.474568
4.920000
4.528560
4.285544
4.168065
4.153239
4.218179
4.340000
4.498530
4.684452
4.891163
5.112060
5.340540
5.570000
5.793895
6.005909
6.199784
6.369263
6.508087
6.610000
6.668669
6.677470
6.629702
6.518667
6.337666
6.080000
5.747724
5.377916
5.016408
4.709031
4.501618
4.440000
4.556545
4.829754
5.224667
5.706321
6.239752
6.790000
7.328088
7.848992
8.353673
8.843094
9.318215
9.780000
10.230546
10.676499
11.125639
11.585749
12.064609
12.570000
13.102874
13.636864
14.138769
14.575392
14.913535
15.120000
15.170919
15.079751
14.869285
14.562311
14.181620
13.750000
13.288033
12.807467
12.317842
11.828696
11.349569
10.890000
10.458522
10.059639
9.696848
9.373647
9.093532
8.860000
8.672693
8.515828
8.369765
8.214866
8.031490
7.800000
7.504640
7.145197
6.725341
6.248742
5.719071
5.140000
4.528792
3.957088
3.510123
3.273130
3.331344
3.770000
4.640423
5.858303
7.305419
8.863554
10.414487
11.840000
13.045859
14.033776
14.829450
15.458580
15.946864
16.320000
16.601929
16.809557
16.958030
17.062497
17.138105
17.200000
17.255267
17.278738
17.237179
17.097358
16.826042
16.390000
15.775520
15.046973
14.288255
13.583257
13.015875
12.670000
12.602562
12.762628
13.072302
13.453686
13.828885
14.120000
14.270576
14.309922
14.288788
14.257922
14.268077
14.370000
14.602541
14.956943
15.412548
15.948698
16.544734
17.180000
17.831482
18.466751
19.051021
19.549509
19.927430
20.150000
20.193892
20.081610
19.847118
19.524377
19.147350
18.750000
18.357626
17.960882
17.541757
17.082241
16.564326
15.970000
15.288427
14.537455
13.742105
12.927399
12.118357
11.340000
10.608204
9.902262
9.192323
8.448534
7.641044
6.740000
5.736350
4.704237
3.738603
2.934391
2.386542
2.190000
2.402322
2.931530
3.648264
4.423161
5.126860
5.630000
5.840335
5.814086
5.644591
5.425186
5.249210
5.210000
5.370181
5.669533
6.017123
6.322019
6.493289
6.440000
6.102413
5.545561
4.865668
4.158961
3.521663
3.050000
2.814795
2.785260
2.905203
3.118435
3.368764
3.600000
3.765860
3.859696
3.884768
3.844336
3.741660
3.580000
3.368941
3.143364
2.944476
2.813482
2.791588
2.920000
3.222496
3.653143
4.148579
4.645441
5.080369
5.390000
5.528712
5.521840
5.412459
5.243642
5.058464
4.900000
4.806128
4.793941
4.875337
5.062214
5.366469
5.800000
6.361870
6.999805
7.648694
8.243429
8.718901
9.010000
9.076762
8.979804
8.804887
8.637773
8.564224
8.670000
9.012377
9.534683
10.151757
10.778441
11.329575
11.720000
11.885303
11.844058
11.635585
11.299204
10.874236
10.400000
9.909049
9.406862
8.892152
8.363630
7.820009
7.260000
6.687946
6.130716
5.620807
5.190719
4.872950
4.700000
4.693795
4.833979
5.089620
5.429790
5.823560
6.240000
6.646501
7.003740
7.270713
7.406416
7.369846
7.120000
6.638440
5.996987
5.290029
4.611954
4.057149
3.720000
3.673351
3.903868
4.376670
5.056879
5.909615
6.900000
7.989637
9.126061
10.253291
11.315345
12.256242
13.020000
13.561435
13.878555
13.980166
13.875073
13.572083
13.080000
12.414577
11.619349
10.744796
9.841399
8.959641
8.150000
7.452387
6.864421
6.373151
5.965625
5.628892
5.350000
5.117173
4.923339
4.762601
4.629062
4.516828
4.420000
4.335033
4.267780
4.226447
4.219236
4.254352
4.340000
4.484038
4.692947
4.972862
5.329919
5.770253
6.300000
6.918213
7.595617
8.295855
8.982570
9.619404
10.170000
10.611489
10.974954
11.304967
11.646098
12.042918
12.540000
13.163516
13.866047
14.581778
15.244891
15.789570
16.150000
16.273615
16.160858
15.825423
15.281006
14.541300
13.620000
12.543043
11.385337
10.234030
9.176272
8.299212
7.690000
7.402360
7.356313
7.438458
7.535389
7.533704
7.320000
6.827425
6.175335
5.529640
5.056247
4.921064
5.290000
6.269144
7.725308
9.465483
11.296662
13.025837
14.460000
15.446323
15.992693
16.147179
15.957847
15.472765
14.740000
13.815935
12.790216
11.760802
10.825654
10.082734
9.630000
9.529658
9.700888
10.027113
10.391758
10.678246
10.770000
10.584321
10.174010
9.625745
9.026203
8.462062
8.020000
7.765605
7.680110
7.723658
7.856393
8.038460
8.230000
8.395806
8.519255
8.588373
8.591186
8.515720
8.350000
8.083488
7.711390
7.230350
6.637009
5.928012
5.100000
4.165799
3.202963
2.305229
1.566332
1.080011
0.940000
1.206511
1.805647
2.629986
3.572106
4.524585
5.380000
6.052418
6.541858
6.869829
7.057837
7.127391
7.100000
7.001179
6.872476
6.759450
6.707657
6.762655
6.970000
7.354627
7.858977
8.404871
8.914126
9.308563
9.510000
9.466102
9.227911
8.872318
8.476209
8.116474
7.870000
7.796707
7.888636
8.120859
8.468446
8.906469
9.410000
9.954708
10.518654
11.080497
11.618897
12.112511
12.540000
12.887331
13.169710
13.409652
13.629671
13.852282
14.100000
14.387357
14.696950
15.003396
15.281309
15.505306
15.650000
15.698011
15.663971
15.570514
15.440277
15.295894
15.160000
15.047080
14.939018
14.809546
14.632397
14.381304
14.030000
13.565334
13.026623
12.466301
11.936801
11.490556
11.180000
11.042509
11.055230
11.180250
11.379660
11.615547
11.850000
12.047777
12.184309
12.237697
12.186042
12.007442
11.680000
11.194485
10.592348
9.927710
9.254692
8.627415
8.100000
7.709700
7.426298
7.202712
6.991856
6.746646
6.420000
5.982549
5.475792
4.958943
4.491219
4.131833
3.940000
3.953808
4.126831
4.391515
4.680307
4.925653
5.060000
5.038145
4.904293
4.724997
4.566813
4.496296
4.580000
4.864351
5.315257
5.878497
6.499848
7.125090
7.700000
8.183755
8.589122
8.942265
9.269349
9.596539
9.950000
10.349749
10.791218
11.263693
11.756458
12.258799
12.760000
13.244378
13.676375
14.015463
14.221114
14.252803
14.070000
13.654266
13.075504
12.425706
11.796862
11.280963
10.970000
10.925364
11.086052
11.360462
11.656992
11.884038
11.950000
11.786824
11.420657
10.901194
10.278133
9.601170
8.920000
8.280535
7.713543
7.246010
6.904919
6.717254
6.710000
6.887982
7.167393
7.442266
7.606636
7.554536
7.180000
6.425268
5.425404
4.363675
3.423353
2.787704
2.640000
3.107843
4.096178
5.454283
7.031435
8.676915
10.240000
11.601692
12.769884
13.784194
14.684239
15.509635
16.300000
17.077797
17.796878
18.393940
18.805682
18.968803
18.820000
18.325870
17.572606
16.676296
15.753032
14.918903
14.290000
13.955203
13.894552
14.060876
14.407006
14.885771
15.450000
16.057669
16.687335
17.322698
17.947463
18.545329
19.100000
19.597037
20.029443
20.392080
20.679810
20.887496
21.010000
21.045386
21.004523
20.901482
20.750334
20.565149
20.360000
20.144800
19.912837
19.653244
19.355152
19.007693
18.600000
18.126990
17.606722
17.063044
16.519800
16.000837
15.530000
15.110899
14.666199
14.098330
13.309721
12.202801
10.680000
8.711405
6.537739
4.467384
2.808722
1.870133
1.960000
3.263342
5.471733
8.153383
10.876503
13.209305
14.720000
15.100411
14.536812
13.339086
11.817118
10.280795
9.040000
8.333624
8.116577
8.272775
8.686134
9.240571
9.820000
10.331205
10.772437
11.164815
11.529456
11.887478
12.260000
12.658176
13.053303
13.406716
13.679747
13.833731
13.830000
13.645582
13.320275
12.909571
12.468963
12.053942
11.720000
11.505053
11.376708
11.284999
11.179956
11.011613
10.730000
10.301152
9.755115
9.137933
8.495656
7.874329
7.320000
6.873764
6.556907
6.385767
6.376679
6.545978
6.910000
7.475599
8.211700
9.077748
10.033184
11.037454
12.050000
13.020646
13.860736
14.471993
14.756140
14.614901
13.950000
12.716215
11.080542
9.263032
7.483738
5.962710
4.920000
4.514912
4.663765
5.222128
6.045575
6.989675
7.910000
8.695016
9.364771
9.972204
10.570259
11.211877
11.950000
12.810022
13.707153
14.529055
15.163388
15.497816
15.420000
14.866514
13.969579
12.910328
11.869892
11.029405
10.570000
10.617393
11.075641
11.793385
12.619266
13.401924
13.990000
14.271783
14.294151
14.143631
13.906748
13.670029
13.520000
13.523530
13.668864
13.924590
14.259296
14.641570
15.040000
15.433402
15.841503
16.294258
16.821623
17.453552
18.220000
19.119853
20.027716
20.787126
21.241619
21.234732
20.610000
19.281493
17.445410
15.368487
13.317455
11.559048
10.360000
9.909964
10.090272
10.705177
11.558932
12.455789
13.200000
13.633745
13.750909
13.583304
13.162743
12.521037
11.690000
10.718159
9.720909
8.830358
8.178616
7.897794
8.120000
8.922368
10.162124
11.641516
13.162793
14.528205
15.540000
16.056026
16.156522
15.977329
15.654285
15.323229
15.120000
15.142418
15.336231
15.609167
15.868955
16.023323
15.980000
15.679718
15.195220
14.632253
14.096562
13.693896
13.530000
13.671812
14.031038
14.480573
14.893314
15.142157
15.100000
14.682755
13.978407
13.117957
12.232404
11.452752
10.910000
10.696888
10.753111
10.980101
11.279291
11.552113
11.700000
11.651589
11.444334
11.142890
10.811915
10.516066
10.320000
10.272264
10.356962
10.542090
10.795642
11.085614
11.380000
11.652968
11.903375
12.136251
12.356628
12.569534
12.780000
12.989199
13.182872
13.342905
13.451181
13.489584
13.440000
13.296579
13.102543
12.913379
12.784575
12.771619
12.930000
13.288975
13.772882
14.279830
14.707927
14.955281
14.920000
14.527290
13.810744
12.831052
11.648904
10.324990
8.920000
7.499689
6.150068
4.962213
4.027200
3.436103
3.280000
3.610621
4.322317
5.270096
6.308965
7.293930
8.080000
8.558523
8.766220
8.776153
8.661386
8.494981
8.350000
8.277926
8.243914
8.191540
8.064380
7.806008
7.360000
6.691672
5.853309
4.918935
3.962575
3.058255
2.280000
1.687098
1.279887
1.043970
0.964949
1.028425
1.220000
1.524475
1.923440
2.397686
2.928001
3.495176
4.080000
4.664541
5.235983
5.782788
6.293418
6.756334
7.160000
7.496527
7.772627
7.998662
8.184995
8.341987
8.480000
8.607638
8.726472
8.836312
8.936973
9.028265
9.110000
9.180560
9.232598
9.257338
9.246003
9.189816
9.080000
8.916466
8.733878
8.575586
8.484942
8.505296
8.680000
9.028945
9.478186
9.930318
10.287934
10.453630
10.330000
9.854557
9.104487
8.191893
7.228878
6.327546
5.600000
5.134538
4.924235
4.938361
5.146184
5.516974
6.020000
6.623633
7.292646
7.990914
8.682313
9.330716
9.900000
10.363802
10.734811
11.035483
11.288269
11.515624
11.740000
11.978985
12.230702
12.488405
12.745352
12.994798
13.230000
13.446044
13.645345
13.832146
14.010692
14.185229
14.360000
14.534291
14.687549
14.794262
14.828916
14.766000
14.580000
14.257624
13.834458
13.358308
12.876977
12.438273
12.090000
11.867156
11.753506
11.720008
11.737619
11.777297
11.810000
11.810465
11.768555
11.677910
11.532175
11.324991
11.050000
10.701261
10.274498
9.765850
9.171458
8.487461
7.710000
6.847963
5.961232
5.122439
4.404215
3.879192
3.620000
3.676934
4.010945
4.560643
5.264643
6.061558
6.890000
7.699670
8.484620
9.249988
10.000915
10.742539
11.480000
12.214663
12.932799
13.616905
14.249475
14.813008
15.290000
15.668019
15.954923
16.163643
16.307109
16.398251
16.450000
16.475113
16.485655
16.493522
16.510606
16.548801
16.620000
16.730512
16.864307
16.999769
17.115282
17.189231
17.200000
17.134088
17.010450
16.856153
16.698267
16.563860
16.480000
16.466005
16.510190
16.593118
16.695353
16.797459
16.880000
16.931660
16.973606
17.035125
17.145505
17.334035
17.630000
18.045133
18.520943
18.981382
19.350403
19.551958
19.510000
19.181001
18.651510
18.040596
17.467328
17.050773
16.910000
17.121557
17.591904
18.184982
18.764731
19.195090
19.340000
19.103883
18.553095
17.794474
16.934859
16.081088
15.340000
14.792587
14.416457
14.163371
13.985092
13.833381
13.660000
13.429334
13.156264
12.868292
12.592922
12.357657
12.190000
12.109705
12.105525
12.158461
12.249518
12.359696
12.470000
12.567308
12.662008
12.770363
12.908638
13.093095
13.340000
13.655830
14.007925
14.353836
14.651117
14.857321
14.930000
14.838537
14.599626
14.241793
13.793561
13.283456
12.740000
12.189514
11.649497
11.135242
10.662045
10.245200
9.900000
9.633223
9.417573
9.217238
8.996406
8.719264
8.350000
7.866808
7.303915
6.709555
6.131959
5.619363
5.220000
4.963757
4.807136
4.688294
4.545386
4.316569
3.940000
3.381868
2.720504
2.062271
1.513534
1.180655
1.170000
1.553445
2.264921
3.203872
4.269739
5.361967
6.380000
7.243146
7.950180
8.519742
8.970473
9.321012
9.590000
9.800127
9.990283
10.203408
10.482443
10.870327
11.410000
12.123522
12.949428
13.805374
14.609014
15.278005
15.730000
15.907962
15.856080
15.643847
15.340760
15.016312
14.740000
14.565185
14.480698
14.459238
14.473503
14.496190
14.500000
14.462271
14.378906
14.250452
14.077452
13.860454
13.600000
13.300270
12.979974
12.661456
12.367058
12.119125
11.940000
11.842251
11.799346
11.774976
11.732833
11.636611
11.450000
11.148642
10.755977
10.307392
9.838275
9.384015
8.980000
8.656189
8.420821
8.276708
8.226659
8.273486
8.420000
8.664520
8.987406
9.364528
9.771755
10.184956
10.580000
10.936333
11.247702
11.511429
11.724840
11.885256
11.990000
12.039408
12.045861
12.024754
11.991479
11.961430
11.950000
11.964322
11.978482
11.958305
11.869616
11.678239
11.350000
10.867887
10.283543
9.665775
9.083391
8.605197
8.300000
8.214594
8.307718
8.516095
8.776451
9.025512
9.200000
9.252764
9.201142
9.078595
8.918581
8.754563
8.620000
8.540459
8.509935
8.514526
8.540334
8.573459
8.600000
8.609379
8.604304
8.590800
8.574896
8.562621
8.560000
8.570449
8.586925
8.599774
8.599339
8.575967
8.520000
8.425307
8.299848
8.155105
8.002561
7.853698
7.720000
7.608970
7.512201
7.417305
7.311898
7.183591
7.020000
6.814275
6.581719
6.343173
6.119478
5.931473
5.800000
5.742124
5.759811
5.851252
6.014636
6.248156
6.550000
6.917969
7.348295
7.836820
8.379385
8.971831
9.610000
10.284102
10.961824
11.605219
12.176344
12.637252
12.950000
