7.294902
7.636120
7.992447
8.352674
8.705594
9.040000
9.344684
9.608437
9.820053
9.968324
10.042042
10.030000
9.931410
9.787168
9.648590
9.566992
9.593690
9.780000
10.160093
10.699557
11.346836
12.050374
12.758614
13.420000
13.994053
14.484605
14.906566
15.274845
15.604353
15.910000
16.201242
16.465728
16.685652
16.843208
16.920593
16.900000
16.771302
16.555076
16.279578
15.973063
15.663785
15.380000
15.142764
14.944338
14.769786
14.604171
14.432554
14.240000
14.016208
13.769423
13.512527
13.258403
13.019934
12.810000
12.638841
12.506120
12.408855
12.344068
12.308776
12.300000
12.314910
12.351284
12.407051
12.480140
12.568480
12.670000
12.783417
12.910596
13.054190
13.216854
13.401239
13.610000
13.842442
14.084481
14.318687
14.527630
14.693877
14.800000
14.832280
14.791851
14.683561
14.512257
14.282788
14.000000
13.672375
13.322932
12.978320
12.665194
12.410203
12.240000
12.170163
12.171979
12.205658
12.231413
12.209456
12.100000
11.872434
11.532857
11.096549
10.578784
9.994842
9.360000
8.693990
8.034369
7.423148
6.902338
6.513952
6.300000
6.284429
6.418925
6.637109
6.872603
7.059026
7.130000
7.036766
6.801041
6.462164
6.059473
5.632306
5.220000
4.852860
4.525058
4.221733
3.928022
3.629065
3.310000
2.965220
2.626133
2.333404
2.127697
2.049674
2.140000
2.421077
2.842261
3.334650
3.829338
4.257423
4.550000
4.658623
4.616674
4.477997
4.296431
4.125818
4.020000
4.020035
4.115856
4.284613
4.503455
4.749534
5.000000
5.236607
5.459532
5.673553
5.883451
6.094007
6.310000
6.534647
6.764907
6.996176
7.223851
7.443327
7.650000
7.840824
8.018989
8.189242
8.356330
8.525000
8.700000
8.883305
9.065803
9.235606
9.380830
9.489590
9.550000
9.554334
9.511504
9.434584
9.336645
9.230759
9.130000
9.041767
8.950773
8.836059
8.676665
8.451631
8.140000
7.729015
7.238737
6.697432
6.133364
5.574798
5.050000
4.587359
4.215760
3.964215
3.861733
3.937324
4.220000
4.723032
5.396741
6.175710
6.994521
7.787757
8.490000
9.050930
9.480608
9.804196
10.046851
10.233732
10.390000
10.537416
10.684158
10.835007
10.994743
11.168147
11.360000
11.569868
11.776462
11.953276
12.073807
12.111550
12.040000
11.844268
11.555920
11.218138
10.874104
10.566997
10.340000
10.223153
10.193931
10.216670
10.255705
10.275370
10.240000
10.122381
9.929096
9.675181
9.375671
9.045599
8.700000
8.352325
8.009684
7.677605
7.361613
7.067236
6.800000
6.566237
6.375500
6.238150
6.164543
6.165040
6.250000
6.424255
6.670536
6.966047
7.287992
7.613575
7.920000
8.188177
8.413837
8.596413
8.735343
8.830060
8.880000
8.885535
8.850784
8.780800
8.680638
8.555353
8.410000
8.250839
8.088954
7.936637
7.806178
7.709869
7.660000
7.665231
7.719697
7.813902
7.938352
8.083550
8.240000
8.401664
8.576333
8.775253
9.009673
9.290839
9.630000
10.032834
10.482749
10.957584
11.435178
11.893371
12.310000
12.665887
12.953781
13.169409
13.308502
13.366789
13.340000
13.230792
13.069535
12.893529
12.740072
12.646462
12.650000
12.775159
12.995116
13.270226
13.560841
13.827315
14.030000
14.135703
14.137037
14.033067
13.822861
13.505483
13.080000
12.545827
11.903774
11.155005
10.300679
9.341957
8.280000
7.129000
5.955273
4.838163
3.857017
3.091181
2.620000
2.494838
2.655134
3.012342
3.477918
3.963319
4.380000
4.659331
4.812340
4.869969
4.863161
4.822857
4.780000
4.761171
4.775505
4.827780
4.922771
5.065252
5.260000
5.509783
5.809342
6.151409
6.528719
6.934005
7.360000
7.796919
8.224906
8.621583
8.964575
9.231506
9.400000
9.456058
9.419184
9.317260
9.178167
9.029787
8.900000
8.810007
8.754284
8.720627
8.696830
8.670690
8.630000
8.565442
8.479234
8.376482
8.262289
8.141760
8.020000
7.901467
7.788039
7.680946
7.581421
7.490695
7.410000
7.339106
7.271944
7.200983
7.118692
7.017541
6.890000
6.733173
6.562704
6.398873
6.261959
6.172242
6.150000
6.209082
6.337610
6.517275
6.729768
6.956779
7.180000
7.384017
7.565003
7.722025
7.854153
7.960456
8.040000
8.092396
8.119416
8.123373
8.106581
8.071352
8.020000
7.958436
7.906962
7.889481
7.929893
8.052099
8.280000
8.627194
9.066067
9.558702
10.067181
10.553586
10.980000
11.317787
11.575434
11.770711
11.921385
12.045225
12.160000
12.280593
12.410343
12.549704
12.699132
12.859079
13.030000
13.211694
13.401343
13.595471
13.790606
13.983274
14.170000
14.344806
14.491694
14.592160
14.627702
14.579817
14.430000
14.167692
13.814104
13.398387
12.949696
12.497182
12.070000
11.689425
11.345225
11.019292
10.693516
10.349788
9.970000
9.539515
9.057589
8.526947
7.950316
7.330425
6.670000
5.979458
5.299976
4.680422
4.169663
3.816567
3.670000
3.763301
4.067692
4.538865
5.132512
5.804326
6.510000
7.206874
7.858885
8.431618
8.890658
9.201591
9.330000
9.261332
9.060471
8.812162
8.601151
8.512182
8.630000
9.005994
9.558121
10.170984
10.729184
11.117322
11.220000
10.964416
10.448156
9.811402
9.194337
8.737142
8.580000
8.814675
9.339254
10.003408
10.656803
11.149111
11.330000
11.092579
10.503715
9.673718
8.712894
7.731552
6.840000
6.122974
5.562922
5.116722
4.741250
4.393384
4.030000
3.624971
3.220152
2.874395
2.646550
2.595468
2.780000
3.238346
3.926098
4.778198
5.729588
6.715208
7.670000
8.543405
9.342863
10.090312
10.807692
11.516941
12.240000
12.988080
13.729488
14.421804
15.022608
15.489480
15.780000
15.864135
15.761406
15.503720
15.122986
14.651110
14.120000
13.556860
12.970072
12.363314
11.740264
11.104600
10.460000
9.812129
9.174603
8.563025
7.992996
7.480120
7.040000
6.685641
6.419663
6.242087
6.152936
6.152233
6.240000
6.413408
6.658228
6.957378
7.293777
7.650345
8.010000
8.358133
8.690019
9.003403
9.296031
9.565648
9.810000
10.026697
10.212807
10.365260
10.480989
10.556925
10.590000
10.576837
10.512828
10.393056
10.212605
9.966558
9.650000
9.264520
8.837735
8.403767
7.996740
7.650777
7.400000
7.276842
7.306974
7.514376
7.923028
8.556909
9.440000
10.569962
11.839182
13.113728
14.259668
15.143069
15.630000
15.626688
15.200000
14.456962
13.504598
12.449936
11.400000
10.439627
9.564890
8.749675
7.967865
7.193345
6.400000
5.572629
4.739699
3.940589
3.214682
2.601359
2.140000
1.861013
1.758908
1.819219
2.027481
2.369230
2.830000
3.391605
4.020966
4.681286
5.335765
5.947602
6.480000
6.907615
7.250930
7.541887
7.812424
8.094481
8.420000
8.806362
9.212719
9.583667
9.863800
9.997713
9.930000
9.625965
9.133747
8.522194
7.860154
7.216473
6.660000
6.243805
5.957846
5.776305
5.673363
5.623201
5.600000
5.581362
5.558571
5.526334
5.479356
5.412343
5.320000
5.199081
5.054535
4.893358
4.722545
4.549094
4.380000
4.225183
4.106251
4.047735
4.074167
4.210079
4.480000
4.898521
5.440462
6.070702
6.754119
7.455592
8.140000
8.771150
9.308568
9.710708
9.936024
9.942970
9.690000
9.154099
8.386375
7.456466
6.434008
5.388640
4.390000
3.499581
2.746300
2.150929
1.734241
1.517007
1.520000
1.752437
2.177312
2.746067
3.410140
4.120971
4.830000
5.495024
6.099265
6.632303
7.083719
7.443091
7.700000
7.852561
7.933036
7.982220
8.040911
8.149905
8.350000
8.671120
9.099704
9.611317
10.181526
10.785899
11.400000
11.992588
12.505187
12.872513
13.029280
12.910204
12.450000
11.612694
10.479547
9.161133
7.768022
6.410787
5.200000
4.223720
3.479957
2.944206
2.591966
2.398731
2.340000
2.397148
2.575070
2.884542
3.336338
3.941232
4.710000
5.645234
6.716799
7.886376
9.115647
10.366294
11.600000
12.779971
13.875512
14.857456
15.696631
16.363869
16.830000
17.075299
17.117818
16.985052
16.704496
16.303647
15.810000
15.254110
14.678771
14.129837
13.653161
13.294598
13.100000
13.096363
13.235247
13.449351
13.671378
13.834027
13.870000
13.733586
13.465428
13.127758
12.782809
12.492812
12.320000
12.310081
12.442672
12.680866
12.987756
13.326436
13.660000
13.958822
14.222404
14.457529
14.670981
14.869544
15.060000
15.245650
15.415861
15.556518
15.653504
15.692703
15.660000
15.548948
15.383781
15.196399
15.018707
14.882607
14.820000
14.845687
14.906054
14.930385
14.847963
14.588074
14.080000
13.284601
12.289042
11.212062
10.172402
9.288801
8.680000
8.435954
8.531481
8.912616
9.525392
10.315842
11.230000
12.209499
13.178365
14.056223
14.762699
15.217416
15.340000
15.080216
14.508391
13.724990
12.830481
11.925329
11.110000
10.453663
9.900293
9.362565
8.753156
7.984742
6.970000
5.665501
4.203401
2.759750
1.510599
0.631999
0.300000
0.629703
1.492400
2.698436
4.058153
5.381893
6.480000
7.205642
7.583294
7.680255
7.563827
7.301308
6.960000
6.593469
6.200350
5.765542
5.273948
4.710467
4.060000
3.323722
2.567900
1.875075
1.327790
1.008584
1.000000
1.355070
2.008792
2.866656
3.834153
4.816771
5.720000
6.470351
7.078414
7.575799
7.994118
8.364982
8.720000
9.086629
9.475702
9.893897
10.347893
10.844368
11.390000
11.987532
12.623964
13.282361
13.945790
14.597314
15.220000
15.796578
16.308443
16.736657
17.062281
17.266374
17.330000
17.233379
16.953374
16.466010
15.747310
14.773299
13.520000
11.996296
10.342505
8.731803
7.337367
6.332374
5.890000
6.126206
6.928088
8.125527
9.548405
11.026603
12.390000
13.496613
14.316996
14.849838
15.093826
15.047651
14.710000
14.100027
13.318742
12.487622
11.728141
11.161775
10.910000
11.050317
11.484332
12.069676
12.663981
13.124878
13.310000
13.116854
12.602450
11.863676
10.997419
10.100564
9.270000
8.582685
8.035868
7.606870
7.273012
7.011615
6.800000
6.619906
6.470744
6.356344
6.280533
6.247142
6.260000
6.315885
6.383377
6.424005
6.399299
6.270787
6.000000
5.568220
5.035747
4.482635
3.988937
3.634708
3.500000
3.636374
3.981412
4.444205
4.933841
5.359410
5.630000
5.677442
5.524530
5.216795
4.799773
4.318997
3.820000
3.343301
2.909358
2.533614
2.231511
2.018492
1.910000
1.912270
1.994705
2.117500
2.240850
2.324952
2.330000
2.231694
2.067750
1.891388
1.755829
1.714293
1.820000
2.115261
2.598742
3.258200
4.081391
5.056072
6.170000
7.396199
8.648765
9.827064
10.830460
11.558317
11.910000
11.822999
11.387308
10.731043
9.982325
9.269271
8.720000
8.423702
8.313856
8.285012
8.231721
8.048533
7.630000
6.907424
5.959121
4.900159
3.845606
2.910530
2.210000
1.832712
1.761882
1.954352
2.366966
2.956567
3.680000
4.494875
5.361871
6.242434
7.098013
7.890052
8.580000
9.144224
9.618784
10.054661
10.502835
11.014288
11.640000
12.410913
13.277807
14.171423
15.022500
15.761779
16.320000
16.646892
16.768135
16.728399
16.572352
16.344663
16.090000
15.845315
15.616688
15.402481
15.201056
15.010775
14.830000
14.656477
14.485483
14.311678
14.129722
13.934276
13.720000
13.482851
13.223974
12.945809
12.650797
12.341381
12.020000
11.690591
11.363068
11.048838
10.759311
10.505896
10.300000
10.153489
10.080053
10.093839
10.208994
10.439665
10.800000
11.293602
11.881907
12.515807
13.146194
13.723961
14.200000
14.538908
14.760098
14.896685
14.981787
15.048520
15.130000
15.247432
15.374369
15.472454
15.503326
15.428628
15.210000
14.826086
14.323536
13.766000
13.217132
12.740581
12.400000
12.241233
12.238895
12.349795
12.530740
12.738539
12.930000
13.071112
13.164587
13.222320
13.256204
13.278133
13.300000
13.330709
13.367200
13.403425
13.433333
13.450874
13.450000
13.422719
13.353278
13.223981
13.017132
12.715037
12.300000
11.765312
11.148206
10.496902
9.859620
9.284579
8.820000
8.498534
8.290566
8.150912
8.034388
7.895812
7.690000
7.382403
6.981012
6.504451
5.971345
5.400320
4.810000
4.221483
3.665758
3.176285
2.786527
2.529945
2.440000
2.541387
2.823735
3.267908
3.854768
4.565177
5.380000
6.268340
7.152264
7.942083
8.548106
8.880642
8.850000
8.402755
7.630542
6.661259
5.622809
4.643089
3.850000
3.344715
3.121496
3.147879
3.391400
3.819596
4.400000
5.094174
5.839772
6.568474
7.211960
7.701909
7.970000
7.969934
7.743491
7.354475
6.866686
6.343927
5.850000
5.440722
5.139967
4.963628
4.927593
5.047754
5.340000
5.802411
6.361824
6.927264
7.407756
7.712327
7.750000
7.462735
6.924217
6.241065
5.519900
4.867338
4.390000
4.166095
4.160198
4.308474
4.547089
4.812209
5.040000
5.181682
5.248696
5.267539
5.264706
5.266694
5.300000
5.380974
5.485389
5.578872
5.627050
5.595550
5.450000
5.173727
4.820859
4.463225
4.172651
4.020967
4.080000
4.394164
4.898211
5.499480
6.105309
6.623036
6.960000
7.052721
6.954446
6.747606
6.514632
6.337953
6.300000
6.460371
6.787339
7.226344
7.722829
8.222234
8.670000
9.016120
9.228792
9.280766
9.144792
8.793620
8.200000
7.359502
6.358975
5.308092
4.316521
3.493934
2.950000
2.758929
2.853085
3.129368
3.484680
3.815924
4.020000
4.021402
3.854983
3.583188
3.268463
2.973252
2.760000
2.678566
2.728467
2.896630
3.169987
3.535467
3.980000
4.484981
5.009670
5.507791
5.933070
6.239231
6.380000
6.331278
6.157670
5.945956
5.782920
5.755340
5.950000
6.422732
7.105578
7.899633
8.705992
9.425750
9.960000
10.236221
10.287426
10.173010
9.952370
9.684901
9.430000
9.235254
9.101014
9.015826
8.968231
8.946775
8.940000
8.939153
8.946294
8.966187
9.003593
9.063276
9.150000
9.264615
9.392327
9.514428
9.612211
9.666971
9.660000
9.581229
9.455140
9.314853
9.193488
9.124163
9.140000
9.260978
9.454520
9.674910
9.876431
10.013366
10.040000
9.929489
9.730483
9.510507
9.337085
9.277741
9.400000
9.748197
10.273919
10.905563
11.571525
12.200205
12.720000
13.080592
13.316804
13.484743
13.640517
13.840233
14.140000
14.578463
15.124422
15.729217
16.344185
16.920667
17.410000
17.771668
17.997730
18.088391
18.043854
17.864322
17.550000
17.109171
16.582434
16.018469
15.465956
14.973573
14.590000
14.348918
14.224015
14.173981
14.157507
14.133283
14.060000
13.907288
13.688545
13.428106
13.150311
12.879497
12.640000
12.451698
12.316622
12.232343
12.196433
12.206461
12.260000
12.353513
12.479042
12.627520
12.789883
12.957065
13.120000
13.271240
13.409803
13.536326
13.651442
13.755788
13.850000
13.932592
13.993597
14.020928
14.002497
13.926217
13.780000
13.559087
13.288032
12.998714
12.723016
12.492817
12.340000
12.288049
12.326869
12.437966
12.602848
12.803024
13.020000
13.235289
13.430419
13.586923
13.686333
13.710181
13.640000
13.465794
13.211454
12.909341
12.591820
12.291252
12.040000
11.861628
11.744507
11.668211
11.612312
11.556384
11.480000
11.369407
11.237555
11.104065
10.988560
10.910664
10.890000
10.941020
11.057496
11.228030
11.441225
11.685681
11.950000
12.222716
12.492090
12.746313
12.973578
13.162076
13.300000
13.380800
13.418958
13.434216
13.446315
13.474996
13.540000
13.653206
13.795042
13.938073
14.054866
14.117987
14.100000
13.984664
13.800505
13.587242
13.384591
13.232271
13.170000
13.223415
13.361825
13.540461
13.714549
13.839319
13.870000
13.776862
13.590341
13.355916
13.119066
12.925267
12.820000
12.831546
12.919403
13.025875
13.093263
13.063871
12.880000
12.506909
12.001676
11.444335
10.914920
10.493463
10.260000
10.268781
10.470929
10.791785
11.156688
11.490980
11.720000
11.790374
11.733867
11.603527
11.452403
11.333544
11.300000
11.388703
11.572122
11.806609
12.048516
12.254196
12.380000
12.394628
12.316163
12.175038
12.001681
11.826525
11.680000
11.583897
11.525447
11.483241
11.435870
11.361926
11.240000
11.056822
10.831680
10.592000
10.365209
10.178733
10.060000
10.026731
10.057833
10.122509
10.189960
10.229390
10.210000
10.110836
9.950320
9.756714
9.558282
9.383290
9.260000
9.204507
9.184221
9.154387
9.070244
8.887034
8.560000
8.062017
7.436498
6.744490
6.047040
5.405194
4.880000
4.519184
4.317193
4.255153
4.314190
4.475430
4.720000
5.031431
5.402877
5.829897
6.308052
6.832899
7.400000
8.004583
8.640559
9.301508
9.981010
10.672648
11.370000
12.070793
12.789333
13.544072
14.353462
15.235954
16.210000
17.276365
18.365071
19.388453
20.258845
20.888582
21.190000
21.102171
20.671122
19.969616
19.070418
18.046291
16.970000
15.905459
14.881182
13.916834
13.032078
12.246578
11.580000
11.047613
10.647112
10.371800
10.214976
10.169942
10.230000
10.379228
10.564812
10.724718
10.796908
10.719348
10.430000
9.894365
9.188082
8.414329
7.676280
7.077112
6.720000
6.674193
6.873229
7.216718
7.604269
7.935493
8.110000
8.059233
7.841964
7.548801
7.270349
7.097213
7.120000
7.406885
7.936321
8.664328
9.546929
10.540146
11.600000
12.681931
13.739050
14.723887
15.588971
16.286832
16.770000
17.004420
17.009703
16.818875
16.464964
15.980997
15.400000
14.751594
14.051770
13.313113
12.548209
11.769643
10.990000
10.219623
9.459886
8.709923
7.968865
7.235847
6.510000
5.795518
5.116835
4.503447
3.984848
3.590534
3.350000
3.279186
3.339811
3.480041
3.648039
3.791970
3.860000
3.814498
3.674661
3.473891
3.245589
3.023158
2.840000
2.722635
2.670062
2.674395
2.727752
2.822248
2.950000
3.101951
3.264351
3.422279
3.560811
3.665026
3.720000
3.716922
3.671422
3.605240
3.540115
3.497789
3.500000
3.562999
3.681071
3.843012
4.037617
4.253681
4.480000
4.703490
4.903552
5.057711
5.143490
5.138412
5.020000
4.775497
4.431016
4.022393
3.585460
3.156051
2.770000
2.455774
2.212382
2.031466
1.904669
1.823633
1.780000
1.765989
1.776121
1.805492
1.849198
1.902335
1.960000
2.022305
2.109429
2.246566
2.458910
2.771657
3.210000
3.783633
4.440237
5.111996
5.731088
6.229696
6.540000
6.610896
6.458140
6.114202
5.611552
4.982661
4.260000
3.487274
2.753129
2.157448
1.800112
1.781002
2.200000
3.115610
4.420824
5.967256
7.606520
9.190230
10.570000
11.630887
12.391722
12.904778
13.222327
13.396643
13.480000
13.517738
13.527472
13.519883
13.505653
13.495465
13.500000
13.526308
13.566910
13.610692
13.646543
13.663350
13.650000
13.595732
13.491185
13.327349
13.095213
12.785767
12.390000
11.903124
11.337238
10.708662
10.033716
9.328722
8.610000
7.896447
7.217271
6.604254
6.089181
5.703835
5.480000
5.435716
5.534049
5.724322
5.955856
6.177975
6.340000
6.399901
6.350236
6.192209
5.927024
5.555887
5.080000
4.511160
3.903524
3.321842
2.830861
2.495331
2.380000
2.528237
2.897888
3.425423
4.047308
4.700011
5.320000
5.857561
6.318255
6.721466
7.086572
7.432957
7.780000
8.142725
8.518720
8.901214
9.283439
9.658625
10.020000
10.360892
10.675015
10.956177
11.198189
11.394860
11.540000
11.630558
11.676037
11.689078
11.682325
11.668418
11.660000
11.668080
11.697135
11.750009
11.829549
11.938598
12.080000
12.252725
12.440240
12.622134
12.777998
12.887423
12.930000
12.890973
12.778203
12.605206
12.385496
12.132589
11.860000
11.578614
11.288799
10.988293
10.674832
10.346155
10.000000
9.635912
9.260673
8.882873
8.511101
8.153947
7.820000
7.517042
7.249618
7.021465
6.836320
6.697919
6.610000
6.576985
6.606041
6.705018
6.881769
7.144146
7.500000
7.951869
8.481035
9.063464
9.675123
10.291979
10.890000
11.447575
11.952783
12.396128
12.768110
13.059234
13.260000
13.365378
13.388203
13.345776
13.255399
13.134373
13.000000
12.868922
12.755146
12.672018
12.632886
12.651098
12.740000
12.904813
13.118251
13.344901
13.549351
13.696189
13.750000
13.683354
13.500739
13.214626
12.837486
12.381787
11.860000
11.283856
10.662126
10.002843
9.314040
8.603748
7.880000
7.161316
6.508164
5.991501
5.682282
5.651463
5.970000
6.668427
7.615588
8.639904
9.569797
10.233688
10.460000
10.127892
9.319484
8.167633
6.805197
5.365033
3.980000
2.771623
1.816105
1.178313
0.923119
1.115391
1.820000
3.068947
4.762764
6.769114
8.955661
11.190069
13.340000
15.293837
17.022838
18.518979
19.774236
20.780584
21.530000
22.010610
22.195141
22.052469
21.551470
20.661022
19.350000
17.621360
15.614375
13.502395
11.458772
9.656857
8.270000
7.427143
7.079581
7.134200
7.497886
8.077524
8.780000
9.524838
10.282117
11.034555
11.764870
12.455779
13.090000
13.640774
14.043432
14.223829
14.107820
13.621259
12.690000
11.289844
9.596377
7.835127
6.231628
5.011408
4.400000
4.546793
5.296617
6.418161
7.680113
8.851163
9.700000
10.054835
9.981970
9.607229
9.056438
8.455420
7.930000
7.576414
7.372541
7.266672
7.207098
7.142111
7.020000
6.798909
6.476386
6.059832
5.556650
4.974239
4.320000
3.609758
2.893028
2.227748
1.671858
1.283296
1.120000
1.221875
1.556689
2.074174
2.724066
3.456096
4.220000
4.976122
5.727255
6.486805
7.268175
8.084772
8.950000
9.866277
10.792069
11.674858
12.462122
13.101343
13.540000
13.743170
13.746321
13.602515
13.364817
13.086291
12.820000
12.601135
12.393390
12.142583
11.794536
11.295069
10.590000
9.648401
8.532344
7.327152
6.118148
4.990657
4.030000
3.303086
2.803162
2.505060
2.383611
2.413647
2.570000
2.832079
3.197601
3.668860
4.248150
4.937765
5.740000
6.659015
7.706435
8.895752
10.240458
11.754043
13.450000
15.315982
17.236288
19.069381
20.673723
21.907775
22.630000
22.743401
22.329153
21.512972
20.420576
19.177679
17.910000
16.728006
15.681174
14.803729
14.129901
13.693915
13.530000
13.648509
13.964301
14.368361
14.751674
15.005225
15.020000
14.719809
14.159771
13.427827
12.611922
11.799998
11.080000
10.517160
10.085875
9.737831
9.424712
9.098207
8.710000
8.224234
7.654876
7.028351
6.371080
5.709489
5.070000
4.478450
3.958323
3.532517
3.223929
3.055458
3.050000
3.216968
3.511833
3.876582
4.253202
4.583679
4.810000
4.893031
4.869160
4.793654
4.721780
4.708806
4.810000
5.059195
5.404491
5.772553
6.090048
6.283642
6.280000
6.032736
5.603248
5.079884
4.550991
4.104914
3.830000
3.785928
3.917702
4.141660
4.374138
4.531472
4.530000
4.312211
3.925202
3.442226
2.936533
2.481374
2.150000
1.999628
2.023340
2.198185
2.501211
2.909467
3.400000
3.947889
4.520326
5.082534
5.599734
6.037149
6.360000
6.544882
6.613875
6.600431
6.538002
6.460041
6.400000
6.386241
6.426768
6.524494
6.682333
6.903197
7.190000
7.539412
7.923126
8.306592
8.655260
8.934580
9.110000
9.158796
9.105542
8.986636
8.838478
8.697466
8.600000
8.575219
8.623225
8.736863
8.908976
9.132407
9.400000
9.699680
9.999704
10.263410
10.454136
10.535220
10.470000
10.236985
9.875364
9.439496
8.983740
8.562455
8.230000
8.022610
7.904025
7.819856
7.715720
7.537230
7.230000
6.761323
6.185204
5.577329
5.013380
4.569042
4.320000
4.322515
4.555158
4.977079
5.547427
6.225351
6.970000
7.742739
8.513794
9.255606
9.940617
10.541268
11.030000
11.382362
11.586332
11.632996
11.513438
11.218744
10.740000
10.078460
9.276062
8.384910
7.457112
6.544773
5.700000
4.971157
4.391643
3.991113
3.799225
3.845635
4.160000
4.754365
5.570330
6.531887
7.563024
8.587732
9.530000
10.332357
11.011481
11.602590
12.140902
12.661632
13.200000
13.778431
14.368191
14.927753
15.415592
15.790183
16.010000
16.045354
15.913905
15.645149
15.268581
14.813700
14.310000
13.783717
13.248042
12.712903
12.188230
11.683953
11.210000
10.777370
10.401336
10.098240
9.884424
9.776230
9.790000
9.934072
10.184763
10.510388
10.879260
11.259693
11.620000
11.931899
12.180722
12.355207
12.444090
12.436109
12.320000
12.091621
11.775312
11.402534
11.004749
10.613417
10.260000
9.969535
9.741365
9.568408
9.443582
9.359807
9.310000
9.288062
9.291821
9.320085
9.371664
9.445366
9.540000
9.652104
9.769128
9.876251
9.958651
10.001508
9.990000
9.915837
9.796853
9.657412
9.521880
9.414621
9.360000
9.373391
9.434202
9.512852
9.579756
9.605333
9.560000
9.422497
9.204856
8.927432
8.610578
8.274649
7.940000
7.623101
7.324891
7.042421
6.772747
6.512922
6.260000
6.009819
5.753359
5.480382
5.180655
4.843939
4.460000
4.024983
3.560564
3.094799
2.655745
2.271460
1.970000
1.772840
1.675127
1.665422
1.732291
1.864295
2.050000
2.277822
2.535596
2.811012
3.091759
3.365525
3.620000
3.847307
4.057302
4.264278
4.482526
4.726336
5.010000
5.338415
5.678898
5.989374
6.227768
6.352002
6.320000
6.109359
5.776365
5.396974
5.047144
4.802834
4.740000
4.910213
5.267495
5.741480
6.261803
6.758098
7.160000
7.415251
7.544025
7.584605
7.575273
7.554310
7.560000
7.620867
7.726404
7.856350
7.990440
8.108411
8.190000
8.222394
8.222579
8.214995
8.224079
8.274268
8.390000
8.587430
8.849575
9.151170
9.466949
9.771648
10.040000
10.253351
10.419493
10.552826
10.667754
10.778678
10.900000
11.041572
11.195047
11.347525
11.486109
11.597900
11.670000
11.689479
11.643283
11.518323
11.301514
10.979769
10.540000
9.979306
9.335526
8.656682
7.990798
7.385896
6.890000
6.541721
6.342020
6.282448
6.354554
6.549888
6.860000
7.276589
7.791950
8.398527
9.088765
9.855108
10.690000
11.578915
12.479440
13.342194
14.117794
14.756857
15.210000
15.447336
15.516957
15.486447
15.423394
15.395383
15.470000
15.693731
16.028659
16.415767
16.796038
17.110455
17.300000
17.320425
17.186554
16.927983
16.574304
16.155112
15.700000
15.232255
14.749938
14.244801
13.708597
13.133079
12.510000
11.837081
11.135916
10.434064
9.759087
9.138545
8.600000
8.164049
7.823436
7.563943
7.371352
7.231444
7.130000
7.051539
6.975526
6.880164
6.743654
6.544199
6.260000
5.881415
5.447422
5.009152
4.617737
4.324309
4.180000
4.218956
4.407378
4.694479
5.029474
5.361576
5.640000
5.831648
5.974176
6.122931
6.333256
6.660497
7.160000
7.864175
8.713695
9.626298
10.519725
11.311712
11.920000
12.288644
12.466971
12.530626
12.555253
12.616496
12.790000
13.126249
13.575087
14.061198
14.509264
14.843971
14.990000
14.893396
14.585643
14.119583
13.548061
12.923918
12.300000
11.715767
11.157156
10.596720
10.007012
9.360588
8.630000
7.803858
6.934993
6.092289
5.344632
4.760907
4.410000
4.338614
4.504725
4.844125
5.292609
5.785970
6.260000
6.659741
6.967219
7.173710
7.270487
7.248826
7.100000
6.826729
6.477511
6.112287
5.790999
5.573589
5.520000
5.666583
5.955331
6.304644
6.632926
6.858577
6.900000
6.703002
6.323018
5.842886
5.345446
4.913537
4.630000
4.558212
4.683709
4.972563
5.390847
5.904635
6.480000
7.083592
7.684369
8.251864
8.755612
9.165146
9.450000
9.588668
9.595482
9.493731
9.306707
9.057699
8.770000
8.465022
8.156667
7.856962
7.577933
7.331603
7.130000
6.980551
6.872294
6.789670
6.717119
6.639082
6.540000
6.408423
6.249343
6.071859
5.885074
5.698087
5.520000
5.358163
5.212928
5.082893
4.966660
4.862829
4.770000
4.687488
4.617465
4.562819
4.526434
4.511199
4.520000
4.551005
4.583507
4.592083
4.551307
4.435754
4.220000
3.894789
3.515543
3.153850
2.881302
2.769489
2.890000
3.282385
3.858026
4.496266
5.076447
5.477911
5.580000
5.304747
4.744947
4.036086
3.313650
2.713126
2.370000
2.380527
2.684039
3.180640
3.770433
4.353518
4.830000
5.126295
5.274082
5.331353
5.356101
5.406319
5.540000
5.799802
6.167041
6.607699
7.087758
7.573197
8.030000
8.432136
8.785531
9.104100
9.401758
9.692419
9.990000
10.302812
10.616762
10.912152
11.169286
11.368467
11.490000
11.519810
11.466312
11.343544
11.165544
10.946350
10.700000
10.439107
10.170584
9.899923
9.632612
9.374141
9.130000
8.905385
8.704314
8.530515
8.387713
8.279632
8.210000
8.180003
8.180676
8.200516
8.228019
8.251682
8.260000
8.242334
8.191499
8.101170
7.965026
7.776743
7.530000
7.226169
6.897404
6.583555
6.324471
6.160003
6.130000
6.260352
6.521109
6.868362
7.258201
7.646717
7.990000
8.252655
8.433345
8.539247
8.577539
8.555397
8.480000
8.361528
8.222178
8.087149
7.981643
7.930860
7.960000
8.084474
8.280538
8.514656
8.753295
8.962921
9.110000
9.171455
9.166043
9.122977
9.071472
9.040741
9.060000
9.146742
9.271588
9.393436
9.471188
9.463742
9.330000
9.042593
8.629087
8.130777
7.588962
7.044937
6.540000
6.106912
5.744287
5.442204
5.190743
4.979982
4.800000
4.642584
4.506359
4.391655
4.298806
4.228144
4.180000
4.154510
4.151019
4.168674
4.206624
4.264017
4.340000
4.434978
4.554382
4.704898
4.893215
5.126020
5.410000
5.749189
6.137010
6.564233
7.021626
7.499958
7.990000
8.482015
8.964243
9.424421
9.850283
10.229564
10.550000
10.798955
10.962313
11.025584
10.974281
10.793916
10.470000
9.998136
9.414283
8.764493
8.094815
7.451301
6.880000
6.417252
6.060555
5.797695
5.616458
5.504631
5.450000
5.442948
5.484238
5.577229
5.725280
5.931751
6.200000
6.525817
6.874716
7.204640
7.473532
7.639338
7.660000
7.506607
7.202824
6.785462
6.291331
5.757240
5.220000
4.711273
4.242135
3.818511
3.446329
3.131517
2.880000
2.691771
2.543081
2.404244
2.245574
2.037388
1.750000
1.370299
0.951468
0.563265
0.275448
0.157773
0.280000
0.681016
1.276234
1.950197
2.587450
3.072537
3.290000
3.164712
2.782857
2.270946
1.755491
1.363006
1.220000
1.410507
1.848636
2.406020
2.954288
3.365071
3.510000
3.304558
2.839636
2.249976
1.670321
1.235415
1.080000
1.296122
1.805043
2.485327
3.215538
3.874241
4.340000
4.526600
4.488710
4.316216
4.099008
3.926973
3.890000
4.052059
4.373451
4.788558
5.231763
5.637450
5.940000
6.090997
6.110821
6.037052
5.907273
5.759062
5.630000
5.548908
5.509563
5.496982
5.496183
5.492184
5.470000
5.416381
5.325002
5.191268
5.010586
4.778361
4.490000
4.146724
3.773021
3.399194
3.055546
2.772380
2.580000
2.496443
2.490690
2.519455
2.539451
2.507395
2.380000
2.132409
1.813477
1.490488
1.230723
1.101466
1.170000
1.477438
1.960215
2.528595
3.092843
3.563223
3.850000
3.889828
3.724921
3.423881
3.055312
2.687818
2.390000
2.216259
2.164176
2.217131
2.358500
2.571664
2.840000
3.146017
3.468745
3.786347
4.076982
4.318813
4.490000
4.575044
4.583805
4.532482
4.437274
4.314380
4.180000
4.049038
3.931219
3.834975
3.768737
3.740935
3.760000
3.829777
3.935762
4.058866
4.180000
4.280075
4.340000
4.345236
4.299437
4.210810
4.087558
3.937887
3.770000
3.604651
3.512785
3.577894
3.883471
4.513009
5.550000
7.031762
8.810905
10.693865
12.487078
13.996977
15.030000
15.445432
15.313966
14.759146
13.904515
12.873619
11.790000
10.757298
9.799528
8.920803
8.125232
7.416928
6.800000
6.280146
5.869403
5.581394
5.429742
5.428069
5.590000
5.912073
6.322490
6.732373
7.052839
7.195008
7.070000
6.623323
5.938043
5.131616
4.321496
3.625139
3.160000
3.006534
3.097189
3.327415
3.592660
3.788372
3.810000
3.586284
3.179127
2.683725
2.195273
1.808966
1.620000
1.697777
2.008526
2.492686
3.090694
3.742986
4.390000
4.977378
5.471583
5.844281
6.067138
6.111822
5.950000
5.574099
5.059586
4.502692
3.999643
3.646670
3.540000
3.744236
4.197479
4.806203
5.476881
6.115989
6.630000
6.950391
7.108645
7.161248
7.164684
7.175440
7.250000
7.423551
7.646088
7.846306
7.952900
7.894566
7.600000
7.024987
6.233669
5.317279
4.367050
3.474212
2.730000
2.202428
1.866643
1.674577
1.578161
1.529325
1.480000
1.394145
1.283833
1.173162
1.086233
1.047145
1.080000
1.202843
1.409508
1.687776
2.025427
2.410241
2.830000
3.269251
3.699616
4.089485
4.407245
4.621287
4.700000
4.628115
4.455730
4.249286
4.075223
3.999981
4.090000
4.384539
4.814130
5.282122
5.691864
5.946707
5.950000
5.641367
5.105528
4.463477
3.836210
3.344719
3.110000
3.213697
3.580055
4.093969
4.640335
5.104047
5.370000
5.358243
5.129437
4.779396
4.403933
4.098863
3.960000
4.051246
4.308862
4.637196
4.940598
5.123416
5.090000
4.780799
4.280670
3.710568
3.191452
2.844277
2.790000
3.110834
3.734014
4.548030
5.441373
6.302532
7.020000
7.508735
7.789571
7.909812
7.916762
7.857723
7.780000
7.722468
7.690295
7.680222
7.688988
7.713334
7.750000
7.793337
7.828137
7.836801
7.801732
7.705331
7.530000
7.267794
6.949378
6.615073
6.305195
6.060065
5.920000
5.909932
5.993238
6.117908
6.231932
6.283299
6.220000
6.008960
5.692855
5.333295
4.991891
4.730256
4.610000
4.674505
4.894232
5.221413
5.608280
6.007065
6.370000
6.658021
6.866885
7.001053
7.064987
7.063149
7.000000
6.885218
6.749341
6.628126
6.557327
6.572700
6.710000
6.987961
7.357232
7.751443
8.104222
8.349198
8.420000
8.270764
7.937656
7.477352
6.946525
6.401849
5.900000
5.484910
5.149551
4.874150
4.638939
4.424146
4.210000
3.983067
3.755252
3.544797
3.369942
3.248929
3.200000
3.232267
3.318331
3.421663
3.505738
3.534026
3.470000
3.294486
3.057722
2.827300
2.670811
2.655847
2.850000
3.297613
3.950040
4.735387
5.581759
6.417261
7.170000
7.783533
8.263228
8.629903
8.904377
9.107470
9.260000
9.378300
9.460752
9.501252
9.493697
9.431981
9.310000
9.128777
8.917839
8.713838
8.553429
8.473265
8.510000
8.682333
8.937153
9.203395
9.409993
9.485883
9.360000
8.988973
8.440215
7.808832
7.189930
6.678617
6.370000
6.328996
6.499765
6.796278
7.132508
7.422425
7.580000
7.540322
7.322949
6.968555
6.517816
6.011406
5.490000
4.993790
4.561032
4.229501
4.036969
4.021211
4.220000
4.656140
5.292553
6.077192
6.958011
7.882963
8.800000
9.659430
10.420980
11.046730
11.498763
11.739159
11.730000
11.453779
10.974640
10.377137
9.745826
9.165262
8.720000
8.468137
8.361941
8.327220
8.289784
8.175441
7.910000
7.446819
6.849447
6.208982
5.616520
5.163161
4.940000
5.004355
5.278419
5.650604
6.009321
6.242982
6.240000
5.922103
5.344284
4.594854
3.762123
2.934402
2.200000
1.632929
1.250001
1.053731
1.046631
1.231216
1.610000
2.176275
2.886453
3.687724
4.527278
5.352307
6.110000
6.756508
7.283817
7.692875
7.984627
8.160020
8.220000
8.170009
8.033464
7.838278
7.612364
7.383634
7.180000
7.029754
6.962698
7.009013
7.198881
7.562483
8.130000
8.908986
9.816486
10.746920
11.594704
12.254258
12.620000
12.617544
12.297283
11.740809
11.029710
10.245577
9.470000
8.771720
8.168085
7.663595
7.262751
6.970053
6.790000
6.717152
6.706304
6.702311
6.650026
6.494304
6.180000
5.672218
5.017068
4.280911
3.530107
2.831016
2.250000
1.837216
1.578015
1.441545
1.396953
1.413389
1.460000
1.515445
1.596428
1.729161
1.939858
2.254733
2.700000
3.286697
3.965163
4.670563
5.338059
5.902817
6.300000
6.484618
6.491068
6.373589
6.186424
5.983814
5.820000
5.736959
5.727603
5.772582
5.852542
5.948132
6.040000
6.110463
6.148519
6.144833
6.090074
5.974907
5.790000
5.534939
5.244988
4.964334
4.737161
4.607655
4.620000
4.802005
5.115973
5.507830
5.923502
6.308917
6.610000
6.790282
6.883714
6.941847
7.016237
7.158437
7.420000
7.832050
8.343988
8.884782
9.383402
9.768818
9.970000
9.937026
9.704410
9.327776
8.862747
8.364947
7.890000
7.481838
7.137633
6.842866
6.583017
6.343568
6.110000
5.874418
5.655429
5.478261
5.368147
5.350317
5.450000
5.679980
6.003245
6.370339
6.731801
7.038175
7.240000
7.302978
7.253442
7.132883
6.982796
6.844671
6.760000
6.760007
6.834840
6.964377
7.128497
7.307078
7.480000
7.628752
7.741272
7.807107
7.815808
7.756923
7.620000
7.401790
7.127851
6.830943
6.543825
6.299258
6.130000
6.056865
6.052878
6.079120
6.096668
6.066601
5.950000
5.722463
5.417672
5.083828
4.769134
4.521790
4.390000
4.409394
4.565324
4.830568
5.177909
5.580126
6.010000
6.444914
6.880664
7.317648
7.756267
8.196918
8.640000
9.079006
9.479800
9.801339
10.002580
10.042481
9.880000
9.494062
8.943471
8.306997
7.663413
7.091490
6.670000
6.451921
6.387058
6.399423
6.413028
6.351883
6.140000
5.728114
5.173851
4.561560
3.975588
3.500285
3.220000
3.193307
3.375684
3.696838
4.086472
4.474291
4.790000
4.974770
5.015633
4.911089
4.659637
4.259774
3.710000
3.022799
2.266597
1.523805
0.876834
0.408095
0.200000
0.305932
0.663164
1.179942
1.764510
2.325115
2.770000
3.033704
3.155931
3.202677
3.239940
3.333715
3.550000
3.934623
4.452743
5.049350
5.669435
6.257988
6.760000
7.135581
7.405320
7.604924
7.770100
7.936556
8.140000
8.406755
8.725607
9.075956
9.437204
9.788751
10.110000
10.382028
10.592624
10.731253
10.787382
10.750475
10.610000
10.363003
10.036861
9.666532
9.286973
8.933143
8.640000
8.431653
8.288820
8.181369
8.079170
7.952091
7.770000
7.511495
7.190080
6.827990
6.447458
6.070717
5.720000
5.412137
5.142340
4.900419
4.676183
4.459440
4.240000
4.013477
3.798707
3.620332
3.502995
3.471337
3.550000
3.750160
4.029129
4.330753
4.598875
4.777342
4.810000
4.661854
4.382553
4.042908
3.713727
3.465821
3.370000
3.474600
3.738064
4.096366
4.485475
4.841362
5.100000
5.216275
5.220744
5.162879
5.092151
5.058034
5.110000
5.280345
5.532662
5.813369
6.068883
6.245621
6.290000
6.167762
5.921941
5.614896
5.308985
5.066567
4.950000
5.001756
5.184760
5.442049
5.716660
5.951631
6.090000
6.089703
5.968278
5.758159
5.491782
5.201584
4.920000
4.672439
4.456203
4.261567
4.078804
3.898190
3.710000
3.509892
3.315058
3.148075
3.031520
2.987970
3.040000
3.198411
3.426899
3.677383
3.901782
4.052014
4.080000
3.954148
3.708826
3.394893
3.063205
2.764622
2.550000
2.456061
2.462980
2.536795
2.643545
2.749267
2.820000
2.831283
2.796660
2.739176
2.681875
2.647801
2.660000
2.733898
2.854452
2.999001
3.144882
3.269436
3.350000
3.368448
3.324790
3.223572
3.069337
2.866632
2.620000
2.338328
2.047868
1.779213
1.562954
1.429686
1.410000
1.522590
1.738551
2.017078
2.317365
2.598607
2.820000
2.954551
3.030519
3.089977
3.174995
3.327645
3.590000
3.995317
4.541594
5.218016
6.013768
6.918035
7.920000
8.999183
10.096439
11.142959
12.069932
12.808549
13.290000
13.472119
13.419317
13.222649
12.973170
12.761935
12.680000
12.789980
13.040738
13.352696
13.646277
13.841904
13.860000
13.648654
13.266619
12.800316
12.336166
11.960587
11.760000
11.792812
12.005378
12.316038
12.643135
12.905008
13.020000
12.931347
12.681869
12.339281
11.971296
11.645631
11.430000
11.371335
11.433441
11.559339
11.692050
11.774597
11.750000
11.578218
11.286958
10.920863
10.524576
10.142741
9.820000
9.589032
9.434652
9.329709
9.247053
9.159533
9.040000
8.868339
8.652583
8.407802
8.149065
7.891441
7.650000
7.436038
7.245756
7.071583
6.905947
6.741277
6.570000
6.385103
6.181800
5.955866
5.703072
5.419193
5.100000
4.746792
4.382969
4.037454
3.739171
3.517045
3.400000
3.405598
3.505954
3.661820
3.833948
3.983090
4.070000
4.068407
4.003956
3.915267
3.840964
3.819667
3.890000
4.075310
4.337853
4.624612
4.882568
5.058703
5.100000
4.971463
4.710186
4.371285
4.009876
3.681076
3.440000
3.328791
3.337698
3.443997
3.624964
3.857873
4.120000
4.390733
4.657909
4.911475
5.141380
5.337572
5.490000
5.590127
5.635480
5.625102
5.558034
5.433319
5.250000
5.012508
4.746836
4.484367
4.256483
4.094567
4.030000
4.082062
4.221618
4.407429
4.598255
4.752859
4.830000
4.800400
4.682616
4.507167
4.304569
4.105341
3.940000
3.830320
3.763102
3.716404
3.668282
3.596795
3.480000
3.303829
3.085716
2.850968
2.624894
2.432802
2.300000
2.245614
2.264036
2.343476
2.472143
2.638248
2.830000
3.034596
3.235179
3.413880
3.552830
3.634160
3.640000
3.561328
3.424509
3.264754
3.117277
3.017288
3.000000
3.089676
3.266787
3.500853
3.761396
4.017938
4.240000
4.403902
4.513159
4.578084
4.608990
4.616191
4.610000
4.599299
4.587245
4.575563
4.565977
4.560215
4.560000
4.568022
4.590825
4.635916
4.710804
4.822996
4.980000
5.184771
5.422049
5.672023
5.914881
6.130811
6.300000
6.410164
6.479128
6.532242
6.594857
6.692326
6.850000
7.084619
7.378477
7.705261
8.038653
8.352338
8.620000
8.823260
8.975482
9.097966
9.212014
9.338925
9.500000
9.708407
9.944781
10.181625
10.391441
10.546732
10.620000
10.593297
10.486875
10.330533
10.154073
9.987295
9.860000
9.790626
9.752165
9.706243
9.614489
9.438532
9.140000
8.699290
8.171874
7.631995
7.153896
6.811816
6.680000
6.805363
7.125524
7.550775
7.991410
8.357720
8.560000
8.534720
8.323066
7.992403
7.610095
7.243506
6.960000
6.810988
6.784062
6.850861
6.983025
7.152192
7.330000
7.492301
7.631797
7.745401
7.830027
7.882589
7.900000
7.879019
7.815786
7.706283
7.546496
7.332407
7.060000
6.731852
6.376911
6.030715
5.728805
5.506720
5.400000
5.429914
5.560645
5.742106
5.924211
6.056871
6.090000
5.990715
5.794954
5.555860
5.326574
5.160240
5.110000
5.210929
5.425834
5.699454
5.976529
6.201797
6.320000
6.291773
6.141340
5.908825
5.634348
5.358033
5.120000
4.949110
4.829175
4.732747
4.632374
4.500608
4.310000
4.043407
3.724921
3.388938
3.069859
2.802080
2.620000
2.547492
2.566327
2.647749
2.763006
2.883341
2.980000
3.031856
3.048291
3.046314
3.042933
3.055159
3.100000
3.191287
3.330139
3.514496
3.742298
4.011486
4.320000
4.661699
5.014116
5.350703
5.644911
5.870193
6.000000
6.016361
5.935619
5.782692
5.582500
5.359963
5.140000
4.943457
4.774890
4.634778
4.523605
4.441852
4.390000
4.363976
4.341490
4.295694
4.199745
4.026795
3.750000
3.355499
2.881374
2.378694
1.898527
1.491939
1.210000
1.091621
1.127087
1.294528
1.572075
1.937855
2.370000
2.846121
3.341760
3.831943
4.291694
4.696038
5.020000
5.248850
5.408836
5.536451
5.668188
5.840540
6.090000
6.440887
6.868822
7.337253
7.809628
8.249394
8.620000
8.891678
9.061803
9.134538
9.114041
9.004475
8.810000
8.541568
8.237298
7.942097
7.700874
7.558539
7.560000
7.732650
8.033820
8.403325
8.780980
9.106600
9.320000
9.373896
9.272608
9.033354
8.673355
8.209830
7.660000
7.046811
6.416120
5.819510
5.308564
4.934866
4.750000
4.786405
4.999949
5.327356
5.705351
6.070658
6.360000
6.527013
6.592972
6.596065
6.574476
6.566392
6.610000
6.731978
6.912976
7.122136
7.328598
7.501506
7.610000
7.633963
7.596234
7.530393
7.470021
7.448696
7.500000
7.644949
7.854311
8.086292
8.299097
8.450931
8.500000
8.415594
8.211337
7.911940
7.542111
7.126562
6.690000
6.255686
5.841082
5.462199
5.135050
4.875646
4.700000
4.621291
4.641372
4.759263
4.973984
5.284557
5.690000
6.181742
6.720838
7.260749
7.754939
8.156868
8.420000
8.515306
8.483796
8.383990
8.274409
8.213572
8.260000
8.453470
8.758794
9.122039
9.489276
9.806574
10.020000
10.092203
10.052141
9.945352
9.817374
9.713744
9.680000
9.746006
9.878939
10.030301
10.151597
10.194328
10.110000
9.863263
9.471363
8.964693
8.373647
7.728618
7.060000
6.397423
5.767462
5.195928
4.708632
4.331385
4.090000
4.002925
4.059161
4.240347
4.528123
4.904127
5.350000
5.845230
6.360711
6.865185
7.327396
7.716086
8.000000
8.156848
8.200218
8.152663
8.036738
7.874999
7.690000
7.501126
7.315085
7.135414
6.965651
6.809333
6.670000
6.549342
6.441666
6.339433
6.235104
6.121139
5.990000
5.837849
5.675659
5.518105
5.379860
5.275600
5.220000
5.222502
5.271624
5.350649
5.442863
5.531552
5.600000
5.634873
5.636365
5.608050
5.553501
5.476293
5.380000
5.266245
5.128841
4.959652
4.750541
4.493369
4.180000
3.810056
3.414196
3.030841
2.698411
2.455324
2.340000
2.377931
2.542892
2.795732
3.097298
3.408438
3.690000
3.912897
4.088309
4.237480
4.381656
4.542081
4.740000
4.988211
5.265723
5.543097
5.790893
5.979674
6.080000
6.073054
5.982502
5.842632
5.687734
5.552093
5.470000
5.466611
5.530566
5.641374
5.778543
5.921582
6.050000
6.147168
6.211900
6.246873
6.254763
6.238247
6.200000
6.146570
6.099982
6.086135
6.130924
6.260247
6.500000
6.867202
7.343356
7.901088
8.513022
9.151785
9.790000
10.401058
10.961409
11.448264
11.838839
12.110346
12.240000
12.213518
12.050639
11.779605
11.428659
11.026043
10.600000
10.176905
9.775664
9.413314
9.106895
8.873444
8.730000
8.684186
8.705965
8.755887
8.794501
8.782356
8.680000
8.462742
8.164921
7.835637
7.523990
7.279078
7.150000
7.168691
7.298425
7.485313
7.675465
7.814991
7.850000
7.743745
7.528044
7.251859
6.964149
6.713876
6.550000
6.506700
6.559027
6.667251
6.791641
6.892468
6.930000
6.877373
6.759181
6.612887
6.475952
6.385836
6.380000
6.484088
6.676470
6.923699
7.192329
7.448912
7.660000
7.800628
7.879754
7.914815
7.923251
7.922500
7.930000
7.956687
7.987479
8.000791
7.975039
7.888637
7.720000
7.456792
7.123665
6.754521
6.383262
6.043787
5.770000
5.582582
5.449343
5.324874
5.163767
4.920612
4.550000
4.028528
3.420814
2.813481
2.293152
1.946451
1.860000
2.090481
2.574807
3.219950
3.932883
4.620575
5.190000
5.572280
5.795143
5.910467
5.970132
6.026017
6.130000
6.318779
6.568326
6.839431
7.092885
7.289478
7.390000
7.367326
7.242665
7.049309
6.820551
6.589684
6.390000
6.249556
6.175460
6.169584
6.233801
6.369982
6.580000
6.861858
7.198088
7.567354
7.948319
8.319647
8.660000
8.952595
9.198853
9.404749
9.576256
9.719348
9.840000
9.942716
10.026129
10.087401
10.123694
10.132173
10.110000
10.052743
9.949594
9.788149
9.556004
9.240755
8.830000
8.318532
7.729939
7.095005
6.444513
5.809250
5.220000
4.701229
4.252131
3.865583
3.534461
3.251641
3.010000
2.807154
2.659685
2.588913
2.616161
2.762749
3.050000
3.484830
4.016537
4.580015
5.110156
5.541853
5.810000
5.867275
5.737499
5.462277
5.083216
4.641922
4.180000
3.732644
3.309393
2.913377
2.547720
2.215552
1.920000
1.664881
1.456779
1.302967
1.210717
1.187304
1.240000
1.371441
1.565712
1.802257
2.060523
2.319955
2.560000
2.770140
2.980003
3.229255
3.557562
4.004588
4.610000
5.393139
6.292054
7.224472
8.108118
8.860719
9.400000
9.666055
9.688447
9.519107
9.209965
8.812952
8.380000
7.954540
7.546010
7.155352
6.783504
6.431407
6.100000
5.793888
5.532326
5.338236
5.234539
5.244153
5.390000
5.683567
6.090610
6.565452
7.062416
7.535824
7.940000
8.240408
8.447084
8.581204
8.663945
8.716485
8.760000
8.809383
8.854387
8.878482
8.865136
8.797819
8.660000
8.441135
8.154628
7.819870
7.456252
7.083165
6.720000
6.381540
6.064139
5.759539
5.459486
5.155725
4.840000
4.507194
4.164743
3.823224
3.493210
3.185277
2.910000
2.674730
2.473925
2.298816
2.140637
1.990621
1.840000
1.681292
1.512150
1.331512
1.138316
0.931499
0.710000
0.479686
0.274143
0.133887
0.099434
0.211299
0.510000
1.016030
1.669798
2.391692
3.102098
3.721405
4.170000
4.389806
4.408888
4.276847
4.043285
3.757802
3.470000
3.221553
3.022430
2.874671
2.780319
2.741415
2.760000
2.833472
2.940653
3.055719
3.152847
3.206215
3.190000
3.088215
2.924218
2.731203
2.542366
2.390900
2.310000
2.320613
2.394699
2.491969
2.572134
2.594907
2.520000
2.320998
2.026986
1.680922
1.325764
1.004470
0.760000
0.623958
0.582542
0.610594
0.682959
0.774480
0.860000
0.919881
0.956550
0.977951
0.992030
1.006732
1.030000
1.067398
1.114963
1.166350
1.215215
1.255214
1.280000
1.286684
1.286190
1.292897
1.321182
1.385423
1.500000
1.675727
1.909165
2.193313
2.521169
2.885732
3.280000
3.695456
4.117521
4.530102
4.917105
5.262436
5.550000
5.771894
5.952972
6.126278
6.324855
6.581748
6.930000
7.392060
7.947998
8.567286
9.219400
9.873814
10.500000
11.074402
11.601333
12.092077
12.557914
13.010128
13.460000
13.913064
14.351854
14.753158
15.093759
15.350445
15.500000
15.529454
15.466804
15.350293
15.218161
15.108650
15.060000
15.095556
15.179076
15.259420
15.285448
15.206021
14.970000
14.542627
13.954669
13.253278
12.485603
11.698794
10.940000
10.247317
9.622616
9.058717
8.548436
8.084591
7.660000
7.269542
6.916346
6.605603
6.342504
6.132239
5.980000
5.885858
5.829406
5.785120
5.727474
5.630942
5.470000
5.230130
4.940845
4.642668
4.376120
4.181724
4.100000
4.157004
4.320918
4.545459
4.784342
4.991284
5.120000
5.141995
5.099928
5.054247
5.065400
5.193835
5.500000
6.021082
6.701223
7.461304
8.222206
8.904811
9.430000
9.740345
9.865181
9.855538
9.762442
9.636920
9.530000
9.479577
9.471015
9.476545
9.468398
9.418806
9.300000
9.095051
8.830389
8.543284
8.271004
8.050820
7.920000
7.898505
7.937057
7.969069
7.927955
7.747128
7.360000
6.730050
5.941012
5.106688
4.340878
3.757382
3.470000
3.559399
3.973709
4.627927
5.437050
6.316076
7.180000
7.958328
8.638598
9.222854
9.713143
10.111510
10.420000
10.642937
10.793753
10.888157
10.941860
10.970571
10.990000
11.006591
10.989725
10.899518
10.696084
10.339540
9.790000
9.026069
8.100310
7.083772
6.047507
5.062566
4.200000
3.516400
3.010517
2.666644
2.469072
2.402094
2.450000
2.596758
2.825029
3.117152
3.455463
3.822300
4.200000
4.572218
4.927885
5.257248
5.550556
5.798057
5.990000
6.118444
6.182692
6.183857
6.123055
6.001398
5.820000
5.582015
5.298756
4.983573
4.649818
4.310843
3.980000
3.669189
3.384508
3.130602
2.912118
2.733702
2.600000
2.511923
2.455436
2.412770
2.366156
2.297822
2.190000
2.031777
1.839674
1.637067
1.447334
1.293852
1.200000
1.185135
1.252536
1.401463
1.631177
1.940936
2.330000
2.790461
3.285738
3.772080
4.205737
4.542961
4.740000
4.768391
4.660809
4.465217
4.229577
4.001851
3.830000
3.751162
3.759174
3.837051
3.967805
4.134450
4.320000
4.509046
4.692494
4.862829
5.012535
5.134097
5.220000
5.266590
5.285665
5.292884
5.303907
5.334392
5.400000
5.509917
5.647437
5.789384
5.912579
5.993843
6.010000
5.945178
5.812733
5.633330
5.427631
5.216300
5.020000
4.855112
4.720888
4.612296
4.524305
4.451883
4.390000
4.330623
4.253714
4.136236
3.955149
3.687417
3.310000
2.814620
2.252034
1.687762
1.187320
0.816227
0.640000
0.699880
0.940001
1.280217
1.640385
1.940361
2.100000
2.064053
1.876852
1.607620
1.325584
1.099969
1.000000
1.073073
1.279260
1.556803
1.843946
2.078931
2.200000
2.165184
2.011666
1.796417
1.576409
1.408613
1.350000
1.442165
1.665189
1.983780
2.362641
2.766480
3.160000
3.516852
3.846466
4.167214
4.497470
4.855607
5.260000
5.721583
6.221540
6.733615
7.231553
7.689100
8.080000
8.381630
8.585894
8.688328
8.684466
8.569845
8.340000
7.996526
7.565254
7.078075
6.566880
6.063558
5.600000
5.202034
4.871237
4.603122
4.393201
4.236990
4.130000
4.066170
4.033131
4.016939
4.003649
3.979318
3.930000
3.846064
3.735129
3.609124
3.479980
3.359629
3.260000
3.190407
3.149688
3.134067
3.139764
3.163001
3.200000
3.249809
3.322785
3.432109
3.590964
3.812534
4.110000
4.486236
4.902877
5.311248
5.662675
5.908484
6.000000
5.903905
5.648302
5.276650
4.832410
4.359040
3.900000
3.491571
3.141325
2.849652
2.616945
2.443597
2.330000
2.277217
2.288993
2.369743
2.523884
2.755831
3.070000
3.466737
3.930112
4.440125
4.976777
5.520069
6.050000
6.547131
6.994263
7.374756
7.671969
7.869264
7.950000
7.911682
7.808391
7.708352
7.679791
7.790932
8.110000
8.676974
9.418839
10.234335
11.022202
11.681177
12.110000
12.236812
12.107364
11.796806
11.380292
10.932972
10.530000
10.227166
10.002817
9.815940
9.625521
9.390545
9.070000
8.638551
8.133589
7.608182
7.115402
6.708318
6.440000
6.344045
6.376161
6.472580
6.569537
6.603266
6.510000
6.248091
5.864361
5.427748
5.007191
4.671629
4.490000
4.504839
4.653062
4.845179
4.991700
5.003137
4.790000
4.293477
3.577465
2.736538
1.865269
1.058231
0.410000
0.000000
0.000000
0.000000
0.182041
0.684123
1.390000
2.271424
3.226819
4.136281
4.879902
5.337777
5.390000
4.965600
4.189350
3.234956
2.276129
1.486574
1.040000
1.059602
1.466523
2.131394
2.924843
3.717502
4.380000
4.812890
5.036409
5.100719
5.055981
4.952354
4.840000
4.760229
4.718951
4.713229
4.740122
4.796692
4.880000
4.983789
5.088527
5.171366
5.209458
5.179952
5.060000
4.837302
4.541755
4.213806
3.893899
3.622482
3.440000
3.375336
3.411118
3.518411
3.668279
3.831787
3.980000
4.089177
4.156364
4.183799
4.173724
4.128377
4.050000
3.943741
3.826389
3.717641
3.637195
3.604749
3.640000
3.752386
3.910303
4.071887
4.195273
4.238599
4.160000
3.931901
3.583882
3.159813
2.703563
2.259002
1.870000
1.570799
1.357133
1.215112
1.130844
1.090437
1.080000
1.087822
1.110919
1.148488
1.199727
1.263831
1.340000
1.427497
1.525858
1.634686
1.753583
1.882154
2.020000
2.168070
2.332687
2.521520
2.742237
3.002508
3.310000
3.668234
4.064136
4.480485
4.900060
5.305639
5.680000
6.009690
6.296326
6.545290
6.761968
6.951743
7.120000
7.271617
7.409450
7.535854
7.653178
7.763776
7.870000
7.974909
8.084391
8.205045
8.343467
8.506253
8.700000
8.926064
9.164836
9.391466
9.581103
9.708898
9.750000
9.688103
9.541078
9.335341
9.097305
8.853387
8.630000
8.448560
8.310479
8.212171
8.150046
8.120519
8.120000
8.145620
8.197374
8.275976
8.382139
8.516576
8.680000
8.871646
9.084839
9.311425
9.543250
9.772159
9.990000
10.191868
10.385861
10.583324
10.795604
11.034047
11.310000
11.631019
11.989495
12.374030
12.773225
13.175681
13.570000
13.946557
14.302826
14.638056
14.951496
15.242394
15.510000
15.751412
15.955128
16.107496
16.194865
16.203584
16.120000
15.935251
15.659627
15.308210
14.896080
14.438316
13.950000
13.445827
12.938957
12.442164
11.968224
11.529911
11.140000
10.806210
10.516027
10.251884
9.996212
9.731440
9.440000
9.109705
8.749897
8.375299
8.000634
7.640627
7.310000
7.016960
6.743644
6.465671
6.158660
5.798230
5.360000
4.829907
4.235156
3.613268
3.001765
2.438168
1.960000
1.596235
1.341658
1.182508
1.105023
1.095441
1.140000
1.223348
1.323767
1.417950
1.482588
1.494374
1.430000
1.278059
1.074755
0.868192
0.706476
0.637710
0.710000
0.952933
1.322027
1.754281
2.186695
2.556268
2.800000
2.876365
2.829729
2.725934
2.630820
2.610229
2.730000
3.032534
3.466463
3.956982
4.429283
4.808558
5.020000
5.012297
4.828121
4.533637
4.195011
3.878410
3.650000
3.557027
3.571053
3.644721
3.730673
3.781552
3.750000
3.605245
3.382854
3.134981
2.913779
2.771401
2.760000
2.914217
3.198644
3.560357
3.946435
4.303957
4.580000
4.738349
4.809609
4.841092
4.880111
4.973976
5.170000
5.496971
5.909587
6.344024
6.736455
7.023055
7.140000
7.044507
6.777967
6.402813
5.981478
5.576396
5.250000
5.047592
4.945951
4.904724
4.883558
4.842101
4.740000
4.550309
4.299710
4.028291
3.776141
3.583348
3.490000
3.522606
3.653356
3.840860
4.043729
4.220572
4.330000
4.341812
4.270569
4.142017
3.981906
3.815984
3.670000
3.564357
3.498073
3.464823
3.458278
3.472113
3.500000
3.538445
3.595286
3.681192
3.806833
3.982879
4.220000
4.523621
4.878190
5.262909
5.656982
6.039611
6.390000
6.693366
6.958991
7.202171
7.438202
7.682379
7.950000
8.251709
8.579548
8.920907
9.263175
9.593742
9.900000
10.170444
10.398001
10.576702
10.700581
10.763669
10.760000
10.690911
10.586966
10.486034
10.425983
10.444682
10.580000
10.854197
11.227097
11.642913
12.045859
12.380150
12.590000
12.635216
12.537980
12.336066
12.067248
11.769301
11.480000
11.225586
10.986169
10.730325
10.426631
10.043664
9.550000
8.925079
8.191790
7.383885
6.535117
5.679238
4.850000
4.079655
3.394451
2.819135
2.378457
2.097162
2.000000
2.095191
2.324852
2.614574
2.889945
3.076557
3.100000
2.909812
2.551325
2.093819
1.606576
1.158876
0.820000
0.642182
0.609479
0.688899
0.847452
1.052150
1.270000
1.473635
1.658168
1.824336
1.972873
2.104516
2.220000
2.321057
2.413405
2.503759
2.598833
2.705342
2.830000
2.977693
3.145990
3.330630
3.527352
3.731896
3.940000
4.150993
4.378560
4.639971
4.952500
5.333419
5.800000
6.361342
6.993845
7.665736
8.345241
9.000587
9.600000
10.115815
10.536801
10.855835
11.065795
11.159557
11.130000
10.978083
10.737099
10.448424
10.153432
9.893499
9.710000
9.632223
9.641098
9.705471
9.794183
9.876078
9.920000
9.903258
9.837026
9.740943
9.634652
9.537791
9.470000
9.444515
9.448948
9.464505
9.472395
9.453825
9.390000
9.265581
9.079036
8.832285
8.527248
8.165847
7.750000
7.289874
6.828613
6.417605
6.108241
5.951910
6.000000
6.284646
6.760958
7.364794
8.032009
8.698459
9.300000
9.785432
10.155332
10.423218
10.602612
10.707032
10.750000
10.742653
10.686604
10.581084
10.425322
10.218551
9.960000
9.651964
9.308992
8.948697
8.588692
8.246588
7.940000
7.683842
7.482241
7.336627
7.248429
7.219077
7.250000
7.340770
7.483524
7.668544
7.886110
8.126502
8.380000
8.635719
8.878107
9.090446
9.256020
9.358111
9.380000
9.313300
9.182938
9.022171
8.864254
8.742445
8.690000
8.731683
8.858289
9.052121
9.295482
9.570674
9.860000
10.148486
10.432053
10.709344
10.979003
11.239674
11.490000
11.724789
11.923499
12.061753
12.115173
12.059381
11.870000
11.535924
11.099136
10.614894
10.138453
9.725069
9.430000
9.291332
9.278476
9.343673
9.439165
9.517193
9.530000
9.444397
9.285480
9.092916
8.906370
8.765509
8.710000
8.768626
8.926641
9.158415
9.438319
9.740724
10.040000
10.313691
10.552030
10.748424
10.896280
10.989003
11.020000
10.989897
10.928201
10.871637
10.856932
10.920811
11.100000
11.418062
11.845906
12.341277
12.861919
13.365578
13.810000
14.160122
14.409656
14.559507
14.610578
14.563774
14.420000
14.185430
13.887321
13.558197
13.230585
12.937011
12.710000
12.572045
12.505505
12.482705
12.475971
12.457627
12.400000
12.282732
12.114733
11.912232
11.691458
11.468638
11.260000
11.077306
10.914452
10.760865
10.605975
10.439210
10.250000
10.030034
9.780053
9.503058
9.202049
8.880030
8.540000
8.186862
7.833114
7.493155
7.181384
6.912199
6.700000
6.552565
6.451196
6.370574
6.285380
6.170295
6.000000
5.758756
5.469138
5.163299
4.873394
4.631576
4.470000
4.410697
4.435215
4.514979
4.621414
4.725946
4.800000
4.823224
4.808150
4.775536
4.746135
4.740705
4.780000
4.878446
5.025147
5.202878
5.394415
5.582530
5.750000
5.883364
5.984225
6.057950
6.109909
6.145470
6.170000
6.190877
6.223510
6.285320
6.393726
6.566146
6.820000
7.161926
7.555438
7.953269
8.308151
8.572817
8.700000
8.657622
8.474366
8.194103
7.860707
7.518048
7.210000
6.969669
6.787098
6.641568
6.512355
6.378740
6.220000
6.022222
5.798722
5.569626
5.355057
5.175140
5.050000
4.995796
5.012827
5.097428
5.245935
5.454680
5.720000
6.029873
6.338859
6.593161
6.738982
6.722528
6.490000
6.009619
5.337663
4.552428
3.732210
2.955302
2.300000
1.829801
1.549007
1.447125
1.513660
1.738117
2.110000
2.615253
3.225567
3.909070
4.633891
5.368158
6.080000
6.741410
7.339837
7.866596
8.313000
8.670363
8.930000
9.087719
9.157307
9.157047
9.105221
9.020111
8.920000
8.817530
8.702786
8.560216
8.374264
8.129376
7.810000
7.408180
6.946362
6.454590
5.962910
5.501365
5.100000
4.780860
4.533987
4.341423
4.185209
4.047388
3.910000
3.760046
3.604355
3.454717
3.322920
3.220751
3.160000
3.147707
3.171924
3.215957
3.263111
3.296690
3.300000
3.264960
3.217948
3.193954
3.227971
3.354989
3.610000
4.012869
4.522951
5.084476
5.641673
6.138771
6.520000
6.746019
6.843211
6.854391
6.822373
6.789972
6.800000
6.883612
7.025315
7.197959
7.374389
7.527453
7.630000
7.667034
7.672194
7.691274
7.770071
7.954381
8.290000
8.802696
9.438133
10.121945
10.779770
11.337243
11.720000
11.874774
11.832683
11.645945
11.366774
11.047387
10.740000
10.486172
10.284838
10.124276
9.992763
9.878579
9.770000
9.659103
9.553150
9.463203
9.400321
9.375567
9.400000
9.476769
9.577377
9.665414
9.704470
9.658135
9.490000
9.177338
8.752156
8.260142
7.746985
7.258375
6.840000
6.524479
6.292147
6.110268
5.946108
5.766930
5.540000
5.241922
4.886664
4.497535
4.097842
3.710895
3.360000
3.061907
2.807121
2.579591
2.363263
2.142084
1.900000
1.627767
1.343369
1.071600
0.837254
0.665123
0.580000
0.600916
0.723847
0.939008
1.236611
1.606870
2.040000
2.523384
3.033094
3.542369
4.024451
4.452581
4.800000
5.050037
5.226370
5.362767
5.492993
5.650815
5.870000
6.172764
6.535129
6.921564
7.296540
7.624528
7.870000
8.008720
8.061633
8.060979
8.038996
8.027923
8.060000
8.154021
8.275004
8.374521
8.404144
8.315446
8.060000
7.606629
6.993164
6.274687
5.506279
4.743023
4.040000
3.440619
2.941598
2.527981
2.184813
1.897137
1.650000
1.434598
1.266740
1.168389
1.161507
1.268057
1.510000
1.898397
2.400701
2.973463
3.573232
4.156561
4.680000
5.109360
5.447493
5.706511
5.898526
6.035652
6.130000
6.194627
6.246366
6.302995
6.382292
6.502034
6.680000
6.926485
7.221859
7.539010
7.850825
8.130193
8.350000
8.485960
8.525086
8.457215
8.272185
7.959834
7.510000
6.926618
6.270019
5.614630
5.034878
4.605192
4.400000
4.467196
4.748542
5.159267
5.614599
6.029767
6.320000
6.421172
6.351739
6.150804
5.857468
5.510832
5.150000
4.808764
4.499686
4.230018
4.007013
3.837922
3.730000
3.684835
3.681368
3.692874
3.692631
3.653914
3.550000
3.369070
3.158916
2.982235
2.901725
2.980081
3.280000
3.839071
4.594450
5.458185
6.342323
7.158912
7.820000
8.258673
8.492172
8.558775
8.496762
8.344410
8.140000
7.918505
7.701677
7.507965
7.355816
7.263679
7.250000
7.325642
7.471121
7.659366
7.863307
8.055876
8.210000
8.308650
8.374952
8.442072
8.543176
8.711430
8.980000
9.368184
9.839812
10.344845
10.833246
11.254977
11.560000
11.713614
11.742468
11.688547
11.593839
11.500328
11.450000
11.476017
11.576243
11.739715
11.955473
12.212555
12.500000
12.808474
13.135153
13.478841
13.838343
14.212461
14.600000
14.997541
15.392775
15.771169
16.118193
16.419314
16.660000
16.830575
16.940786
17.005232
17.038516
17.055238
17.070000
17.094602
17.129638
17.172902
17.222188
17.275290
17.330000
17.384027
17.434737
17.479409
17.515324
17.539761
17.550000
17.542762
17.512525
17.453211
17.358739
17.223029
17.040000
16.804648
16.516272
16.175245
15.781942
15.336735
14.840000
14.287534
13.656830
12.920807
12.052383
11.024474
9.810000
8.407161
6.915296
5.459025
4.162972
3.151756
2.550000
2.439284
2.729023
3.285591
3.975360
4.664706
5.220000
5.538434
5.640463
5.577361
5.400401
5.160857
4.910000
4.692676
4.528014
4.428714
4.407478
4.477007
4.650000
4.932807
5.306371
5.745282
6.224130
6.717506
7.200000
7.647807
8.043539
8.371409
8.615633
8.760425
8.790000
8.697213
8.509474
8.262833
7.993340
7.737046
7.530000
7.397416
7.321159
7.272260
7.221747
7.140651
7.000000
6.780717
6.503297
6.198128
5.895597
5.626091
5.420000
5.298836
5.248615
5.246479
5.269570
5.295030
5.300000
5.268847
5.214836
5.158456
5.120197
5.120548
5.180000
5.312536
5.506117
5.742198
6.002236
6.267685
6.520000
6.744899
6.945142
7.127751
7.299749
7.468158
7.640000
7.818888
7.994798
8.154297
8.283952
8.370331
8.400000
8.362189
8.256779
8.086311
7.853331
7.560379
7.210000
6.826754
6.523273
6.434207
6.694207
7.437921
8.800000
10.832184
13.254574
15.704359
17.818732
19.234882
19.590000
18.645019
16.655839
14.002105
11.063458
8.219542
5.850000
4.252926
3.400217
3.182221
3.489288
4.211765
5.240000
6.467908
7.803664
9.159010
10.445687
11.575437
12.460000
13.036832
13.346238
13.454238
13.426852
13.330100
13.230000
13.178516
13.171385
13.190287
13.216904
13.232914
13.220000
13.165817
13.081926
12.985863
12.895163
12.827364
12.800000
12.824604
12.888689
12.973762
13.061333
13.132909
13.170000
13.159285
13.108135
13.029089
12.934691
12.837481
12.750000
12.681125
12.625069
12.572380
12.513607
12.439298
12.340000
12.207650
12.039737
11.835139
11.592731
11.311393
10.990000
10.632950
10.266722
9.923315
9.634726
9.432955
9.350000
9.393928
9.477076
9.487852
9.314660
8.845908
7.970000
6.634672
5.024972
3.385277
1.959966
0.993414
0.730000
1.336783
2.671555
4.514789
6.646958
8.848537
10.900000
12.623566
14.008439
15.085568
15.885905
16.440399
16.780000
16.934602
16.929876
16.790438
16.540902
16.205884
15.810000
15.375851
14.917983
14.448931
13.981228
13.527406
13.100000
12.707690
12.343746
11.997587
11.658631
11.316296
10.960000
10.585659
10.215181
9.876970
9.599433
9.410975
9.340000
9.402637
9.565901
9.784532
10.013266
10.206843
10.320000
10.321525
10.236399
10.103654
9.962318
9.851423
9.810000
9.863115
9.979983
10.115854
10.225980
10.265612
10.190000
9.971015
9.647003
9.272930
8.903761
8.594463
8.400000
8.357733
8.434599
8.579927
8.743050
8.873297
8.920000
8.846525
8.672381
8.431112
8.156262
7.881377
7.640000
7.458713
7.336249
7.264376
7.234864
7.239482
7.270000
7.318205
7.375957
7.435135
7.487616
7.525278
7.540000
7.526013
7.486959
7.428835
7.357637
7.279360
7.200000
7.123438
7.045095
6.958274
6.856281
6.732422
6.580000
6.393197
6.169699
5.908068
5.606867
5.264657
4.880000
4.455486
4.009812
3.565702
3.145881
2.773072
2.470000
2.254858
2.127719
2.084122
2.119610
2.229722
2.410000
2.657071
2.971905
3.356559
3.813088
4.343550
4.950000
5.629080
6.355771
7.099642
7.830259
8.517189
9.130000
9.645406
10.068713
10.412373
10.688839
10.910564
11.090000
11.239156
11.368265
11.487115
11.605496
11.733194
11.880000
12.051673
12.237856
12.424165
12.596216
12.739622
12.840000
12.888459
12.898089
12.887473
12.875197
12.879845
12.920000
13.007732
13.129049
13.263442
13.390403
13.489425
13.540000
13.528667
13.470160
13.386259
13.298745
13.229398
13.200000
13.226071
13.298088
13.400272
13.516840
13.632010
13.730000
13.799597
13.847856
13.886403
13.926859
13.980851
14.060000
14.177672
14.354189
14.611617
14.972019
15.457459
16.090000
16.878189
17.776497
18.725878
19.667287
20.541676
21.290000
21.860592
22.231305
22.387370
22.314020
21.996486
21.420000
20.584859
19.551617
18.395892
17.193302
16.019465
14.950000
14.044924
13.301856
12.702812
12.229810
11.864867
11.590000
11.385535
11.225032
11.080359
10.923384
10.725975
10.460000
10.109786
9.709496
9.305750
8.945172
8.674381
8.540000
8.571386
8.728837
8.955389
9.194077
9.387936
9.480000
9.425181
9.225897
8.896442
8.451112
7.904199
7.270000
6.567983
5.838316
5.126341
4.477402
3.936841
3.550000
3.354786
3.359358
3.564442
3.970761
4.579039
5.390000
6.391948
7.523510
8.710890
9.880294
10.957929
11.870000
12.561124
13.049565
13.371999
13.565099
13.665541
13.710000
13.725036
13.696747
13.601116
13.414126
13.111759
12.670000
12.079658
11.390855
10.668538
9.977658
9.383162
8.950000
8.723693
8.672057
8.743481
8.886353
9.049063
9.180000
9.235848
9.206473
9.090039
8.884707
8.588640
8.200000
7.723842
7.192791
6.646364
6.124078
5.665451
5.310000
5.096839
5.063474
5.247005
5.684535
6.413166
7.470000
8.865005
10.499611
12.248117
13.984819
15.584014
16.920000
17.895642
18.528082
18.863028
18.946190
18.823278
18.540000
18.135713
17.624358
17.013522
16.310792
15.523755
14.660000
13.732848
12.778560
11.839135
10.956569
10.172858
9.530000
9.056415
8.726216
8.499938
8.338119
8.201294
8.050000
7.861771
7.682133
7.573612
7.598733
7.820021
8.300000
9.072938
10.060067
11.154364
12.248801
13.236355
14.010000
14.490506
14.709820
14.727684
14.603841
14.398032
14.170000
13.968465
13.798061
13.652401
13.525096
13.409758
13.300000
13.189152
13.069416
12.932713
12.770962
12.576084
12.340000
12.060390
11.757977
11.459248
11.190685
10.978774
10.850000
10.820169
10.862378
10.939046
11.012593
11.045438
11.000000
10.840972
10.542141
10.079568
9.429313
8.567436
7.470000
6.142332
4.706836
3.315184
2.119046
1.270094
0.920000
1.173866
1.950514
3.122198
4.561172
6.139688
7.730000
9.223270
10.586293
11.804774
12.864416
13.750923
14.450000
14.951712
15.263572
15.397456
15.365238
15.178795
14.850000
14.397892
13.870159
13.321652
12.807223
12.381722
12.100000
11.998619
12.040977
12.172185
12.337352
12.481587
12.550000
12.500689
12.343710
12.102106
11.798924
11.457207
11.100000
10.746264
10.398629
10.055639
9.715841
9.377779
9.040000
8.704994
8.391034
8.120337
7.915120
7.797602
7.790000
7.903435
8.104643
8.349264
8.592937
8.791303
8.900000
8.889044
8.785950
8.632608
8.470909
8.342743
8.290000
8.339324
8.456372
8.591553
8.695279
8.717957
8.610000
8.342919
7.972637
7.576178
7.230569
7.012835
7.000000
7.241084
7.673082
8.204983
8.745777
9.204453
9.490000
9.540153
9.407628
9.173888
8.920395
8.728612
8.680000
8.833537
9.158259
9.600715
10.107457
10.625035
11.100000
11.490329
11.799708
12.043252
12.236073
12.393284
12.530000
12.657184
12.769204
12.856277
12.908622
12.916457
12.870000
12.763481
12.607180
12.415389
12.202401
11.982507
11.770000
11.573429
11.378373
11.164667
10.912146
10.600645
10.210000
9.730625
9.195253
8.647193
8.129757
7.686256
7.360000
7.180458
7.121727
7.144061
7.207715
7.272943
7.300000
7.263654
7.196729
7.146564
7.160495
7.285861
7.570000
8.038861
8.632837
9.270935
9.872157
10.355511
10.640000
10.673403
10.518588
10.267198
10.010876
9.841262
9.850000
10.098455
10.526885
11.045273
11.563600
11.991848
12.240000
12.246945
12.067205
11.784211
11.481392
11.242178
11.150000
11.263950
11.545775
11.932884
12.362684
12.772587
13.100000
13.298133
13.383398
13.388005
13.344167
13.284094
13.240000
13.235230
13.257671
13.286347
13.300279
13.278489
13.200000
13.045623
12.803324
12.462857
12.013978
11.446441
10.750000
9.923759
9.004218
8.037223
7.068623
6.144266
5.310000
4.609247
4.075731
3.740750
3.635602
3.791586
4.240000
4.990040
5.962488
7.056028
8.169339
9.201103
10.050000
10.641660
11.009501
11.213889
11.315191
11.373772
11.450000
11.584757
11.740991
11.862167
11.891751
11.773207
11.450000
10.885332
10.121351
9.219943
8.242991
7.252382
6.310000
5.476739
4.809530
4.364312
4.197024
4.363607
4.920000
5.892110
7.185715
8.676560
10.240393
11.752957
13.090000
14.143526
14.870575
15.244447
15.238442
14.825860
13.980000
12.707584
11.149024
9.478152
7.868802
6.494807
5.530000
5.098961
5.129255
5.499194
6.087090
6.771254
7.430000
7.962082
8.348032
8.588823
8.685432
8.638833
8.450000
8.130396
7.733434
7.323013
6.963034
6.717396
6.650000
6.808185
7.173047
7.709124
8.380951
9.153064
9.990000
10.853393
11.693266
12.456742
13.090942
13.542987
13.760000
13.706902
13.419815
12.952659
12.359357
11.693830
11.010000
10.353444
9.736364
9.162621
8.636073
8.160580
7.740000
7.378212
7.079172
6.846856
6.685238
6.598295
6.590000
6.660883
6.797687
6.983705
7.202233
7.436566
7.670000
7.883763
8.050822
8.142076
8.128423
7.980765
7.670000
7.184711
6.584210
5.945493
5.345556
4.861393
4.570000
4.523782
4.676782
4.958451
5.298243
5.625608
5.870000
5.980670
5.986070
5.934451
5.874065
5.853164
5.920000
6.109279
6.401533
6.763745
7.162904
7.565993
7.940000
8.256055
8.501874
8.669318
8.750246
8.736520
8.620000
8.405388
8.148748
7.918984
7.785001
7.815705
8.080000
8.618643
9.359802
10.203497
11.049749
11.798576
12.350000
12.630827
12.675007
12.543277
12.296375
11.995037
11.700000
11.461801
11.290172
11.184645
11.144753
11.170027
11.260000
11.405999
11.566530
11.691894
11.732393
11.638328
11.360000
10.867862
10.212970
9.466530
8.699751
7.983838
7.390000
6.971211
6.707518
6.560735
6.492679
6.465162
6.440000
6.382572
6.272515
6.093028
5.827313
5.458570
4.970000
4.359010
3.679831
3.000902
2.390662
1.917548
1.650000
1.633704
1.823347
2.150863
2.548188
2.947255
3.280000
3.493997
3.599373
3.621894
3.587329
3.521442
3.450000
3.395078
3.363977
3.360309
3.387683
3.449710
3.550000
3.689258
3.856570
4.038119
4.220086
4.388652
4.530000
4.636688
4.726779
4.824715
4.954937
5.141885
5.410000
5.774409
6.212980
6.694270
7.186833
7.659225
8.080000
8.426974
8.715003
8.968203
9.210692
9.466585
9.760000
10.106446
10.487008
10.874166
11.240398
11.558183
11.800000
11.944511
11.995112
11.961383
11.852901
11.679247
11.450000
11.172917
10.848468
10.475304
10.052071
9.577421
9.050000
8.470210
7.845458
7.184903
6.497702
5.793015
5.080000
4.372955
3.706735
3.121336
2.656750
2.352973
2.250000
2.373803
2.694266
3.167255
3.748631
4.394258
5.060000
5.709242
6.335458
6.939645
7.522800
8.085919
8.630000
9.153675
9.646124
10.094165
10.484613
10.804286
11.040000
11.185364
11.261156
11.294946
11.314303
11.346798
11.420000
11.553572
11.735548
11.946053
12.165212
12.373153
12.550000
12.681319
12.774430
12.842093
12.897070
12.952119
13.020000
13.108236
13.203400
13.286823
13.339842
13.343790
13.280000
13.138282
12.942342
12.724363
12.516525
12.351010
12.260000
12.262525
12.325009
12.400725
12.442947
12.404948
12.240000
11.917360
11.470215
10.947736
10.399093
9.873458
9.420000
9.074610
8.820057
8.625831
8.461420
8.296313
8.100000
7.846792
7.530296
7.148940
6.701152
6.185363
5.600000
4.957387
4.325426
3.785911
3.420638
3.311402
3.540000
4.154122
5.065039
6.149918
7.285927
8.350232
9.220000
9.809552
10.181827
10.436917
10.674914
10.995911
11.500000
12.254104
13.192468
14.216165
15.226270
16.123857
16.810000
17.211391
17.357189
17.302173
17.101117
16.808801
16.480000
16.151119
15.785070
15.326394
14.719631
13.909319
12.840000
11.487791
9.955121
8.376000
6.884434
5.614431
4.700000
4.242579
4.213333
4.550857
5.193745
6.080595
7.150000
8.337217
9.564139
10.749324
11.811326
12.668699
13.240000
13.469110
13.401220
13.106847
12.656508
12.120720
11.570000
11.075602
10.711721
10.553288
10.675236
11.152496
12.060000
13.428252
15.110046
16.913750
18.647733
20.120360
21.140000
21.573892
21.524762
21.154210
20.623833
20.095230
19.730000
19.642662
19.759423
19.959410
20.121750
20.125571
19.850000
19.221570
18.356434
17.418150
16.570278
15.976375
15.800000
16.147077
16.892990
17.855489
18.852324
19.701244
20.220000
20.279937
19.966791
19.419893
18.778574
18.182166
17.770000
17.644331
17.759104
18.031189
18.377454
18.714768
18.960000
19.048110
18.986423
18.800353
18.515315
18.156726
17.750000
17.310589
16.814094
16.226151
15.512396
14.638467
13.570000
12.299948
10.930534
9.591293
8.411766
7.521489
7.050000
7.083598
7.535623
8.276175
9.175355
10.103263
10.930000
11.557094
12.011788
12.352755
12.638665
12.928189
13.280000
13.731961
14.238704
14.734055
15.151838
15.425878
15.490000
15.310525
14.983764
14.638524
14.403612
14.407835
14.780000
15.598346
16.738832
18.026849
19.287789
20.347042
21.030000
21.213130
20.977206
20.454080
19.775603
19.073626
18.480000
18.095200
17.894197
17.820581
17.817948
17.829890
17.800000
17.686161
17.503415
17.281095
17.048531
16.835055
16.670000
16.573488
16.528809
16.510040
16.491263
16.446556
16.350000
16.182571
15.952832
15.676245
15.368270
15.044368
14.720000
14.408637
14.115790
13.844981
13.599732
13.383565
13.200000
13.041354
12.855119
12.577580
12.145024
11.493735
10.560000
9.319279
7.903733
6.484697
5.233506
4.321495
3.920000
4.148519
4.919206
6.092380
7.528359
9.087459
10.630000
12.036876
13.271293
14.317031
15.157874
15.777603
16.160000
16.294300
16.191548
15.868244
15.340886
14.625971
13.740000
12.711804
11.619551
10.553742
9.604880
8.863465
8.420000
8.331818
8.523581
8.886786
9.312927
9.693500
9.920000
9.919120
9.758346
9.540363
9.367855
9.343506
9.570000
10.117860
10.928960
11.913012
12.979728
14.038820
15.000000
15.790273
16.405814
16.860090
17.166568
17.338716
17.390000
17.338824
17.223338
17.086627
16.971777
16.921873
16.980000
17.165077
17.399351
17.580901
17.607806
17.378146
16.790000
15.792256
14.537036
13.227270
12.065888
11.255822
11.000000
11.432797
12.414358
13.736270
15.190122
16.567503
17.660000
18.310260
18.565164
18.522650
18.280659
17.937129
17.590000
17.315376
17.102025
16.916879
16.726871
16.498934
16.200000
15.810874
15.367848
14.921085
14.520747
14.216997
14.060000
14.082793
14.249916
14.508783
14.806809
15.091410
15.310000
15.424065
15.451378
15.423784
15.373127
15.331251
15.330000
15.391734
15.500867
15.632331
15.761054
15.861967
15.910000
15.883491
15.774411
15.578142
15.290064
14.905556
14.420000
13.835044
13.177413
12.480100
11.776098
11.098400
10.480000
9.948509
9.510011
9.165209
8.914804
8.759501
8.700000
8.731939
8.830692
8.966566
9.109870
9.230912
9.300000
9.302207
9.281667
9.297278
9.407938
9.672546
10.150000
10.871500
11.757454
12.700571
13.593561
14.329135
14.800000
14.936006
14.815555
14.554187
14.267445
14.070869
14.080000
14.375773
14.900698
15.562679
16.269621
16.929426
17.450000
17.762430
17.890543
17.881346
17.781850
17.639065
17.500000
17.396774
17.301947
17.173187
16.968163
16.644544
16.160000
15.496816
14.735745
13.982157
13.341424
12.918915
12.820000
13.100408
13.617297
14.178184
14.590586
14.662019
14.200000
13.085442
11.492845
9.670106
7.865121
6.325787
5.300000
4.969351
5.250210
5.992640
7.046706
8.262472
9.490000
10.609792
11.624092
12.565582
13.466942
14.360855
15.280000
16.238704
17.177866
18.020033
18.687747
19.103555
19.190000
18.900995
18.315924
17.545538
16.700587
15.891824
15.230000
14.798566
14.571771
14.496567
14.519904
14.588731
14.650000
14.659141
14.605510
14.486943
14.301278
14.046352
13.720000
13.315427
12.807301
12.165659
11.360538
10.361973
9.140000
7.694431
6.144175
4.637919
3.324347
2.352146
1.870000
1.970971
2.525628
3.348915
4.255776
5.061156
5.580000
5.679323
5.434424
4.972672
4.421438
3.908090
3.560000
3.475163
3.634085
3.987898
4.487733
5.084723
5.730000
6.382756
7.034421
7.684488
8.332446
8.977786
9.620000
10.255897
10.871563
11.450401
11.975818
12.431216
12.800000
13.075647
13.291920
13.492657
13.721691
14.022860
14.440000
14.994478
15.617793
16.218972
16.707047
16.991046
16.980000
16.614958
15.965058
15.131454
14.215306
13.317769
12.540000
11.955688
11.528644
11.195211
10.891731
10.554546
10.120000
9.548169
8.894070
8.236453
7.654068
7.225667
7.030000
7.122746
7.467298
8.003978
8.673107
9.415007
10.170000
10.887375
11.552294
12.158886
12.701281
13.173609
13.570000
13.886134
14.123898
14.286729
14.378064
14.401342
14.360000
14.259616
14.114337
13.940449
13.754239
13.571993
13.410000
13.278733
13.165420
13.051476
12.918314
12.747351
12.520000
12.220867
11.847315
11.399899
10.879172
10.285688
9.620000
8.891179
8.142356
7.425179
6.791295
6.292353
5.980000
5.899372
6.069559
6.503137
7.212685
8.210780
9.510000
11.095592
12.843484
14.602274
16.220558
17.546934
18.430000
18.764370
18.628727
18.147769
17.446196
16.648706
15.880000
15.237066
14.706054
14.245402
13.813549
13.368936
12.870000
12.286254
11.631504
10.930625
10.208497
9.489996
8.800000
8.157638
7.559043
6.994598
6.454687
5.929693
5.410000
4.894072
4.412694
4.004732
3.709052
3.564519
3.610000
3.873667
4.340922
4.986474
5.785032
6.711304
7.740000
8.838899
9.948062
11.000622
11.929711
12.668459
13.150000
13.327774
13.236458
12.931037
12.466497
11.897822
11.280000
10.672597
10.153514
9.805230
9.710229
9.950992
10.610000
11.718549
13.103192
14.539292
15.802217
16.667331
16.910000
16.391353
15.315572
13.972601
12.652386
11.644870
11.240000
11.636593
12.668965
14.080303
15.613796
17.012632
18.020000
18.450561
18.404865
18.054938
17.572802
17.130481
16.900000
17.007229
17.393426
17.953696
18.583145
19.176878
19.630000
19.862561
19.894394
19.770277
19.534987
19.233302
18.910000
18.599702
18.296405
17.983947
17.646167
17.266905
16.830000
16.326916
15.779616
15.217687
14.670716
14.168292
13.740000
13.405133
13.141797
12.917805
12.700967
12.459095
12.160000
11.782229
11.347268
10.887342
10.434674
10.021485
9.680000
9.432620
9.262462
9.142825
9.047004
8.948297
8.820000
8.643728
8.434363
8.215108
8.009161
7.839725
7.730000
7.698303
7.743417
7.859244
8.039683
8.278635
8.570000
8.905700
9.269745
9.644166
10.010994
10.352262
10.650000
10.893017
11.097233
11.285343
11.480043
11.704030
11.980000
12.322786
12.715768
13.134463
13.554388
13.951062
14.300000
14.581210
14.792660
14.936806
15.016107
15.033019
14.990000
14.886772
14.712112
14.452063
14.092667
13.619965
13.020000
12.291471
11.483706
10.658691
9.878412
9.204853
8.700000
8.409983
8.317507
8.389421
8.592575
8.893818
9.260000
9.659153
10.064045
10.448625
10.786844
11.052652
11.220000
11.269238
11.206314
11.043580
10.793383
10.468073
10.080000
9.639359
9.147735
8.604557
8.009255
7.361259
6.660000
5.914204
5.169783
4.481944
3.905895
3.496845
3.310000
3.382806
3.681652
4.155168
4.751979
5.420714
6.110000
6.774018
7.389163
7.937385
8.400632
8.760854
9.000000
9.110614
9.127622
9.096544
9.062900
9.072212
9.170000
9.386535
9.691091
10.037691
10.380360
10.673122
10.870000
10.939681
10.909497
10.821442
10.717512
10.639699
10.630000
10.716964
10.875367
11.066540
11.251816
11.392525
11.450000
11.388898
11.187184
10.826147
10.287077
9.551265
8.600000
7.439433
6.175156
4.937622
3.857283
3.064591
2.690000
2.829110
3.438117
4.438366
5.751199
7.297963
9.000000
10.779358
12.560893
14.270166
15.832735
17.174160
18.220000
18.918968
19.312383
19.464721
19.440454
19.304056
19.120000
18.941392
18.775869
18.619699
18.469152
18.320496
18.170000
18.016945
17.872659
17.751482
17.667753
17.635813
17.670000
17.776383
17.927939
18.089373
18.225391
18.300699
18.280000
18.135995
17.873363
17.504775
17.042903
16.500421
15.890000
15.226117
14.530461
13.826528
13.137810
12.487803
11.900000
11.383659
10.891089
10.360365
9.729559
8.936747
7.920000
6.655638
5.272961
3.939514
2.822841
2.090488
1.910000
2.387168
3.380770
4.687831
6.105373
7.430421
8.460000
9.039948
9.211365
9.064164
8.688260
8.173568
7.610000
7.073086
6.580807
6.136763
5.744549
5.407762
5.130000
4.911136
4.736146
4.586285
4.442804
4.286958
4.100000
3.873715
3.642016
3.449349
3.340160
3.358895
3.550000
3.939839
4.482458
5.113819
5.769888
6.386627
6.900000
7.264520
7.508893
7.680374
7.826215
7.993673
8.230000
8.572542
9.019006
9.557187
10.174882
10.859887
11.600000
12.385218
13.214343
14.088380
15.008333
15.975205
16.990000
18.037142
19.034732
19.884292
20.487342
20.745405
20.560000
19.873483
18.791543
17.460702
16.027482
14.638408
13.440000
12.546102
11.939838
11.571652
11.391987
11.351289
11.400000
11.492386
11.597994
11.690192
11.742347
11.727827
11.620000
11.402131
11.097075
10.737582
10.356404
9.986293
9.660000
9.404783
9.225929
9.123231
9.096481
9.145473
9.270000
9.478504
9.814024
10.328246
11.072857
12.099547
13.460000
15.160182
17.023162
18.826287
20.346904
21.362359
21.650000
21.070584
19.818514
18.171606
16.407675
14.804534
13.640000
13.114567
13.119448
13.468538
13.975731
14.454920
14.720000
14.639298
14.298879
13.839241
13.400883
13.124303
13.150000
13.565603
14.247259
15.018249
15.701850
16.121341
16.100000
15.524588
14.535787
13.337764
12.134682
11.130705
10.530000
10.469472
10.816998
11.373196
11.938683
12.314079
12.300000
11.764884
10.848442
9.758203
8.701696
7.886452
7.520000
7.742380
8.423679
9.366493
10.373420
11.247057
11.790000
11.864252
11.569435
11.064574
10.508697
10.060830
9.880000
10.076722
10.567471
11.220209
11.902901
12.483511
12.830000
12.851035
12.618090
12.243338
11.838956
11.517118
11.390000
11.532840
11.873133
12.301438
12.708312
12.984313
13.020000
12.738992
12.197154
11.483410
10.686687
9.895908
9.200000
8.671283
8.315657
8.122420
8.080868
8.180295
8.410000
8.753747
9.173179
9.624408
10.063547
10.446707
10.730000
10.878683
10.894590
10.788697
10.571982
10.255424
9.850000
9.368419
8.830315
8.257055
7.670005
7.090531
6.540000
6.039541
5.609336
5.269334
5.039479
4.939719
4.990000
5.199715
5.536044
5.955611
6.415042
6.870963
7.280000
7.609284
7.867971
8.075724
8.252205
8.417076
8.590000
8.775927
8.920961
8.956493
8.813916
8.424621
7.720000
6.669739
5.396704
4.062053
2.826945
1.852541
1.300000
1.280625
1.706298
2.439046
3.340895
4.273871
5.100000
5.715400
6.152548
6.478013
6.758365
7.060171
7.450000
7.975693
8.610177
9.307651
10.022313
10.708363
11.320000
11.821597
12.218226
12.525134
12.757568
12.930774
13.060000
13.158152
13.228772
13.273064
13.292231
13.287476
13.260000
13.213019
13.157797
13.107609
13.075729
13.075435
13.120000
13.214030
13.327447
13.421501
13.457444
13.396527
13.200000
12.847758
12.394267
11.912636
11.475975
11.157394
11.030000
11.141327
11.436596
11.835453
12.257543
12.622510
12.850000
12.882074
12.750459
12.509300
12.212741
11.914926
11.670000
11.521073
11.467123
11.496096
11.595937
11.754590
11.960000
12.198542
12.450307
12.693815
12.907586
13.070141
13.160000
13.163093
13.094983
12.978646
12.837053
12.693180
12.570000
12.487468
12.453464
12.472853
12.550497
12.691258
12.900000
13.175648
13.493382
13.822442
14.132071
14.391509
14.570000
14.645680
14.632268
14.552379
14.428629
14.283631
14.140000
14.014225
13.898287
13.778041
13.639341
13.468043
13.250000
12.976262
12.658657
12.314207
11.959932
11.612856
11.290000
11.004892
10.757084
10.542632
10.357596
10.198033
10.060000
9.940698
9.841897
9.766513
9.717460
9.697651
9.710000
9.753382
9.810512
9.860064
9.880713
9.851133
9.750000
9.565496
9.323832
9.060731
8.811912
8.613095
8.500000
8.498062
8.591566
8.754512
8.960900
9.184729
9.400000
9.586934
9.750646
9.902471
10.053748
10.215812
10.400000
10.613970
10.850666
11.099352
11.349294
11.589755
11.810000
12.002555
12.172986
12.330119
12.482781
12.639800
12.810000
12.997523
13.187761
13.361421
13.499210
13.581834
13.590000
13.513789
13.380785
13.227945
13.092229
13.010595
13.020000
13.140098
13.321322
13.496797
13.599651
13.563009
13.320000
12.826604
12.130224
11.301116
10.409538
9.525747
8.720000
8.047930
7.506672
7.078739
6.746641
6.492891
6.300000
6.161168
6.112347
6.200179
6.471304
6.972364
7.750000
8.823511
10.102829
11.470547
12.809254
14.001541
14.930000
15.501965
15.723743
15.626385
15.240941
14.598463
13.730000
12.681222
11.556273
10.473915
9.552908
8.912016
8.670000
8.904951
9.532275
10.426707
11.462982
12.515835
13.460000
14.197909
14.742774
15.135507
15.417015
15.628210
15.810000
15.991563
16.155146
16.271266
16.310438
16.243177
16.040000
15.684961
15.216271
14.685680
14.144938
13.645795
13.240000
12.965306
12.803473
12.722263
12.689440
12.672764
12.640000
12.569093
12.478726
12.397767
12.355081
12.379537
12.500000
12.730498
13.025696
13.325420
13.569495
13.697746
13.650000
13.387897
12.960342
12.438054
11.891755
11.392163
11.010000
10.790183
10.674419
10.578613
10.418672
10.110499
9.570000
8.753919
7.782354
6.816242
6.016521
5.544128
5.560000
6.177846
7.322462
8.871417
10.702280
12.692618
14.720000
16.671179
18.469649
20.048088
21.339174
22.275585
22.790000
22.844474
22.518571
21.921231
21.161395
20.348005
19.590000
18.973101
18.490142
18.110738
17.804504
17.541053
17.290000
17.024281
16.730121
16.397066
16.014663
15.572459
15.060000
14.482414
13.907153
13.417249
13.095734
13.025640
13.290000
13.930599
14.824230
15.806439
16.712774
17.378778
17.640000
17.383987
16.706298
15.754494
14.676135
13.618784
12.730000
12.122805
11.772060
11.618085
11.601203
11.661734
11.740000
11.776321
11.711019
11.484415
11.036829
10.308584
9.240000
7.771398
5.843100
3.395427
0.368699
0.368699
0.368699
