9.490262
9.128361
8.786841
8.478244
8.215116
8.010000
7.875439
7.823978
7.868159
8.020528
8.293627
8.700000
9.245342
9.907950
10.659272
11.470755
12.313849
13.160000
13.985369
14.784964
15.558504
16.305710
17.026302
17.720000
18.382580
18.994047
19.530462
19.967885
20.282377
20.450000
20.459218
20.348107
20.167150
19.966825
19.797615
19.710000
19.736522
19.837968
19.957190
20.037036
20.020356
19.850000
19.488353
18.975945
18.372841
17.739105
17.134803
16.620000
16.236269
15.951213
15.713946
15.473580
15.179227
14.780000
14.241711
13.596980
12.895124
12.185462
11.517315
10.940000
10.488830
10.143090
9.868059
9.629014
9.391235
9.120000
8.787135
8.390659
7.935141
7.425146
6.865244
6.260000
5.619667
4.977235
4.371378
3.840770
3.424086
3.160000
3.072483
3.126696
3.273096
3.462142
3.644291
3.770000
3.805725
3.781907
3.744986
3.741402
3.817593
4.020000
4.376239
4.838640
5.340709
5.815954
6.197882
6.420000
6.436726
6.286127
6.027177
5.718855
5.420137
5.190000
5.075096
5.072779
5.168081
5.346031
5.591661
5.890000
6.229095
6.609053
7.032999
7.504056
8.025348
8.600000
9.228573
9.901380
10.606175
11.330708
12.062732
12.790000
13.491939
14.114686
14.596053
14.873853
14.885898
14.570000
13.900568
12.998394
12.020863
11.125362
10.469279
10.210000
10.448612
11.060999
11.866747
12.685440
13.336662
13.640000
13.466467
12.892796
12.047151
11.057694
10.052590
9.160000
8.482281
8.018558
7.742151
7.626376
7.644553
7.770000
7.977465
8.247415
8.561747
8.902357
9.251143
9.590000
9.901609
10.171781
10.387111
10.534195
10.599626
10.570000
10.442442
10.256201
10.061057
9.906789
9.843177
9.920000
10.166354
10.528598
10.932409
11.303463
11.567434
11.650000
11.502652
11.180146
10.763056
10.331953
9.967410
9.750000
9.736094
9.885261
10.132867
10.414281
10.664870
10.820000
10.832740
10.726958
10.544224
10.326107
10.114176
9.950000
9.862344
9.828758
9.813985
9.782772
9.699862
9.530000
9.251772
8.899122
8.519835
8.161695
7.872489
7.700000
7.675337
7.762904
7.910427
8.065632
8.176248
8.190000
8.072250
7.858893
7.603459
7.359479
7.180483
7.120000
7.214091
7.428934
7.713237
8.015711
8.285062
8.470000
8.533147
8.492781
8.381092
8.230271
8.072510
7.940000
7.857533
7.820313
7.816145
7.832833
7.858183
7.880000
7.885886
7.862632
7.796828
7.675062
7.483923
7.210000
6.847535
6.421381
5.964045
5.508031
5.085848
4.730000
4.466798
4.297769
4.218244
4.223554
4.309029
4.470000
4.697077
4.961986
5.231729
5.473310
5.653732
5.740000
5.711142
5.594287
5.428591
5.253208
5.107293
5.030000
5.051086
5.162716
5.347656
5.588673
5.868532
6.170000
6.476966
6.777810
7.062033
7.319138
7.538626
7.710000
7.827762
7.906415
7.965462
8.024406
8.102751
8.220000
8.387959
8.587643
8.792370
8.975460
9.110231
9.170000
9.136469
9.024867
8.858807
8.661901
8.457761
8.270000
8.118713
8.009926
7.946152
7.929899
7.963678
8.050000
8.184699
8.336909
8.469086
8.543689
8.523174
8.370000
8.062305
7.640956
7.162503
6.683493
6.260476
5.950000
5.788534
5.732229
5.717152
5.679376
5.554968
5.280000
4.812863
4.201241
3.515138
2.824560
2.199512
1.710000
1.411587
1.302068
1.364797
1.583126
1.940410
2.420000
2.999863
3.636413
4.280675
4.883676
5.396442
5.770000
5.971646
6.033763
6.005004
5.934021
5.869469
5.860000
5.942256
6.104832
6.324311
6.577276
6.840312
7.090000
7.307246
7.490243
7.641503
7.763540
7.858868
7.930000
7.978851
8.004937
8.007178
7.984490
7.935791
7.860000
7.759387
7.649637
7.549786
7.478872
7.455931
7.500000
7.620313
7.786885
7.959928
8.099653
8.166274
8.120000
7.932556
7.621713
7.216753
6.746959
6.241614
5.730000
5.240435
4.797375
4.424310
4.144733
3.982132
3.960000
4.089593
4.333232
4.641006
4.963000
5.249302
5.450000
5.534434
5.548955
5.559167
5.630676
5.829085
6.220000
6.850311
7.692060
8.698576
9.823185
11.019217
12.240000
13.431312
14.508729
15.380280
15.953991
16.137888
15.840000
15.021201
13.853763
12.562804
11.373444
10.510803
10.200000
10.584439
11.480665
12.623505
13.747788
14.588344
14.880000
14.444931
13.454690
12.168178
10.844292
9.741933
9.120000
9.148106
9.638723
10.315035
10.900228
11.117488
10.690000
9.448571
7.654493
5.676683
3.884054
2.645521
2.330000
3.182704
4.954045
7.270734
9.759483
12.047001
13.760000
14.628437
14.795252
14.506630
14.008757
13.547818
13.370000
13.651048
14.284948
15.095247
15.905491
16.539226
16.820000
16.620890
16.013105
15.117383
14.054465
12.945091
11.910000
11.045252
10.348189
9.791471
9.347760
8.989715
8.690000
8.424952
8.185620
7.966732
7.763015
7.569195
7.380000
7.188088
6.977848
6.731599
6.431662
6.060355
5.600000
5.043158
4.423358
3.784371
3.169968
2.623921
2.190000
1.905808
1.784277
1.832168
2.056244
2.463267
3.060000
3.839997
4.743979
5.699458
6.633946
7.474956
8.150000
8.608184
8.884992
9.037500
9.122786
9.197927
9.320000
9.527729
9.786423
10.043041
10.244538
10.337872
10.270000
10.009234
9.609315
9.145336
8.692394
8.325583
8.120000
8.123343
8.273725
8.481865
8.658479
8.714285
8.560000
8.139339
7.528007
6.834705
6.168136
5.637000
5.350000
5.377680
5.637950
6.010564
6.375275
6.611836
6.600000
6.258507
5.662044
4.924288
4.158912
3.479591
3.000000
2.802460
2.843872
3.049785
3.345745
3.657301
3.910000
4.045543
4.070245
4.006574
3.876997
3.703983
3.510000
3.315275
3.131074
2.966421
2.830341
2.731859
2.680000
2.684699
2.759534
2.918993
3.177564
3.549737
4.050000
4.681531
5.402273
6.158859
6.897920
7.566089
8.110000
8.492139
8.738410
8.890573
8.990386
9.079609
9.200000
9.378988
9.586679
9.778849
9.911275
9.939734
9.820000
9.526540
9.108579
8.634030
8.170808
7.786827
7.550000
7.505361
7.606413
7.783780
7.968085
8.089951
8.080000
7.887712
7.537992
7.074599
6.541296
5.981843
5.440000
4.955087
4.548658
4.237823
4.039694
3.971382
4.050000
4.283466
4.642933
5.090360
5.587707
6.096934
6.580000
7.006510
7.376646
7.698236
7.979107
8.227086
8.450000
8.655401
8.849741
9.039195
9.229938
9.428148
9.640000
9.869570
10.112539
10.362486
10.612991
10.857636
11.090000
11.306225
11.512697
11.718363
11.932171
12.163067
12.420000
12.707520
13.012599
13.317811
13.605732
13.858937
14.060000
14.195314
14.266536
14.279141
14.238604
14.150399
14.020000
13.853678
13.660887
13.451874
13.236890
13.026182
12.830000
12.657750
12.515472
12.408361
12.341615
12.320429
12.350000
12.431755
12.552040
12.693431
12.838503
12.969835
13.070000
13.125415
13.137850
13.112916
13.056223
12.973381
12.870000
12.753715
12.640262
12.547403
12.492899
12.494511
12.570000
12.729308
12.951100
13.206220
13.465513
13.699825
13.880000
13.984932
14.025709
14.021468
13.991345
13.954476
13.930000
13.934019
13.970509
14.040410
14.144664
14.284214
14.460000
14.670750
14.906331
15.154394
15.402592
15.638576
15.850000
16.028444
16.181206
16.319515
16.454598
16.597684
16.760000
16.948299
17.151438
17.353796
17.539755
17.693696
17.800000
17.845257
17.824894
17.736550
17.577862
17.346466
17.040000
16.659933
16.223058
15.750002
15.261390
14.777848
14.320000
13.901772
13.510280
13.125941
12.729170
12.300385
11.820000
11.276731
10.692490
10.097485
9.521929
8.996030
8.550000
8.202600
7.926799
7.684118
7.436078
7.144198
6.770000
6.290508
5.744758
5.187292
4.672650
4.255372
3.990000
3.916527
4.016761
4.257964
4.607397
5.032322
5.500000
5.979773
6.449308
6.888351
7.276650
7.593950
7.820000
7.940907
7.968228
7.919880
7.813781
7.667848
7.500000
7.320023
7.105187
6.824628
6.447485
5.942896
5.280000
4.449647
3.529544
2.619108
1.817760
1.224917
0.940000
1.030925
1.439602
2.076439
2.851846
3.676230
4.460000
5.130728
5.684643
6.135135
6.495598
6.779422
7.000000
7.172134
7.316272
7.454270
7.607985
7.799276
8.050000
8.373465
8.748788
9.146536
9.537275
9.891574
10.180000
10.381504
10.508575
10.582087
10.622913
10.651926
10.690000
10.752463
10.832466
10.917615
10.995516
11.053776
11.080000
11.066190
11.021931
10.961203
10.897985
10.846257
10.820000
10.830461
10.877957
10.960074
11.074397
11.218510
11.390000
11.581781
11.768092
11.918501
12.002576
11.989886
11.850000
11.570609
11.211897
10.852172
10.569743
10.442916
10.550000
10.937405
11.523951
12.196561
12.842157
13.347663
13.600000
13.520374
13.167115
12.632835
12.010148
11.391665
10.870000
10.516007
10.313516
10.224598
10.211325
10.235768
10.260000
10.253791
10.217709
10.160022
10.088996
10.012900
9.940000
9.877533
9.828611
9.795315
9.779727
9.783928
9.810000
9.854736
9.893775
9.897469
9.836170
9.680230
9.400000
8.976905
8.436661
7.816059
7.151888
6.480939
5.840000
5.268432
4.815876
4.534544
4.476646
4.694395
5.240000
6.138070
7.302796
8.620764
9.978563
11.262779
12.360000
13.176603
13.698126
13.929898
13.877249
13.545507
12.940000
12.082973
11.064331
9.990892
8.969478
8.106907
7.510000
7.248310
7.242330
7.375283
7.530395
7.590893
7.440000
6.998970
6.341166
5.577977
4.820793
4.181004
3.770000
3.673170
3.871896
4.321560
4.977545
5.795231
6.730000
7.735944
8.761992
9.755782
10.664955
11.437148
12.020000
12.374212
12.512730
12.461561
12.246711
11.894188
11.430000
10.882809
10.291903
9.699225
9.146720
8.676330
8.330000
8.134645
8.057067
8.049039
8.062337
8.048732
7.960000
7.757223
7.438719
7.012117
6.485045
5.865130
5.160000
4.385909
3.593612
2.842491
2.191928
1.701304
1.430000
1.419281
1.637944
2.036668
2.566132
3.177016
3.820000
4.450346
5.041649
5.572088
6.019841
6.363085
6.580000
6.659890
6.636570
6.554980
6.460061
6.396754
6.410000
6.537917
6.791331
7.174243
7.690657
8.344575
9.140000
10.068951
11.075515
12.091797
13.049902
13.881935
14.520000
14.915818
15.099574
15.121068
15.030104
14.876480
14.710000
14.570139
14.455080
14.352679
14.250794
14.137282
14.000000
13.830708
13.636773
13.429464
13.220053
13.019808
12.840000
12.685086
12.532274
12.351963
12.114549
11.790429
11.350000
10.778163
10.117834
9.426433
8.761381
8.180096
7.740000
7.482031
7.381204
7.396054
7.485113
7.606917
7.720000
7.791213
7.820683
7.816852
7.788166
7.743067
7.690000
7.633996
7.566435
7.475286
7.348519
7.174101
6.940000
6.648268
6.357281
6.139502
6.067388
6.213401
6.650000
7.422379
8.466662
9.691707
11.006373
12.319518
13.540000
14.590042
15.445331
16.094919
16.527859
16.733202
16.700000
16.430601
15.980532
15.418615
14.813673
14.234527
13.750000
13.412229
13.206615
13.101870
13.066709
13.069848
13.080000
13.068861
13.020047
12.920156
12.755786
12.513535
12.180000
11.750476
11.255050
10.732506
10.221627
9.761197
9.390000
9.131965
8.951603
8.798570
8.622521
8.373112
8.000000
7.468098
6.803351
6.046965
5.240141
4.424085
3.640000
2.926755
2.313880
1.828572
1.498025
1.349436
1.410000
1.690670
2.137424
2.679998
3.248129
3.771551
4.180000
4.428252
4.571239
4.688935
4.861312
5.168343
5.690000
6.477527
7.467249
8.566761
9.683660
10.725541
11.600000
12.238400
12.667174
12.936521
13.096641
13.197734
13.290000
13.410540
13.544057
13.662156
13.736444
13.738523
13.640000
13.422868
13.110673
12.737353
12.336844
11.943081
11.590000
11.301925
11.064731
10.854680
10.648033
10.421052
10.150000
9.821283
9.461883
9.108928
8.799545
8.570859
8.460000
8.490536
8.631810
8.839608
9.069715
9.277917
9.420000
9.466295
9.445320
9.400139
9.373816
9.409415
9.550000
9.824608
10.206169
10.653585
11.125761
11.581598
11.980000
12.287542
12.501486
12.626769
12.668326
12.631091
12.520000
12.341707
12.109737
11.839337
11.545751
11.244224
10.950000
10.677067
10.434379
10.229632
10.070522
9.964746
9.920000
9.937942
9.996080
10.065885
10.118826
10.126374
10.060000
9.903063
9.686486
9.453079
9.245655
9.107024
9.080000
9.195638
9.437977
9.779300
10.191889
10.648028
11.120000
11.583597
12.028643
12.448473
12.836419
13.185817
13.490000
13.744929
13.957081
14.135560
14.289470
14.427915
14.560000
14.692797
14.825254
14.954286
15.076811
15.189743
15.290000
15.375966
15.451903
15.523544
15.596619
15.676861
15.770000
15.878988
15.995651
16.109037
16.208193
16.282165
16.320000
16.315954
16.285122
16.247807
16.224313
16.234942
16.300000
16.430297
16.598675
16.768484
16.903075
16.965797
16.920000
16.742257
16.462031
16.122007
15.764870
15.433306
15.170000
15.005582
14.922461
14.890990
14.881520
14.864406
14.810000
14.696108
14.530346
14.327785
14.103494
13.872542
13.650000
13.447671
13.264301
13.095369
12.936355
12.782739
12.630000
12.476957
12.335782
12.221988
12.151085
12.138585
12.200000
12.341307
12.530348
12.725430
12.884861
12.966949
12.930000
12.745685
12.439122
12.048791
11.613174
11.170750
10.760000
10.410583
10.116868
9.864404
9.638740
9.425422
9.210000
8.980735
8.736739
8.479842
8.211868
7.934645
7.650000
7.363702
7.097285
6.876230
6.726011
6.672109
6.740000
6.941589
7.234489
7.562740
7.870383
8.101456
8.200000
8.130174
7.936610
7.684059
7.437273
7.261003
7.220000
7.357068
7.627220
7.963524
8.299044
8.566847
8.700000
8.649934
8.441546
8.118096
7.722848
7.299062
6.890000
6.526667
6.191041
5.852841
5.481787
5.047600
4.520000
3.887702
3.215402
2.586790
2.085559
1.795398
1.800000
2.153173
2.789205
3.612498
4.527459
5.438491
6.250000
6.885577
7.345558
7.649468
7.816829
7.867165
7.820000
7.695862
7.519304
7.315881
7.111152
6.930672
6.800000
6.741529
6.765005
6.877008
7.084120
7.392924
7.810000
8.333066
8.924381
9.537338
10.125331
10.641754
11.040000
11.286066
11.396359
11.399889
11.325665
11.202699
11.060000
10.921883
10.793888
10.676857
10.571636
10.479069
10.400000
10.335290
10.285868
10.252682
10.236678
10.238801
10.260000
10.304689
10.391157
10.541164
10.776467
11.118827
11.590000
12.194058
12.864319
13.516413
14.065971
14.428623
14.520000
14.285284
13.787864
13.120684
12.376685
11.648810
11.030000
10.587076
10.282372
10.052100
9.832473
9.559702
9.170000
8.623634
7.977091
7.310914
6.705645
6.241826
6.000000
6.033156
6.284077
6.667992
7.100131
7.495724
7.770000
7.863278
7.816231
7.694619
7.564202
7.490742
7.540000
7.758684
8.117295
8.567284
9.060098
9.547187
9.980000
10.321801
10.583106
10.786247
10.953556
11.107363
11.270000
11.456382
11.651763
11.833978
11.980865
12.070260
12.080000
11.999568
11.865028
11.724091
11.624467
11.613867
11.740000
12.032105
12.445532
12.917158
13.383860
13.782515
14.050000
14.142983
14.097287
13.968527
13.812317
13.684270
13.640000
13.715223
13.866059
14.028733
14.139465
14.134480
13.950000
13.548441
12.996993
12.389042
11.817969
11.377161
11.160000
11.224579
11.487819
11.831351
12.136805
12.285812
12.160000
11.678523
10.910620
9.963054
8.942587
7.955982
7.110000
6.489016
6.087850
5.878933
5.834698
5.927577
6.130000
6.415552
6.762425
7.149962
7.557508
7.964406
8.350000
8.697896
9.008746
9.287467
9.538972
9.768179
9.980000
10.178097
10.361109
10.526421
10.671417
10.793482
10.890000
10.957032
10.985336
10.964350
10.883509
10.732247
10.500000
10.181925
9.796064
9.366178
8.916030
8.469383
8.050000
7.675916
7.342261
7.038438
6.753852
6.477905
6.200000
5.913948
5.631189
5.367568
5.138932
4.961127
4.850000
4.811392
4.811131
4.805038
4.748937
4.598650
4.310000
3.857381
3.289473
2.673529
2.076800
1.566540
1.210000
1.056585
1.084312
1.253348
1.523862
1.856023
2.210000
2.551834
2.871059
3.163081
3.423308
3.647145
3.830000
3.970338
4.078860
4.169327
4.255499
4.351137
4.470000
4.620241
4.787576
4.952111
5.093956
5.193216
5.230000
5.192865
5.104171
4.994728
4.895345
4.836833
4.850000
4.956353
5.140183
5.376476
5.640219
5.906398
6.150000
6.352138
6.518429
6.660617
6.790446
6.919659
7.060000
7.220234
7.397212
7.584806
7.776887
7.967328
8.150000
8.319425
8.472722
8.607659
8.722006
8.813530
8.880000
8.918871
8.926344
8.898306
8.830645
8.719247
8.560000
8.353933
8.122642
7.892866
7.691341
7.544807
7.480000
7.516276
7.643457
7.843981
8.100287
8.394814
8.710000
9.028693
9.335381
9.614959
9.852324
10.032372
10.140000
10.161589
10.089463
9.917432
9.639304
9.248891
8.740000
8.117590
7.431212
6.741565
6.109347
5.595259
5.260000
5.144208
5.208282
5.392560
5.637380
5.883081
6.070000
6.153216
6.146771
6.079445
5.980020
5.877278
5.800000
5.771769
5.795376
5.868411
5.988466
6.153132
6.360000
6.603873
6.868392
7.134412
7.382784
7.594363
7.750000
7.836166
7.861796
7.841442
7.789657
7.720992
7.650000
7.589890
7.548499
7.532320
7.547848
7.601577
7.700000
7.848441
8.047543
8.296777
8.595616
8.943533
9.340000
9.779263
10.234664
10.674322
11.066353
11.378873
11.580000
11.649045
11.610096
11.498435
11.349343
11.198105
11.080000
11.019604
10.998656
10.988189
10.959236
10.882829
10.730000
10.483976
10.176762
9.852558
9.555563
9.329977
9.220000
9.255465
9.408741
9.637830
9.900734
10.155457
10.360000
10.483331
10.538275
10.548624
10.538167
10.530696
10.550000
10.608851
10.675936
10.708925
10.665487
10.503289
10.180000
9.673026
9.038721
8.353175
7.692479
7.132724
6.750000
6.596498
6.628809
6.779624
6.981634
7.167529
7.270000
7.244314
7.136042
7.013328
6.944320
6.997161
7.240000
7.717911
8.383690
9.167063
9.997755
10.805492
11.520000
12.086542
12.512532
12.820921
13.034661
13.176704
13.270000
13.334903
13.381368
13.416753
13.448415
13.483712
13.530000
13.589403
13.643108
13.667067
13.637234
13.529560
13.320000
12.993272
12.569163
12.076228
11.543020
10.998093
10.470000
9.981815
9.534683
9.124270
8.746242
8.396264
8.070000
7.764100
7.479142
7.216691
6.978308
6.765557
6.580000
6.424889
6.310230
6.247717
6.249045
6.325908
6.490000
6.747593
7.083270
7.476190
7.905512
8.350395
8.790000
9.204320
9.576689
9.891273
10.132242
10.283761
10.330000
10.262441
10.101827
9.876217
9.613670
9.342245
9.090000
8.879297
8.709709
8.575109
8.469375
8.386380
8.320000
8.265186
8.221191
8.188346
8.166979
8.157421
8.160000
8.176349
8.213305
8.279008
8.381598
8.529216
8.730000
8.984419
9.262257
9.525622
9.736628
9.857383
9.850000
9.696390
9.457669
9.214753
9.048558
9.040002
9.270000
9.788261
10.519661
11.357867
12.196547
12.929369
13.450000
13.686075
13.701094
13.592528
13.457845
13.394513
13.500000
13.840311
14.355591
14.954519
15.545777
16.038044
16.340000
16.390412
16.248394
16.003144
15.743862
15.559748
15.540000
15.744845
16.118611
16.576654
17.034330
17.406993
17.610000
17.585441
17.382348
17.076489
16.743633
16.459548
16.300000
16.317883
16.474590
16.708638
16.958544
17.162826
17.260000
17.209276
17.052624
16.852708
16.672190
16.573733
16.620000
16.849274
17.202321
17.595530
17.945287
18.167982
18.180000
17.922288
17.434018
16.778924
16.020735
15.223183
14.450000
13.745743
13.078273
12.396276
11.648441
10.783453
9.750000
8.525158
7.199558
5.892222
4.722169
3.808422
3.270000
3.191126
3.516828
4.157337
5.022882
6.023693
7.070000
8.080709
9.009426
9.818432
10.470008
10.926437
11.150000
11.118863
10.874729
10.475187
9.977826
9.440234
8.920000
8.468656
8.113511
7.875819
7.776835
7.837810
8.080000
8.509755
9.073820
9.704035
10.332243
10.890284
11.310000
11.546119
11.644913
11.675540
11.707158
11.808925
12.050000
12.474704
13.028010
13.630056
14.200978
14.660914
14.930000
14.955066
14.789713
14.514236
14.208929
13.954085
13.830000
13.890588
14.084248
14.333000
14.558863
14.683856
14.630000
14.341424
13.850702
13.212515
12.481547
11.712481
10.960000
10.266862
9.628130
9.026940
8.446430
7.869738
7.280000
6.670478
6.074927
5.537226
5.101251
4.810883
4.710000
4.827104
5.129198
5.567908
6.094860
6.661682
7.220000
7.731892
8.201244
8.642393
9.069677
9.497434
9.940000
10.406624
10.886197
11.362520
11.819394
12.240620
12.610000
12.915916
13.165078
13.368777
13.538302
13.684947
13.820000
13.953461
14.090157
14.233624
14.387396
14.555010
14.740000
14.945657
15.174294
15.427979
15.708780
16.018764
16.360000
16.730530
17.112296
17.483210
17.821189
18.104148
18.310000
18.423749
18.458745
18.435430
18.374241
18.295618
18.220000
18.164614
18.133834
18.128821
18.150737
18.200743
18.280000
18.385250
18.495550
18.585537
18.629850
18.603125
18.480000
18.245684
17.927672
17.564030
17.192827
16.852128
16.580000
16.402154
16.294875
16.222092
16.147732
16.035725
15.850000
15.567273
15.215420
14.835103
14.466985
14.151730
13.930000
13.827039
13.806408
13.816247
13.804698
13.719902
13.510000
13.142580
12.663024
12.136159
11.626815
11.199819
10.920000
10.827964
10.867423
10.957866
11.018784
10.969666
10.730000
10.248898
9.593952
8.862375
8.151382
7.558186
7.180000
7.080797
7.191586
7.410133
7.634206
7.761573
7.690000
7.348469
6.790816
6.102092
5.367348
4.671634
4.100000
3.716994
3.505150
3.426498
3.443069
3.516893
3.610000
3.693277
3.773028
3.864415
3.982599
4.142740
4.360000
4.643048
4.974589
5.330841
5.688016
6.022331
6.310000
6.532542
6.692688
6.798473
6.857930
6.879094
6.870000
6.839886
6.802806
6.774019
6.768783
6.802358
6.890000
7.039443
7.228310
7.426702
7.604715
7.732448
7.780000
7.730029
7.615434
7.481675
7.374210
7.338499
7.420000
7.647941
7.986619
8.384099
8.788446
9.147724
9.410000
9.538716
9.558830
9.510680
9.434600
9.370928
9.360000
9.427519
9.540652
9.651933
9.713895
9.679073
9.500000
9.145236
8.647451
8.055339
7.417596
6.782918
6.200000
5.708897
5.315101
5.015462
4.806831
4.686061
4.650000
4.694500
4.811406
4.991564
5.225819
5.505016
5.820000
6.162687
6.529275
6.917031
7.323226
7.745126
8.180000
8.622067
9.053347
9.452810
9.799427
10.072167
10.250000
10.320387
10.304744
10.232977
10.134993
10.040699
9.980000
9.975923
10.023974
10.112781
10.230970
10.367167
10.510000
10.650274
10.787507
10.923399
11.059646
11.197947
11.340000
11.486270
11.632294
11.772374
11.900816
12.011924
12.100000
12.160202
12.191097
12.192104
12.162644
12.102136
12.010000
11.885283
11.725542
11.527960
11.289720
11.008005
10.680000
10.306905
9.905994
9.498556
9.105885
8.749269
8.450000
8.222744
8.055669
7.930314
7.828224
7.730938
7.620000
7.484664
7.345036
7.228936
7.164184
7.178599
7.300000
7.543740
7.875299
8.247691
8.613930
8.927028
9.140000
9.220655
9.195991
9.107799
8.997875
8.908011
8.880000
8.942343
9.070368
9.226111
9.371607
9.468892
9.480000
9.379695
9.193648
8.960256
8.717919
8.505034
8.360000
8.307534
8.317633
8.346614
8.350791
8.286481
8.110000
7.793455
7.372115
6.897040
6.419289
5.989922
5.660000
5.464850
5.376870
5.352728
5.349092
5.322626
5.230000
5.039415
4.765220
4.433297
4.069530
3.699803
3.350000
3.042304
2.784103
2.579085
2.430936
2.343345
2.320000
2.362201
2.461700
2.607864
2.790058
2.997648
3.220000
3.450004
3.694651
3.964458
4.269941
4.621617
5.030000
5.496580
5.986732
6.456802
6.863139
7.162089
7.310000
7.277890
7.095460
6.807083
6.457132
6.089980
5.750000
5.470149
5.237726
5.028616
4.818702
4.583869
4.300000
3.952162
3.562153
3.160953
2.779540
2.448896
2.200000
2.056710
2.014401
2.061323
2.185729
2.375871
2.620000
2.904792
3.210614
3.516256
3.800507
4.042159
4.220000
4.319306
4.351291
4.333654
4.284094
4.220310
4.160000
4.118863
4.104591
4.122877
4.179413
4.279890
4.430000
4.630474
4.862196
5.101087
5.323070
5.504067
5.620000
5.655167
5.627367
5.562775
5.487567
5.427917
5.410000
5.453210
5.549818
5.685312
5.845181
6.014914
6.180000
6.328844
6.461510
6.580978
6.690229
6.792243
6.890000
6.984934
7.072292
7.145776
7.199088
7.225929
7.220000
7.178922
7.115990
7.048418
6.993420
6.968209
6.990000
7.070165
7.196710
7.351801
7.517603
7.676281
7.810000
7.907085
7.980503
8.049377
8.132835
8.250000
8.420000
8.653901
8.930538
9.220690
9.495132
9.724643
9.880000
9.941015
9.923640
9.852863
9.753673
9.651056
9.570000
9.531022
9.536754
9.585357
9.674992
9.803819
9.970000
10.167258
10.371565
10.554458
10.687471
10.742140
10.690000
10.512957
10.234393
9.888062
9.507718
9.127113
8.780000
8.492305
8.258641
8.065793
7.900547
7.749687
7.600000
7.440324
7.267710
7.081266
6.880096
6.663305
6.430000
6.182002
5.931999
5.695393
5.487589
5.323990
5.220000
5.184029
5.196517
5.230911
5.260658
5.259205
5.200000
5.069151
4.903415
4.752213
4.664963
4.691086
4.880000
5.261498
5.786859
6.387738
6.995785
7.542655
7.960000
8.199859
8.295814
8.301837
8.271896
8.259960
8.320000
8.486059
8.712476
8.933665
9.084040
9.098013
8.910000
8.481231
7.880208
7.202253
6.542686
5.996828
5.660000
5.591195
5.704099
5.876072
5.984474
5.906663
5.520000
4.752463
3.734507
2.647208
1.671640
0.988880
0.780000
1.168630
2.048614
3.256346
4.628224
6.000643
7.210000
8.130238
8.785483
9.237408
9.547688
9.777994
9.990000
10.228243
10.468715
10.670271
10.791766
10.792058
10.630000
10.279244
9.772622
9.157759
8.482284
7.793822
7.140000
6.560799
6.065613
5.656192
5.334284
5.101637
4.960000
4.903347
4.894554
4.888722
4.840952
4.706344
4.440000
4.015766
3.482465
2.907669
2.358947
1.903867
1.610000
1.531276
1.667065
2.003101
2.525114
3.218836
4.070000
5.060058
6.153348
7.309928
8.489858
9.653195
10.760000
11.771224
12.651396
13.365938
13.880271
14.159818
14.170000
13.899258
13.428104
12.860071
12.298688
11.847487
11.610000
11.654800
11.910630
12.271279
12.630532
12.882177
12.920000
12.669646
12.184189
11.548563
10.847701
10.166536
9.590000
9.179072
8.898910
8.690719
8.495701
8.255060
7.910000
7.425270
6.859799
6.296062
5.816533
5.503688
5.440000
5.673321
6.113005
6.633784
7.110388
7.417550
7.430000
7.068207
6.435590
5.681304
4.954506
4.404353
4.180000
4.385518
4.944637
5.736000
6.638253
7.530038
8.290000
8.821110
9.123641
9.222195
9.141372
8.905774
8.540000
8.074766
7.565244
7.072720
6.658481
6.383812
6.310000
6.477465
6.843161
7.343175
7.913594
8.490507
9.010000
9.412596
9.656557
9.704581
9.519365
9.063605
8.300000
7.222382
5.949128
4.629750
3.413761
2.450674
1.890000
1.835237
2.205820
2.875168
3.716701
4.603838
5.410000
6.035883
6.491297
6.813329
7.039065
7.205593
7.350000
7.504425
7.681214
7.887768
8.131484
8.419762
8.760000
9.151696
9.562735
9.953101
10.282778
10.511750
10.600000
10.522265
10.312292
10.018579
9.689627
9.373934
9.120000
8.962902
8.884025
8.851333
8.832790
8.796357
8.710000
8.552934
8.349386
8.134838
7.944771
7.814664
7.780000
7.863697
8.038431
8.264314
8.501461
8.709985
8.850000
8.893389
8.859114
8.777906
8.680496
8.597617
8.560000
8.589877
8.675485
8.796563
8.932849
9.064082
9.170000
9.234419
9.257464
9.243341
9.196254
9.120405
9.020000
8.897310
8.746879
8.561321
8.333247
8.055269
7.720000
7.324768
6.885758
6.423875
5.960019
5.515094
5.110000
4.759314
4.452309
4.171929
3.901120
3.622829
3.320000
2.984688
2.645377
2.339660
2.105129
1.979379
2.000000
2.195268
2.556184
3.064432
3.701695
4.449657
5.290000
6.197481
7.119145
7.995111
8.765496
9.370420
9.750000
9.866892
9.773902
9.546374
9.259652
8.989080
8.810000
8.774997
8.845616
8.960642
9.058857
9.079049
8.960000
8.660850
8.222151
7.704810
7.169733
6.677828
6.290000
6.055446
5.976522
6.043870
6.248137
6.579965
7.030000
7.582550
8.196577
8.824709
9.419573
9.933794
10.320000
10.542873
10.615318
10.562293
10.408758
10.179674
9.900000
9.591143
9.260301
8.911120
8.547246
8.172324
7.790000
7.410935
7.073849
6.824478
6.708556
6.771818
7.060000
7.604144
8.376524
9.334719
10.436310
11.638877
12.900000
14.174941
15.409685
16.547897
17.533243
18.309388
18.820000
19.027527
18.969552
18.702445
18.282572
17.766301
17.210000
16.661434
16.133958
15.632324
15.161284
14.725592
14.330000
13.979840
13.682766
13.447011
13.280809
13.192394
13.190000
13.270225
13.383128
13.467133
13.460664
13.302145
12.930000
12.305001
11.477315
10.519457
9.503941
8.503284
7.590000
6.818891
6.173909
5.621291
5.127274
4.658098
4.180000
3.668785
3.138531
2.612881
2.115480
1.669971
1.300000
1.026615
0.860486
0.809686
0.882289
1.086369
1.430000
1.908411
2.465452
3.032127
3.539440
3.918396
4.100000
4.039091
3.785854
3.414306
2.998469
2.612360
2.330000
2.208650
2.238541
2.393147
2.645943
2.970403
3.340000
3.727422
4.102206
4.433105
4.688869
4.838251
4.850000
4.708793
4.463005
4.176932
3.914875
3.741132
3.720000
3.900877
4.273553
4.812916
5.493852
6.291251
7.180000
8.129040
9.083523
9.982656
10.765642
11.371688
11.740000
11.832315
11.700502
11.418962
11.062098
10.704310
10.420000
10.266053
10.229285
10.278996
10.384485
10.515054
10.640000
10.732548
10.781619
10.780055
10.720702
10.596402
10.400000
10.128614
9.796462
9.422033
9.023819
8.620311
8.230000
7.867114
7.528830
7.208063
6.897726
6.590733
6.280000
5.957791
5.613773
5.236966
4.816389
4.341061
3.800000
3.191261
2.549041
1.916572
1.337087
0.853819
0.510000
0.336842
0.317472
0.422996
0.624522
0.893154
1.200000
1.516742
1.817368
2.076442
2.268530
2.368194
2.350000
2.202302
1.968612
1.706234
1.472471
1.324625
1.320000
1.496227
1.812257
2.207370
2.620845
2.991962
3.260000
3.379595
3.366803
3.253035
3.069704
2.848222
2.620000
2.414421
2.252755
2.154240
2.138116
2.223623
2.430000
2.765775
3.196623
3.677507
4.163389
4.609232
4.970000
5.213220
5.356680
5.430734
5.465737
5.492041
5.540000
5.630976
5.750362
5.874557
5.979961
6.042976
6.040000
5.954866
5.801133
5.599789
5.371826
5.138233
4.920000
4.733494
4.576589
4.442537
4.324587
4.215991
4.110000
4.001574
3.892510
3.786314
3.686493
3.596553
3.520000
3.461414
3.429667
3.434706
3.486477
3.594927
3.770000
4.014808
4.305118
4.609861
4.897968
5.138370
5.300000
5.359771
5.326528
5.217101
5.048318
4.837008
4.600000
4.354258
4.117289
3.906735
3.740241
3.635448
3.610000
3.672319
3.793947
3.937207
4.064421
4.137911
4.120000
3.984754
3.753219
3.458186
3.132444
2.808786
2.520000
2.294638
2.144288
2.076301
2.098024
2.216807
2.440000
2.771417
3.200739
3.714112
4.297683
4.937596
5.620000
6.330989
7.056458
7.782250
8.494209
9.178177
9.820000
10.405691
10.921947
11.355638
11.693631
11.922796
12.030000
12.003656
11.838347
11.530199
11.075341
10.469899
9.710000
8.804224
7.810963
6.801064
5.845374
5.014737
4.380000
3.989820
3.804097
3.760543
3.796868
3.850783
3.860000
3.780339
3.640055
3.485514
3.363081
3.319122
3.400000
3.633131
3.970128
4.343651
4.686363
4.930925
5.010000
4.881488
4.604249
4.262382
3.939986
3.721159
3.690000
3.905592
4.326949
4.888070
5.522954
6.165597
6.750000
7.223135
7.583880
7.844087
8.015607
8.110294
8.140000
8.117376
8.058271
7.979333
7.897210
7.828549
7.790000
7.795416
7.847480
7.946082
8.091109
8.282452
8.520000
8.798737
9.094030
9.376340
9.616131
9.783863
9.850000
9.797599
9.660104
9.483557
9.313996
9.197464
9.180000
9.292395
9.504442
9.770683
10.045661
10.283919
10.440000
10.481386
10.427314
10.309963
10.161508
10.014128
9.900000
9.845303
9.852228
9.916967
10.035713
10.204660
10.420000
10.674069
10.943775
11.202170
11.422305
11.577231
11.640000
11.594811
11.470450
11.306854
11.143957
11.021694
10.980000
11.042290
11.165905
11.291663
11.360385
11.312890
11.090000
10.656398
10.072227
9.421495
8.788208
8.256374
7.910000
7.805636
7.890001
8.082358
8.301969
8.468095
8.500000
8.343651
8.051842
7.704073
7.379843
7.158652
7.120000
7.318834
7.711890
8.231351
8.809400
9.378222
9.870000
10.230180
10.457266
10.563025
10.559222
10.457625
10.270000
10.011417
9.710156
9.397801
9.105934
8.866139
8.710000
8.656513
8.674331
8.719522
8.748153
8.716290
8.580000
8.312948
7.959185
7.580360
7.238122
6.994119
6.910000
7.026047
7.297077
7.656537
8.037879
8.374550
8.600000
8.666196
8.599175
8.443491
8.243697
8.044349
7.890000
7.811760
7.786964
7.779500
7.753259
7.672129
7.500000
7.210327
6.814821
6.334758
5.791417
5.206072
4.600000
4.001331
3.465605
3.055216
2.832557
2.860020
3.200000
3.881154
4.797202
5.808127
6.773912
7.554542
8.010000
8.044144
7.736327
7.209777
6.587721
5.993386
5.550000
5.349492
5.358601
5.512766
5.747427
5.998025
6.200000
6.301128
6.298529
6.201660
6.019977
5.762939
5.440000
5.064886
4.668396
4.285596
3.951552
3.701331
3.570000
3.580577
3.707887
3.914707
4.163815
4.417987
4.640000
4.805723
4.943390
5.094326
5.299856
5.601306
6.040000
6.638753
7.346331
8.092990
8.808984
9.424569
9.870000
10.094821
10.125730
10.008715
9.789764
9.514863
9.230000
8.973631
8.754082
8.572150
8.428628
8.324313
8.260000
8.232786
8.224978
8.215187
8.182020
8.104088
7.960000
7.736892
7.456004
7.147104
6.839958
6.564335
6.350000
6.218027
6.154709
6.137648
6.144443
6.152693
6.140000
6.087020
5.986640
5.834804
5.627456
5.360540
5.030000
4.639819
4.226138
3.833136
3.504993
3.285888
3.220000
3.331619
3.565474
3.846401
4.099240
4.248826
4.220000
3.964999
3.545670
3.051259
2.571012
2.194177
2.010000
2.080420
2.358142
2.768564
3.237083
3.689096
4.050000
4.265682
4.363983
4.393234
4.401767
4.437912
4.550000
4.773751
5.094445
5.484748
5.917330
6.364858
6.800000
7.198340
7.547127
7.836522
8.056691
8.197795
8.250000
8.214322
8.135197
8.067913
8.067759
8.190025
8.490000
8.998908
9.651717
10.359327
11.032643
11.582567
11.920000
11.980277
11.796456
11.426028
10.926482
10.355309
9.770000
9.221050
8.730979
8.315312
7.989576
7.769297
7.670000
7.698348
7.825556
8.013974
8.225953
8.423845
8.570000
8.637269
8.640501
8.605043
8.556241
8.519444
8.520000
8.574472
8.664291
8.762106
8.840564
8.872313
8.830000
8.697065
8.500111
8.276534
8.063726
7.899083
7.820000
7.850092
7.957855
8.098010
8.225273
8.294364
8.260000
8.091597
7.817356
7.480177
7.122959
6.788600
6.520000
6.348059
6.255684
6.213782
6.193263
6.165032
6.100000
5.979315
5.825093
5.669693
5.545472
5.484789
5.520000
5.674265
5.933942
6.276194
6.678181
7.117063
7.570000
8.018349
8.460248
8.898029
9.334026
9.770572
10.210000
10.647200
11.047288
11.367939
11.566825
11.601621
11.430000
11.028037
10.445415
9.750217
9.010526
8.294426
7.670000
7.192688
6.867348
6.686195
6.641443
6.725307
6.930000
7.234314
7.563341
7.828754
7.942221
7.815413
7.360000
6.533993
5.480768
4.390040
3.451525
2.854940
2.790000
3.381195
4.492106
5.921088
7.466494
8.926680
10.100000
10.836134
11.190068
11.268110
11.176573
11.021766
10.910000
10.920795
11.026512
11.172721
11.304992
11.368895
11.310000
11.091888
10.750179
10.338505
9.910496
9.519784
9.220000
9.048552
8.977957
8.964510
8.964506
8.934237
8.830000
8.620756
8.326140
7.978454
7.610000
7.253081
6.940000
6.695831
6.516743
6.391675
6.309568
6.259363
6.230000
6.213372
6.213185
6.236096
6.288764
6.377846
6.510000
6.688642
6.904220
7.143939
7.395005
7.644624
7.880000
8.091226
8.279935
8.450647
8.607882
8.756160
8.900000
9.043122
9.186041
9.328473
9.470133
9.610737
9.750000
9.889158
10.035532
10.197962
10.385290
10.606355
10.870000
11.174180
11.473312
11.710929
11.830561
11.775740
11.490000
10.941390
10.196033
9.344574
8.477653
7.685914
7.060000
6.666836
6.478481
6.443277
6.509568
6.625695
6.740000
6.812240
6.847822
6.863567
6.876298
6.902835
6.960000
7.059854
7.195418
7.354953
7.526721
7.698983
7.860000
7.996725
8.090877
8.122870
8.073113
7.922019
7.650000
7.246349
6.735887
6.152318
5.529345
4.900671
4.300000
3.759176
3.302611
2.952858
2.732470
2.664000
2.770000
3.056992
3.467371
3.927499
4.363738
4.702451
4.870000
4.817345
4.593830
4.273397
3.929987
3.637541
3.470000
3.478720
3.624715
3.846412
4.082240
4.270627
4.350000
4.277218
4.082865
3.815953
3.525496
3.260507
3.070000
2.989119
2.997529
3.061026
3.145406
3.216466
3.240000
3.192603
3.094057
2.974943
2.865842
2.797334
2.800000
2.894081
3.058466
3.261701
3.472336
3.658920
3.790000
3.841951
3.822451
3.747002
3.631109
3.490273
3.340000
3.194734
3.064694
2.959040
2.886933
2.857533
2.880000
2.958880
3.080253
3.225587
3.376345
3.513994
3.620000
3.682107
3.713181
3.732363
3.758798
3.811629
3.910000
4.065237
4.257394
4.458712
4.641426
4.777776
4.840000
4.808659
4.697612
4.529041
4.325127
4.108052
3.900000
3.719571
3.571046
3.455126
3.372511
3.323903
3.310000
3.329399
3.372277
3.426705
3.480753
3.522495
3.540000
3.525285
3.486141
3.434305
3.381512
3.339499
3.320000
3.331266
3.367602
3.419825
3.478753
3.535206
3.580000
3.607058
3.622711
3.636397
3.657549
3.695605
3.760000
3.854855
3.963035
4.062089
4.129568
4.143022
4.080000
3.927179
3.707742
3.453996
3.198251
2.972816
2.810000
2.737354
2.763406
2.891927
3.126685
3.471453
3.930000
4.494098
5.107522
5.702048
6.209452
6.561511
6.690000
6.551254
6.199839
5.714882
5.175506
4.660837
4.250000
4.002368
3.898306
3.898425
3.963339
4.053660
4.130000
4.163348
4.166197
4.161417
4.171878
4.220449
4.330000
4.517249
4.774313
5.087155
5.441741
5.824034
6.220000
6.615201
6.993588
7.338712
7.634123
7.863369
8.010000
8.064633
8.046148
7.980495
7.893621
7.811473
7.760000
7.757796
7.794040
7.850557
7.909173
7.951712
7.960000
7.916915
7.809543
7.626026
7.354503
6.983114
6.500000
5.903157
5.230010
4.527839
3.843927
3.225553
2.720000
2.363791
2.150418
2.062617
2.083124
2.194673
2.380000
2.621125
2.897207
3.186691
3.468022
3.719643
3.920000
4.056294
4.150754
4.234368
4.338122
4.493004
4.730000
5.069210
5.487185
5.949589
6.422083
6.870332
7.260000
7.566541
7.804579
7.998528
8.172805
8.351824
8.560000
8.811385
9.078573
9.323798
9.509289
9.597280
9.550000
9.344448
9.016683
8.617530
8.197815
7.808364
7.500000
7.308416
7.208769
7.161081
7.125375
7.061674
6.930000
6.703090
6.404537
6.070645
5.737721
5.442071
5.220000
5.095195
5.040862
5.017589
4.985962
4.906570
4.740000
4.462381
4.112016
3.742751
3.408429
3.162897
3.060000
3.133984
3.340702
3.616408
3.897357
4.119803
4.220000
4.154368
3.959990
3.694116
3.413993
3.176872
3.040000
3.043359
3.157855
3.337128
3.534817
3.704561
3.800000
3.788124
3.689331
3.537372
3.365997
3.208956
3.100000
3.066786
3.112599
3.234634
3.430083
3.696141
4.030000
4.423438
4.846569
5.264092
5.640706
5.941109
6.130000
6.185805
6.141865
6.045247
5.943018
5.882246
5.910000
6.059498
6.308563
6.621172
6.961297
7.292915
7.580000
7.794259
7.938326
8.022567
8.057349
8.053038
8.020000
7.969346
7.915170
7.872309
7.855601
7.879886
7.960000
8.104560
8.297291
8.515697
8.737282
8.939548
9.100000
9.201952
9.251963
9.262403
9.245642
9.214051
9.180000
9.153281
9.133377
9.117192
9.101631
9.083599
9.060000
9.027840
8.984529
8.927578
8.854499
8.762803
8.650000
8.515405
8.365544
8.208744
8.053335
7.907644
7.780000
7.676326
7.592925
7.523695
7.462532
7.403334
7.340000
7.266790
7.179422
7.073977
6.946538
6.793185
6.610000
6.396792
6.168276
5.942895
5.739094
5.575315
5.470000
5.434285
5.450068
5.491941
5.534493
5.552316
5.520000
5.418848
5.257008
5.049342
4.810712
4.555977
4.300000
4.061668
3.875975
3.781941
3.818587
4.024933
4.440000
5.082814
5.892427
6.787895
7.688275
8.512625
9.180000
9.627769
9.866539
9.925229
9.832757
9.618041
9.310000
8.939814
8.547713
8.176189
7.867734
7.664840
7.610000
7.729457
7.984462
8.320016
8.681122
9.012783
9.260000
9.380599
9.383700
9.291247
9.125184
8.907453
8.660000
8.404166
8.158886
7.942495
7.773328
7.669718
7.650000
7.721396
7.846683
7.977522
8.065579
8.062517
7.920000
7.608814
7.176236
6.688666
6.212503
5.814148
5.560000
5.494552
5.574670
5.735314
5.911444
6.038020
6.050000
5.904275
5.645454
5.340077
5.054682
4.855810
4.810000
4.960895
5.260551
5.638129
6.022790
6.343693
6.530000
6.532517
6.388639
6.157407
5.897862
5.669046
5.530000
5.521677
5.612672
5.753495
5.894652
5.986651
5.980000
5.840036
5.591413
5.273614
4.926124
4.588425
4.300000
4.092439
3.965750
3.912047
3.923445
3.992058
4.110000
4.267987
4.451143
4.643196
4.827872
4.988898
5.110000
5.179364
5.203011
5.191419
5.155067
5.104434
5.050000
4.997566
4.934221
4.842380
4.704454
4.502857
4.220000
3.848244
3.419734
2.976562
2.560821
2.214603
1.980000
1.889691
1.938696
2.112622
2.397077
2.777667
3.240000
3.770077
4.355484
4.984199
5.644204
6.323477
7.010000
7.690602
8.347518
8.961832
9.514627
9.986988
10.360000
10.622791
10.796666
10.910975
10.995067
11.078292
11.190000
11.348512
11.528041
11.691769
11.802883
11.824565
11.720000
11.466772
11.100061
10.669448
10.224513
9.814837
9.490000
9.283615
9.165421
9.089190
9.008695
8.877708
8.650000
8.295437
7.848257
7.358792
6.877373
6.454332
6.140000
5.968202
5.906736
5.906892
5.919961
5.897233
5.790000
5.566060
5.259244
4.919891
4.598340
4.344930
4.210000
4.227604
4.366658
4.579793
4.819641
5.038833
5.190000
5.238849
5.203384
5.114687
5.003837
4.901915
4.840000
4.840705
4.892768
4.976459
5.072048
5.159805
5.220000
5.238516
5.223691
5.189476
5.149822
5.118680
5.110000
5.133795
5.184318
5.251886
5.326812
5.399412
5.460000
5.503805
5.545702
5.605481
5.702931
5.857841
6.090000
6.409598
6.788430
7.188691
7.572576
7.902280
8.140000
8.256969
8.260578
8.167256
7.993433
7.755538
7.470000
7.156136
6.844813
6.569784
6.364803
6.263624
6.300000
6.490754
6.784984
7.114856
7.412539
7.610198
7.640000
7.458672
7.121178
6.707040
6.295782
5.966928
5.800000
5.849003
6.065862
6.376984
6.708777
6.987647
7.140000
7.114809
6.951302
6.711273
6.456518
6.248828
6.150000
6.201624
6.364487
6.579173
6.786264
6.926345
6.940000
6.787953
6.511489
6.172036
5.831019
5.549865
5.390000
5.390731
5.502889
5.655183
5.776326
5.795028
5.640000
5.267039
4.740289
4.150981
3.590343
3.149606
2.920000
2.960510
3.201139
3.539644
3.873784
4.101317
4.120000
3.863329
3.407748
2.865442
2.348594
1.969385
1.840000
2.034231
2.472312
3.036086
3.607397
4.068087
4.300000
4.219052
3.877447
3.361463
2.757376
2.151462
1.630000
1.260626
1.036417
0.931812
0.921249
0.979166
1.080000
1.200714
1.328367
1.452539
1.562814
1.648774
1.700000
1.714712
1.725673
1.774282
1.901940
2.150046
2.560000
3.153262
3.871536
4.636583
5.370167
5.994052
6.430000
6.626915
6.642259
6.560637
6.466650
6.444904
6.580000
6.928801
7.437206
8.023371
8.605454
9.101611
9.430000
9.532695
9.447436
9.235879
8.959683
8.680505
8.460000
8.345558
8.327496
8.381861
8.484701
8.612065
8.740000
8.847942
8.928876
8.979176
8.995215
8.973365
8.910000
8.803692
8.661813
8.493934
8.309625
8.118456
7.930000
7.751779
7.583129
7.421338
7.263694
7.107486
6.950000
6.791691
6.645669
6.528213
6.455598
6.444102
6.510000
6.658449
6.850119
7.034560
7.161321
7.179951
7.040000
6.710902
6.241632
5.701047
5.158008
4.681373
4.340000
4.181692
4.170021
4.247501
4.356648
4.439976
4.440000
4.317099
4.103101
3.847699
3.600587
3.411456
3.330000
3.391164
3.570910
3.830451
4.131004
4.433782
4.700000
4.900190
5.042150
5.142995
5.219842
5.289805
5.370000
5.468540
5.557528
5.600067
5.559258
5.398201
5.080000
4.588336
3.989219
3.369236
2.814980
2.413038
2.250000
2.381865
2.742264
3.234237
3.760824
4.225065
4.530000
4.606056
4.493207
4.258815
3.970242
3.694850
3.500000
3.435487
3.480835
3.598003
3.748948
3.895628
4.000000
4.031349
3.988268
3.876673
3.702485
3.471621
3.190000
2.866523
2.522021
2.180305
1.865188
1.600482
1.410000
1.311817
1.301057
1.367108
1.499358
1.687192
1.920000
2.187182
2.478195
2.782512
3.089604
3.388943
3.670000
3.924224
4.150976
4.351592
4.527410
4.679767
4.810000
4.920411
5.017159
5.107369
5.198163
5.296665
5.410000
5.541817
5.681868
5.816434
5.931791
6.014221
6.050000
6.030702
5.969071
5.883147
5.790968
5.710573
5.660000
5.650839
5.668883
5.693477
5.703965
5.679691
5.600000
5.453211
5.263544
5.064195
4.888358
4.769228
4.740000
4.820437
4.976569
5.160994
5.326309
5.425112
5.410000
5.248745
4.969809
4.616830
4.233445
3.863289
3.550000
3.324214
3.164564
3.036685
2.906209
2.738769
2.500000
2.171437
1.798230
1.441431
1.162091
1.021263
1.080000
1.379343
1.880293
2.523842
3.250983
4.002705
4.720000
5.357257
5.922450
6.436949
6.922127
7.399353
7.890000
8.407880
8.936575
9.452110
9.930510
10.347798
10.680000
10.906270
11.018287
11.010860
10.878797
10.616907
10.220000
9.694632
9.094350
8.484450
7.930229
7.496980
7.250000
7.232101
7.396165
7.672588
7.991770
8.284108
8.480000
8.527380
8.444324
8.266446
8.029357
7.768671
7.520000
7.316389
7.180612
7.132878
7.193393
7.382365
7.720000
8.209750
8.788041
9.374542
9.888923
10.250852
10.380000
10.223730
9.840186
9.315203
8.734620
8.184273
7.750000
7.494217
7.385661
7.369646
7.391487
7.396500
7.330000
7.152270
6.883467
6.558714
6.213135
5.881856
5.600000
5.393045
5.247880
5.141750
5.051898
4.955566
4.830000
4.659070
4.453161
4.229287
4.004460
3.795693
3.620000
3.491462
3.412438
3.382353
3.400634
3.466708
3.580000
3.737858
3.929309
4.141301
4.360782
4.574699
4.770000
4.936411
5.074770
5.188692
5.281794
5.357691
5.420000
5.471220
5.509390
5.531430
5.534264
5.514813
5.470000
5.393384
5.265079
5.061837
4.760408
4.337545
3.770000
3.052929
2.255109
1.463724
0.765955
0.248986
0.000000
0.078373
0.432263
0.982019
1.647994
2.350537
3.010000
3.563022
4.011395
4.373199
4.666515
4.909422
5.120000
5.311760
5.479934
5.615183
5.708169
5.749554
5.730000
5.643964
5.501091
5.314818
5.098586
4.865833
4.630000
4.402752
4.188666
3.990545
3.811191
3.653408
3.520000
3.415767
3.353504
3.348004
3.414058
3.566459
3.820000
4.182327
4.632502
5.142440
5.684059
6.229273
6.750000
7.222703
7.642045
8.007235
8.317484
8.572002
8.770000
8.913063
9.012281
9.081119
9.133041
9.181513
9.240000
9.317173
9.402534
9.480790
9.536647
9.554815
9.520000
9.423613
9.283879
9.125723
8.974073
8.853857
8.790000
8.797077
8.848248
8.906319
8.934097
8.894389
8.750000
8.478124
8.113500
7.705251
7.302501
6.954376
6.710000
6.602000
6.597012
6.645179
6.696639
6.701532
6.610000
6.390359
6.083636
5.749035
5.445759
5.233013
5.170000
5.293925
5.553999
5.877432
6.191435
6.423221
6.500000
6.371579
6.078147
5.682489
5.247388
4.835631
4.510000
4.316009
4.230080
4.211364
4.219011
4.212173
4.150000
4.001701
3.776719
3.494556
3.174714
2.836695
2.500000
2.183299
1.901933
1.670412
1.503243
1.414936
1.420000
1.525843
1.711473
1.948797
2.209721
2.466153
2.690000
2.860874
2.989211
3.093151
3.190836
3.300405
3.440000
3.622558
3.840201
4.079848
4.328418
4.572829
4.800000
4.997829
5.158132
5.273706
5.337344
5.341844
5.280000
5.150385
4.974677
4.780330
4.594798
4.445537
4.360000
4.357112
4.421679
4.529976
4.658278
4.782861
4.880000
4.930193
4.930829
4.883517
4.789868
4.651492
4.470000
4.250216
4.009819
3.769705
3.550768
3.373901
3.260000
3.223203
3.250634
3.322661
3.419652
3.521976
3.610000
3.667943
3.695421
3.695899
3.672845
3.629723
3.570000
3.497386
3.416572
3.332491
3.250079
3.174270
3.110000
3.063577
3.046811
3.072887
3.154987
3.306297
3.540000
3.862935
4.256553
4.695963
5.156269
5.612579
6.040000
6.420564
6.764013
7.087013
7.406233
7.738339
8.100000
8.498096
8.900359
9.264736
9.549171
9.711610
9.710000
9.518210
9.173810
8.730295
8.241158
7.759895
7.340000
7.020916
6.785882
6.604085
6.444714
6.276957
6.070000
5.806506
5.523033
5.269614
5.096280
5.053065
5.190000
5.532134
6.004577
6.507459
6.940905
7.205043
7.200000
6.862506
6.275694
5.559301
4.833064
4.216718
3.830000
3.761918
3.978573
4.415336
5.007580
5.690677
6.400000
7.079265
7.705570
8.264355
8.741060
9.121128
9.390000
9.538659
9.580258
9.533496
9.417068
9.249670
9.050000
8.835683
8.620063
8.415412
8.234003
8.088108
7.990000
7.947127
7.947637
7.974855
8.012106
8.042713
8.050000
8.022477
7.969388
7.905166
7.844240
7.801041
7.790000
7.819726
7.875550
7.936980
7.983526
7.994696
7.950000
7.835932
7.666929
7.464413
7.249805
7.044527
6.870000
6.740942
6.645251
6.564118
6.478737
6.370300
6.220000
6.013864
5.757254
5.460366
5.133397
4.786543
4.430000
4.072445
3.716476
3.363169
3.013603
2.668854
2.330000
2.002929
1.712769
1.489457
1.362933
1.363135
1.520000
1.849589
2.312449
2.855251
3.424664
3.967357
4.430000
4.773576
5.016322
5.190788
5.329523
5.465077
5.630000
5.848698
6.113002
6.406597
6.713171
7.016410
7.300000
7.552973
7.785744
8.014073
8.253718
8.520441
8.830000
9.188529
9.563650
9.913362
10.195659
10.368540
10.390000
10.235598
9.951136
9.599981
9.245496
8.951048
8.780000
8.775840
8.902545
9.104215
9.324948
9.508843
9.600000
9.558865
9.411275
9.199410
8.965454
8.751590
8.600000
8.542124
8.566431
8.650646
8.772495
8.909705
9.040000
9.145046
9.222262
9.273008
9.298640
9.300518
9.280000
9.239173
9.183038
9.117324
9.047760
8.980076
8.920000
8.872613
8.840400
8.825197
8.828838
8.853161
8.900000
8.971068
9.067584
9.190640
9.341332
9.520754
9.730000
9.966725
10.214821
10.454744
10.666945
10.831880
10.930000
10.947218
10.891279
10.775385
10.612739
10.416543
10.200000
9.973198
9.733766
9.476216
9.195063
8.884820
8.540000
8.159711
7.761436
7.367251
6.999232
6.679456
6.430000
6.264161
6.160121
6.087282
6.015047
5.912819
5.750000
5.509663
5.229563
4.961122
4.755766
4.664917
4.740000
5.014269
5.448294
5.984479
6.565224
7.132930
7.630000
8.009003
8.263185
8.395961
8.410746
8.310954
8.100000
7.788099
7.412668
7.017925
6.648088
6.347373
6.160000
6.115592
6.185402
6.326088
6.494311
6.646728
6.740000
6.745737
6.695355
6.635222
6.611707
6.671177
6.860000
7.205535
7.659106
8.153024
8.619603
8.991158
9.200000
9.201381
9.042297
8.792683
8.522473
8.301600
8.200000
8.268479
8.481336
8.793745
9.160877
9.537904
9.880000
10.150722
10.347173
10.474838
10.539206
10.545765
10.500000
10.407567
10.274788
10.108152
9.914149
9.699269
9.470000
9.233964
9.003305
8.791303
8.611233
8.476373
8.400000
8.383292
8.379027
8.327886
8.170548
7.847693
7.300000
6.498934
5.539104
4.545902
3.644722
2.960957
2.620000
2.709304
3.164558
3.883507
4.763899
5.703481
6.600000
7.366302
7.975629
8.416322
8.676720
8.745166
8.610000
8.273219
7.791445
7.234957
6.674035
6.178956
5.820000
5.645777
5.618221
5.677599
5.764178
5.818223
5.780000
5.604832
5.308263
4.920895
4.473328
3.996162
3.520000
3.077581
2.710208
2.461321
2.374363
2.492776
2.860000
3.495260
4.320906
5.235070
6.135886
6.921485
7.490000
7.767815
7.794318
7.637149
7.363946
7.042350
6.740000
6.510332
6.349970
6.241335
6.166848
6.108929
6.050000
5.978867
5.909877
5.863762
5.861256
5.923091
6.070000
6.315035
6.640524
7.021117
7.431461
7.846206
8.240000
8.592477
8.903213
9.176771
9.417713
9.630602
9.820000
9.989596
10.139588
10.269300
10.378056
10.465181
10.530000
10.573167
10.600658
10.619780
10.637840
10.662145
10.700000
10.756394
10.827039
10.905329
10.984657
11.058416
11.120000
11.162738
11.179703
11.163903
11.108347
11.006043
10.850000
10.636959
10.378594
10.090310
9.787512
9.485607
9.200000
8.942943
8.714069
8.509859
8.326791
8.161345
8.010000
7.869047
7.734018
7.600256
7.463104
7.317904
7.160000
6.985499
6.793562
6.584118
6.357091
6.112410
5.850000
5.574005
5.305436
5.069523
4.891493
4.796576
4.810000
4.948297
5.193211
5.517790
5.895083
6.298137
6.700000
7.075818
7.409128
7.685566
7.890767
8.010367
8.030000
7.940793
7.755832
7.493695
7.172959
6.812201
6.430000
6.045688
5.681619
5.360905
5.106657
4.941985
4.890000
4.968448
5.173618
5.496434
5.927820
6.458700
7.080000
7.770243
8.458354
9.060860
9.494286
9.675157
9.520000
8.980951
8.152595
7.165126
6.148740
5.233633
4.550000
4.193730
4.123489
4.263636
4.538530
4.872532
5.190000
5.432045
5.606783
5.739081
5.853805
5.975822
6.130000
6.334154
6.577897
6.843792
7.114399
7.372281
7.600000
7.783190
7.919775
8.010752
8.057118
8.059868
8.020000
7.940771
7.834483
7.715699
7.598982
7.498895
7.430000
7.403633
7.418217
7.468950
7.551027
7.659645
7.790000
7.937522
8.098573
8.269751
8.447650
8.628868
8.810000
8.984984
9.137119
9.247047
9.295409
9.262846
9.130000
8.893609
8.614803
8.370811
8.238862
8.296182
8.620000
9.256183
10.125150
11.115957
12.117663
13.019325
13.710000
14.102724
14.206450
14.054109
13.678633
13.112953
12.390000
11.547689
10.643864
9.741355
8.902989
8.191595
7.670000
7.378697
7.268834
7.269221
7.308670
7.315993
7.220000
6.973078
6.621912
6.236761
5.887885
5.645545
5.580000
5.741399
6.099446
6.603736
7.203862
7.849419
8.490000
9.079753
9.591045
10.000795
10.285925
10.423353
10.390000
10.172504
9.796373
9.296832
8.709106
8.068420
7.410000
6.768377
6.175314
5.661876
5.259133
4.998151
4.910000
5.012967
5.274225
5.648164
6.089178
6.551660
6.990000
7.369198
7.696677
7.990467
8.268598
8.549099
8.850000
9.185472
9.554252
9.951216
10.371244
10.809213
11.260000
11.716460
12.163353
12.583417
12.959388
13.274003
13.510000
13.654290
13.710483
13.686365
13.589722
13.428338
13.210000
12.942354
12.632493
12.287373
11.913947
11.519171
11.110000
10.695693
10.294730
9.927895
9.615972
9.379745
9.240000
9.208068
9.257476
9.352299
9.456610
9.534486
9.550000
9.478979
9.344254
9.180411
9.022031
8.903700
8.860000
8.913239
9.036617
9.191059
9.337487
9.436826
9.450000
9.349501
9.154092
8.894105
8.599873
8.301727
8.030000
7.807648
7.628128
7.477521
7.341910
7.207376
7.060000
6.889815
6.702657
6.508310
6.316561
6.137196
5.980000
5.849665
5.730505
5.601739
5.442586
5.232267
4.950000
4.583145
4.151620
3.683485
3.206797
2.749616
2.340000
2.002247
1.745607
1.575573
1.497633
1.517279
1.640000
1.863378
2.153357
2.467974
2.765263
3.003260
3.140000
3.148038
3.058000
2.915032
2.764279
2.650887
2.620000
2.704841
2.890939
3.151899
3.461325
3.792824
4.120000
4.422319
4.702688
4.969873
5.232642
5.499762
5.780000
6.075605
6.362754
6.611108
6.790328
6.870071
6.820000
6.624105
6.323703
5.974443
5.631973
5.351943
5.190000
5.184782
5.306879
5.509870
5.747335
5.972852
6.140000
6.214963
6.214338
6.167327
6.103132
6.050956
6.040000
6.092636
6.203919
6.362073
6.555321
6.771889
7.000000
7.228566
7.449244
7.654382
7.836323
7.987414
8.100000
8.166805
8.182066
8.140400
8.036422
7.864750
7.620000
7.303475
6.943234
6.574020
6.230580
5.947658
5.760000
5.692164
5.727963
5.841021
6.004963
6.193414
6.380000
6.543376
6.682322
6.800647
6.902161
6.990676
7.070000
7.143452
7.212380
7.277642
7.340095
7.400595
7.460000
7.517956
7.569269
7.607534
7.626348
7.619304
7.580000
7.505326
7.405359
7.293471
7.183033
7.087419
7.020000
6.989489
6.985961
6.994832
7.001519
6.991436
6.950000
6.865931
6.741167
6.580950
6.390522
6.175124
5.940000
5.692296
5.446778
5.220118
5.028987
4.890058
4.820000
4.828914
4.900610
5.012328
5.141306
5.264784
5.360000
5.408530
5.409299
5.365569
5.280602
5.157658
5.000000
4.812891
4.609599
4.405395
4.215547
4.055325
3.940000
3.879443
3.861933
3.870353
3.887583
3.896505
3.880000
3.827902
3.757853
3.694445
3.662271
3.685925
3.790000
3.991355
4.275914
4.621868
5.007406
5.410720
5.810000
6.186354
6.532565
6.844334
7.117362
7.347351
7.530000
7.663646
7.757159
7.822046
7.869811
7.911961
7.960000
8.022998
8.100280
8.188733
8.285245
8.386705
8.490000
8.593250
8.699499
8.813023
8.938098
9.078998
9.240000
9.421038
9.604685
9.769173
9.892734
9.953599
9.930000
9.807412
9.600277
9.330283
9.019115
8.688458
8.360000
8.051445
7.764576
7.497195
7.247104
7.012105
6.790000
6.578336
6.373640
6.172186
5.970246
5.764093
5.550000
5.323406
5.076418
4.800310
4.486355
4.125827
3.710000
3.239105
2.749206
2.285324
1.892482
1.615700
1.500000
1.573414
1.796017
2.110893
2.461125
2.789800
3.040000
3.171126
3.207836
3.191105
3.161906
3.161213
3.230000
3.393980
3.617823
3.850938
4.042733
4.142617
4.100000
3.882814
3.533093
3.111394
2.678273
2.294290
2.020000
1.898142
1.900175
1.979737
2.090470
2.186011
2.220000
2.160868
2.036208
1.888407
1.759848
1.692917
1.730000
1.897600
2.158696
2.460386
2.749768
2.973940
3.080000
3.037946
2.909379
2.778800
2.730710
2.849609
3.220000
3.895662
4.807491
5.855664
6.940356
7.961742
8.820000
9.441213
9.855102
10.117295
10.283424
10.409115
10.550000
10.747588
10.986917
11.238904
11.474469
11.664528
11.780000
11.801489
11.748341
11.649587
11.534258
11.431385
11.370000
11.369649
11.411941
11.468999
11.512945
11.515905
11.450000
11.297182
11.078709
10.825669
10.569146
10.340228
10.170000
10.079355
10.048406
10.047076
10.045285
10.012952
9.920000
9.740585
9.465813
9.091027
8.611567
8.022778
7.320000
6.512934
5.668710
4.868817
4.194742
3.727974
3.550000
3.716475
4.179716
4.866206
5.702427
6.614865
7.530000
8.382463
9.139464
9.776361
10.268511
10.591272
10.720000
10.643536
10.404651
10.059601
9.664639
9.276020
8.950000
8.727699
8.589709
8.501486
8.428489
8.336174
8.190000
7.962472
7.654290
7.273204
6.826961
6.323310
5.770000
5.180375
4.590166
4.040698
3.573297
3.229289
3.050000
3.058989
3.208749
3.434004
3.669481
3.849904
3.910000
3.807603
3.592987
3.339535
3.120631
3.009658
3.080000
3.386711
3.911527
4.617856
5.469106
6.428685
7.460000
8.510925
9.467203
10.199041
10.576647
10.470231
9.750000
8.359356
6.534477
4.584731
2.819489
1.548122
1.080000
1.622344
2.973780
4.830786
6.889840
8.847418
10.400000
11.318167
11.668923
11.593376
11.232634
10.727806
10.220000
9.821238
9.527195
9.304461
9.119625
8.939275
8.730000
8.465862
8.150814
7.796279
7.413682
7.014447
6.610000
6.212071
5.833623
5.487923
5.188240
4.947843
4.780000
4.691963
4.666916
4.682028
4.714468
4.741402
4.740000
4.694291
4.615750
4.522713
4.433518
4.366502
4.340000
4.366847
4.437863
4.538368
4.653681
4.769118
4.870000
4.946193
5.005760
5.061313
5.125463
5.210821
5.330000
5.489029
5.667614
5.838880
5.975950
6.051948
6.040000
5.923894
5.730078
5.495668
5.257775
5.053515
4.920000
4.885673
4.944294
5.080949
5.280727
5.528714
5.810000
6.109338
6.410153
6.695536
6.948577
7.152368
7.290000
7.352436
7.362130
7.349408
7.344595
7.378017
7.480000
7.672769
7.946141
8.281833
8.661563
9.067046
9.480000
9.884175
10.271455
10.635759
10.971006
11.271113
11.530000
11.741690
11.900632
12.001380
12.038488
12.006510
11.900000
11.719157
11.486758
11.231221
10.980969
10.764422
10.610000
10.537607
10.533079
10.573735
10.636894
10.699876
10.740000
10.740092
10.705002
10.645090
10.570714
10.492231
10.420000
10.357907
10.283949
10.169654
9.986547
9.706153
9.300000
8.757494
8.139570
7.525043
6.992729
6.621443
6.490000
6.648458
7.031843
7.546422
8.098463
8.594233
8.940000
9.065478
8.994167
8.773017
8.448974
8.068985
7.680000
7.319260
6.985191
6.666510
6.351939
6.030195
5.690000
5.324749
4.946552
4.572192
4.218457
3.902131
3.640000
3.443270
3.300825
3.195970
3.112012
3.032253
2.940000
2.825274
2.704964
2.602676
2.542016
2.546588
2.640000
2.838042
3.125245
3.478325
3.874000
4.288987
4.700000
5.086587
5.439613
5.752773
6.019760
6.234271
6.390000
6.484869
6.533711
6.555585
6.569551
6.594669
6.650000
6.748011
6.874804
7.009889
7.132777
7.222977
7.260000
7.232856
7.168555
7.103609
7.074527
7.117820
7.270000
7.552186
7.923938
8.329426
8.712819
9.018287
9.190000
9.187706
9.033470
8.764938
8.419752
8.035558
7.650000
7.303981
7.051440
6.949573
7.055580
7.426656
8.120000
9.156046
10.408179
11.713019
12.907189
13.827308
14.310000
14.244519
13.730660
12.920850
11.967518
11.023092
10.240000
9.726340
9.412886
9.186081
8.932370
8.538195
7.890000
6.917760
5.725574
4.461075
3.271892
2.305656
1.710000
1.590121
1.881483
2.477120
3.270064
4.153347
5.020000
5.781480
6.422937
6.947944
7.360075
7.662902
7.860000
7.957107
7.968620
7.911103
7.801119
7.655230
7.490000
7.321019
7.159990
7.017643
6.904708
6.831917
6.810000
6.845206
6.925866
7.035826
7.158936
7.279045
7.380000
7.450053
7.495066
7.525303
7.551028
7.582506
7.630000
7.699164
7.777203
7.846711
7.890284
7.890516
7.830000
7.696394
7.497605
7.246602
6.956353
6.639830
6.310000
5.978639
5.652748
5.338132
5.040598
4.765952
4.520000
4.307567
4.129550
3.985869
3.876438
3.801176
3.760000
3.750678
3.762383
3.782143
3.796982
3.793926
3.760000
3.688380
3.596842
3.509310
3.449708
3.441964
3.510000
3.673255
3.933212
4.286869
4.731221
5.263266
5.880000
6.568509
7.276236
7.940715
8.499480
8.890064
9.050000
8.943822
8.644067
8.250271
7.861970
7.578700
7.500000
7.691619
8.084163
8.574453
9.059308
9.435551
9.600000
9.482250
9.142986
8.675669
8.173760
7.730716
7.440000
7.367624
7.469819
7.675370
7.913061
8.111676
8.200000
8.129337
7.941070
7.699101
7.467331
7.309664
7.290000
7.448684
7.731825
8.061976
8.361688
8.553512
8.560000
8.330973
7.925332
7.429244
6.928881
6.510409
6.260000
6.236172
6.386847
6.632296
6.892790
7.088601
7.140000
6.993550
6.700983
6.340321
5.989588
5.726807
5.630000
5.754071
6.061443
6.491419
6.983302
7.476394
7.910000
8.235582
8.453245
8.575254
8.613872
8.581366
8.490000
8.353323
8.190021
8.020067
7.863431
7.740085
7.670000
7.667887
7.727412
7.836980
7.984997
8.159869
8.350000
8.544575
8.735888
8.917014
9.081026
9.220997
9.330000
9.406823
9.473109
9.556213
9.683492
9.882303
10.180000
10.587669
11.051305
11.500632
11.865375
12.075256
12.060000
11.775650
11.283523
10.671258
10.026490
9.436859
8.990000
8.751816
8.701270
8.795587
8.991997
9.247725
9.520000
9.771762
9.988806
10.162643
10.284781
10.346730
10.340000
10.260165
10.119062
9.932592
9.716657
9.487159
9.260000
9.051838
8.882355
8.771990
8.741184
8.810374
9.000000
9.325448
9.781890
10.359446
11.048237
11.838382
12.720000
13.680446
14.696012
15.740224
16.786608
17.808691
18.780000
19.664065
20.384433
20.854659
20.988293
20.698889
19.900000
18.553064
16.811070
14.874892
12.945404
11.223482
9.910000
9.147521
8.845361
8.854524
9.026016
9.210839
9.260000
9.058195
8.624895
8.013262
7.276459
6.467651
5.640000
4.843866
4.118395
3.499930
3.024813
2.729389
2.650000
2.805555
3.145231
3.600770
4.103916
4.586412
4.980000
5.237062
5.392534
5.501989
5.621003
5.805148
6.110000
6.569021
7.127226
7.707522
8.232813
8.626004
8.810000
8.729726
8.418190
7.930421
7.321447
6.646298
5.960000
5.312400
4.732605
4.244543
3.872138
3.639315
3.570000
3.675444
3.916203
4.240157
4.595187
4.929174
5.190000
5.338138
5.384435
5.352331
5.265264
5.146674
5.020000
4.902697
4.788278
4.664270
4.518203
4.337603
4.110000
3.832648
3.541713
3.283088
3.102665
3.046338
3.160000
3.468054
3.908944
4.399629
4.857062
5.198200
5.340000
5.228286
4.924361
4.518398
4.100568
3.761045
3.590000
3.649636
3.890278
4.234281
4.603998
4.921787
5.110000
5.116178
4.988601
4.800730
4.626031
4.537966
4.610000
4.889585
5.320135
5.819049
6.303730
6.691580
6.900000
6.873859
6.667898
6.364324
6.045345
5.793167
5.690000
5.788727
6.024939
6.304904
6.534891
6.621167
6.470000
6.021141
5.348272
4.558559
3.759165
3.057257
2.560000
2.350968
2.419380
2.730861
3.251040
3.945544
4.780000
5.715587
6.695691
7.659247
8.545193
9.292465
9.840000
10.144090
10.230451
10.142152
9.922263
9.613856
9.260000
8.894718
8.515839
8.112146
7.672421
7.185445
6.640000
6.034955
5.409525
4.813013
4.294720
3.903948
3.690000
3.688147
3.877542
4.223303
4.690553
5.244411
5.850000
6.478612
7.126235
7.795026
8.487144
9.204749
9.950000
10.713051
11.436038
12.049095
12.482352
12.665943
12.530000
12.039092
11.295538
10.436096
9.597521
8.916570
8.530000
8.529054
8.822920
9.275273
9.749788
10.110138
10.220000
9.986127
9.487596
8.846562
8.185181
7.625608
7.290000
7.260325
7.457806
7.763478
8.058377
8.223540
8.140000
7.728822
7.071180
6.288275
5.501309
4.831484
4.400000
4.294895
4.471548
4.852171
5.358978
5.914183
6.440000
6.873310
7.209666
7.459291
7.632407
7.739236
7.790000
7.793672
7.754233
7.674414
7.556947
7.404565
7.220000
7.008808
6.787848
6.576804
6.395359
6.263196
6.200000
6.215170
6.276967
6.343371
6.372359
6.321909
6.150000
5.829726
5.394653
4.893462
4.374835
3.887454
3.480000
3.199999
3.090346
3.192781
3.549042
4.200869
5.190000
6.525325
8.084333
9.711665
11.251960
12.549858
13.450000
13.844442
13.814913
13.490559
13.000525
12.473957
12.040000
11.799545
11.740457
11.822349
12.004829
12.247509
12.510000
12.758397
12.984738
13.187546
13.365344
13.516654
13.640000
13.733302
13.792071
13.811216
13.785647
13.710272
13.580000
13.394183
13.169942
12.928840
12.692440
12.482306
12.320000
12.221540
12.180754
12.185925
12.225335
12.287266
12.360000
12.430259
12.478523
12.483711
12.424740
12.280530
12.030000
11.660987
11.197004
10.670483
10.113854
9.559549
9.040000
8.581857
8.188645
7.858109
7.587994
7.376042
7.220000
7.112002
7.021748
6.913330
6.750839
6.498365
6.120000
5.595968
4.971028
4.306069
3.661984
3.099664
2.680000
2.445606
2.365993
2.392392
2.476038
2.568163
2.620000
2.594060
2.497964
2.350611
2.170900
1.977730
1.790000
1.625886
1.500670
1.428914
1.425177
1.504019
1.680000
1.956332
2.290836
2.629983
2.920245
3.108093
3.140000
2.983553
2.690800
2.334904
1.989030
1.726341
1.620000
1.729873
2.062631
2.611649
3.370301
4.331960
5.490000
6.825752
8.272379
9.750998
11.182728
12.488689
13.590000
14.424062
14.993409
15.316860
15.413230
15.301338
15.000000
14.535269
13.962132
13.342814
12.739537
12.214525
11.830000
11.626670
11.559173
11.560635
11.564178
11.502925
11.310000
10.938562
10.421915
9.813396
9.166345
8.534100
7.970000
7.517229
7.178352
6.945781
6.811924
6.769194
6.810000
6.930623
7.142824
7.462231
7.904477
8.485190
9.220000
10.106991
11.074057
12.031544
12.889799
13.559168
13.950000
14.004653
13.793542
13.419094
12.983736
12.589896
12.340000
12.301849
12.404737
12.543329
12.612293
12.506294
12.120000
11.387765
10.402697
9.297590
8.205242
7.258446
6.590000
6.295563
6.322255
6.580060
6.978963
7.428948
7.840000
8.136603
8.301246
8.330919
8.222609
7.973306
7.580000
7.051450
6.443500
5.823765
5.259860
4.819400
4.570000
4.560699
4.766235
5.142770
5.646468
6.233490
6.860000
7.489273
8.113042
8.730153
9.339452
9.939786
10.530000
11.108783
11.674189
12.224117
12.756463
13.269125
13.760000
14.225642
14.657238
15.044628
15.377657
15.646167
15.840000
15.949666
15.968341
15.889869
15.708093
15.416855
15.010000
14.492453
13.913471
13.333395
12.812564
12.411319
12.190000
12.186912
12.352219
12.614052
12.900540
13.139813
13.260000
13.210455
13.025429
12.760396
12.470830
12.212207
12.040000
11.994091
12.051990
12.175614
12.326879
12.467702
12.560000
12.575819
12.527721
12.438398
12.330543
12.226846
12.150000
12.115458
12.109719
12.112043
12.101691
12.057923
11.960000
11.793785
11.571553
11.312181
11.034547
10.757527
10.500000
10.276531
10.084439
9.916733
9.766419
9.626505
9.490000
9.352035
9.216245
9.088388
8.974222
8.879507
8.810000
8.766439
8.729469
8.674716
8.577804
8.414357
8.160000
7.802627
7.379212
6.938998
6.531229
6.205149
6.010000
5.974951
6.048868
6.160541
6.238760
6.212316
6.010000
5.587708
5.009761
4.367589
3.752620
3.256280
2.970000
2.954727
3.149494
3.462852
3.803355
4.079553
4.200000
4.101346
3.832633
3.471001
3.093592
2.777545
2.600000
2.615399
2.787382
3.056892
3.364871
3.652260
3.860000
3.945161
3.929319
3.850179
3.745443
3.652815
3.610000
3.642939
3.730525
3.839892
3.938172
3.992497
3.970000
3.853270
3.686728
3.530252
3.443720
3.487010
3.720000
4.177037
4.790340
5.466599
6.112503
6.634740
6.940000
6.966500
6.778578
6.472101
6.142934
5.886945
5.800000
5.952657
6.314236
6.828748
7.440206
8.092619
8.730000
9.307456
9.824478
10.291656
10.719577
11.118829
11.500000
11.867289
12.199332
12.468378
12.646673
12.706464
12.620000
12.371862
11.995971
11.538583
11.045955
10.564342
10.140000
9.808968
9.566415
9.397290
9.286546
9.219132
9.180000
9.155321
9.136149
9.114756
9.083418
9.034408
8.960000
8.852479
8.704176
8.507434
8.254596
7.938003
7.550000
7.091708
6.599370
6.118007
5.692644
5.368300
5.190000
5.185041
5.309827
5.503036
5.703349
5.849444
5.880000
5.754840
5.518360
5.236097
4.973591
4.796379
4.770000
4.937449
5.251548
5.642574
6.040806
6.376522
6.580000
6.607169
6.516561
6.392358
6.318741
6.379895
6.660000
7.211837
7.962579
8.807996
9.643858
10.365936
10.870000
11.082935
11.056085
10.871908
10.612863
10.361407
10.200000
10.191561
10.320858
10.553121
10.853579
11.187462
11.520000
11.824802
12.109000
12.388107
12.677635
12.993095
13.350000
13.755851
14.186103
14.608200
14.989586
15.297705
15.500000
15.575081
15.546216
15.447841
15.314391
15.180299
15.080000
15.035863
15.021995
15.000434
14.933221
14.782397
14.510000
14.090540
13.548398
12.920423
12.243465
11.554374
10.890000
10.279384
9.720341
9.202875
8.716992
8.252699
7.800000
7.357478
6.958017
6.643078
6.454121
6.432609
6.620000
7.040566
7.649815
8.386064
9.187633
9.992839
10.740000
11.374889
11.873095
12.217665
12.391642
12.378072
12.160000
11.736176
11.168175
10.533277
9.908762
9.371909
9.000000
8.836888
8.792722
8.744227
8.568125
8.141142
7.340000
6.101968
4.606493
3.093567
1.803181
0.975328
0.850000
1.585380
3.012418
4.880257
6.938038
8.934905
10.620000
11.801143
12.520873
12.880407
12.980961
12.923753
12.810000
12.719816
12.648904
12.571865
12.463301
12.297813
12.050000
11.702650
11.271290
10.779632
10.251389
9.710274
9.180000
8.673335
8.159271
7.595858
6.941142
6.153174
5.190000
4.043918
2.844218
1.754438
0.938116
0.558791
0.780000
1.707659
3.217190
5.126390
7.253060
9.414997
11.430000
13.142946
14.507024
15.502501
16.109644
16.308722
16.080000
15.430696
14.475827
13.357357
12.217252
11.197478
10.440000
10.047556
9.965966
10.101823
10.361720
10.652248
10.880000
10.976951
10.976606
10.937851
10.919574
10.980661
11.180000
11.557603
12.077981
12.686773
13.329615
13.952145
14.500000
14.931898
15.258878
15.505058
15.694560
15.851500
16.000000
16.156704
16.308360
16.434244
16.513628
16.525789
16.450000
16.276287
16.037682
15.777967
15.540927
15.370343
15.310000
15.387223
15.563506
15.783888
15.993406
16.137097
16.160000
16.023156
15.751628
15.386481
14.968783
14.539601
14.140000
13.798625
13.494428
13.193938
12.863684
12.470195
11.980000
11.374195
10.692142
9.987767
9.315000
8.727769
8.280000
8.007048
7.869968
7.811242
7.773351
7.698777
7.530000
7.226687
6.817244
6.347263
5.862334
5.408050
5.030000
4.762084
4.591425
4.493456
4.443608
4.417312
4.390000
4.345349
4.300019
4.278914
4.306939
4.409000
4.610000
4.930779
5.375907
5.945889
6.641229
7.462431
8.410000
9.474915
10.610057
11.758782
12.864443
13.870397
14.720000
15.370902
15.837937
16.150235
16.336925
16.427137
16.450000
16.428328
16.359675
16.235278
16.046374
15.784202
15.440000
15.010554
14.514845
13.977405
13.422763
12.875452
12.360000
11.901587
11.527983
11.267604
11.148869
11.200195
11.450000
11.914487
12.561003
13.344679
14.220650
15.144046
16.070000
16.961854
17.815785
18.636178
19.427422
20.193900
20.940000
21.659718
22.305488
22.819357
23.143368
23.219567
22.990000
22.419692
21.565596
20.507645
19.325773
18.099913
16.910000
15.821329
14.840647
13.960064
13.171689
12.467631
11.840000
11.278094
10.759964
10.260850
9.755991
9.220628
8.630000
7.974536
7.305423
6.689036
6.191753
5.879949
5.820000
6.048531
6.483160
7.011754
7.522181
7.902307
8.040000
7.860600
7.439345
6.888946
6.322115
5.851562
5.590000
5.613698
5.853164
6.202461
6.555656
6.806814
6.850000
6.613495
6.162445
5.596210
5.014150
4.515627
4.200000
4.137366
4.280759
4.553950
4.880707
5.184800
5.390000
5.440605
5.363036
5.204241
5.011170
4.830774
4.710000
4.681093
4.717468
4.777836
4.820908
4.805392
4.690000
4.448821
4.117463
3.746914
3.388162
3.092194
2.910000
2.876819
2.964904
3.130759
3.330890
3.521802
3.660000
3.713347
3.695144
3.630049
3.542721
3.457818
3.400000
3.387153
3.410075
3.452794
3.499337
3.533730
3.540000
3.508320
3.453444
3.396273
3.357709
3.358651
3.420000
3.554754
3.744297
3.962112
4.181680
4.376482
4.520000
4.593498
4.609366
4.587778
4.548906
4.512922
4.500000
4.526995
4.597496
4.711775
4.870104
5.072755
5.320000
5.607967
5.916205
6.220122
6.495122
6.716613
6.860000
6.907806
6.871017
6.767739
6.616074
6.434126
6.240000
6.046691
5.846763
5.627674
5.376879
5.081836
4.730000
4.318996
3.887115
3.482816
3.154558
2.950800
2.920000
3.092650
3.427370
3.864813
4.345630
4.810475
5.200000
5.467117
5.613775
5.654183
5.602551
5.473087
5.280000
5.037957
4.763457
4.473454
4.184907
3.914770
3.680000
3.495592
3.368695
3.304499
3.308192
3.384963
3.540000
3.775092
4.078429
4.434799
4.828991
5.245795
5.670000
6.087928
6.492034
6.876306
7.234732
7.561301
7.850000
8.096668
8.304547
8.478728
8.624302
8.746362
8.850000
8.937065
8.996445
9.013783
8.974725
8.864916
8.670000
8.381922
8.017821
7.601139
7.155315
6.703789
6.270000
5.874183
5.523751
5.222909
4.975866
4.786827
4.660000
4.596577
4.585694
4.613473
4.666036
4.729504
4.790000
4.838259
4.883472
4.939447
5.019989
5.138905
5.310000
5.539787
5.805602
6.077488
6.325488
6.519645
6.630000
6.636483
6.558564
6.425600
6.266947
6.111961
5.990000
5.922615
5.900142
5.905113
5.920058
5.927510
5.910000
5.854584
5.766423
5.655199
5.530598
5.402303
5.280000
5.170528
5.069352
4.969092
4.862366
4.741796
4.600000
4.432006
4.242464
4.038435
3.826975
3.615144
3.410000
3.218949
3.050791
2.914670
2.819734
2.775128
2.790000
2.867475
2.986596
3.120386
3.241868
3.324065
3.340000
3.273976
3.155419
3.025036
2.923534
2.891619
2.970000
3.186391
3.516545
3.923221
4.369182
4.817188
5.230000
5.573978
5.829884
5.982079
6.014922
5.912776
5.660000
5.257695
4.773918
4.293464
3.901130
3.681709
3.720000
4.069546
4.658887
5.385314
6.146115
6.838581
7.360000
7.636020
7.705718
7.636530
7.495890
7.351235
7.270000
7.303922
7.441945
7.657318
7.923286
8.213098
8.500000
8.762646
9.001317
9.221700
9.429483
9.630354
9.830000
10.031559
10.227973
10.409632
10.566928
10.690254
10.770000
10.799960
10.787533
10.743522
10.678729
10.603954
10.530000
10.464296
10.400783
10.330028
10.242601
10.129069
9.980000
9.788504
9.557854
9.293864
9.002349
8.689123
8.360000
8.022059
7.687432
7.369516
7.081708
6.837403
6.650000
6.525576
6.440937
6.365572
6.268969
6.120615
5.890000
5.554712
5.124746
4.618196
4.053158
3.447728
2.820000
2.193261
1.611562
1.124144
0.780250
0.629121
0.720000
1.085022
1.687897
2.475228
3.393620
4.389676
5.410000
6.410031
7.380555
8.321193
9.231566
10.111294
10.960000
11.773232
12.530252
13.206249
13.776414
14.215934
14.500000
14.616160
14.601399
14.505059
14.376484
14.265016
14.220000
14.271155
14.369708
14.447265
14.435429
14.265806
13.870000
13.202416
12.308658
11.257132
10.116244
8.954398
7.840000
6.833072
5.960105
5.239207
4.688485
4.326046
4.170000
4.227564
4.462403
4.827291
5.275003
5.758315
6.230000
6.652921
7.030283
7.375379
7.701502
8.021945
8.350000
8.695059
9.050911
9.407443
9.754544
10.082100
10.380000
10.641565
10.873851
11.087348
11.292545
11.499933
11.720000
11.956597
12.187018
12.381915
12.511942
12.547752
12.460000
12.231629
11.894744
11.493742
11.073020
10.676974
10.350000
10.122676
9.970303
9.854366
9.736347
9.577731
9.340000
8.998040
8.580341
8.128795
7.685295
7.291733
6.990000
6.808360
6.720556
6.686703
6.666917
6.621311
6.510000
6.304077
6.018547
5.679391
5.312593
4.944135
4.600000
4.298943
4.030814
3.778233
3.523822
3.250204
2.940000
2.587233
2.231533
1.923929
1.715452
1.657132
1.800000
2.169346
2.687500
3.251053
3.756594
4.100713
4.180000
3.933392
3.469207
2.938110
2.490767
2.277842
2.450000
3.096532
4.061228
5.126507
6.074784
6.688476
6.750000
6.123537
5.000324
3.653362
2.355654
1.380199
1.000000
1.407932
2.476365
3.997544
5.763713
7.567117
9.200000
10.503810
11.516809
12.326462
13.020235
13.685592
14.410000
15.256643
16.191585
17.156608
18.093497
18.944033
19.650000
20.163923
20.481296
20.608355
20.551334
20.316471
19.910000
19.347340
18.680637
17.971223
17.280425
16.669574
16.200000
15.910005
15.745783
15.630504
15.487335
15.239445
14.810000
14.152965
13.345488
12.495510
11.710974
11.099823
10.770000
10.797393
11.129672
11.682456
12.371361
13.112003
13.820000
14.423390
14.899897
15.239666
15.432843
15.469572
15.340000
15.048955
14.659999
14.251379
13.901342
13.688133
13.690000
13.956996
14.426404
15.007317
15.608826
16.140024
16.510000
16.650563
16.584385
16.356852
16.013352
15.599273
15.160000
14.735380
14.343093
13.995273
13.704060
13.481590
13.340000
13.281295
13.266948
13.248304
13.176703
13.003487
12.680000
12.174812
11.525410
10.786512
10.012833
9.259090
8.580000
8.017144
7.559559
7.183150
6.863818
6.577467
6.300000
6.014021
5.728945
5.460888
5.225968
5.040299
4.920000
4.877420
4.909846
5.010796
5.173792
5.392354
5.660000
5.969123
6.307599
6.662176
7.019604
7.366629
7.690000
7.982293
8.259389
8.542998
8.854830
9.216595
9.650000
10.166846
10.739290
11.329580
11.899964
12.412688
12.830000
13.126064
13.322709
13.453680
13.552722
13.653581
13.790000
13.987832
14.241354
14.536948
14.860999
15.199888
15.540000
15.867931
16.171134
16.437276
16.654023
16.809042
16.890000
16.890397
16.827072
16.722698
16.599946
16.481489
16.390000
16.342794
16.335761
16.359433
16.404342
16.461020
16.520000
16.573888
16.623587
16.672071
16.722317
16.777302
16.840000
16.912810
16.995818
17.088533
17.190463
17.301116
17.420000
17.543297
17.653880
17.731296
17.755090
17.704810
17.560000
17.308353
16.970141
16.573782
16.147694
15.720294
15.320000
14.967365
14.651480
14.353575
14.054874
13.736607
13.380000
12.974827
12.545048
12.123169
11.741698
11.433139
11.230000
11.152772
11.173883
11.253748
11.352780
11.431393
11.450000
11.381401
11.247939
11.084340
10.925332
10.805643
10.760000
10.810743
10.930658
11.080143
11.219597
11.309416
11.310000
11.196784
11.005355
10.786337
10.590356
10.468035
10.470000
10.628973
10.906071
11.244508
11.587499
11.878258
12.060000
12.090564
11.986286
11.778130
11.497055
11.174025
10.840000
10.523911
10.246561
10.026722
9.883168
9.834670
9.900000
10.090414
10.387100
10.763731
11.193976
11.651509
12.110000
12.544063
12.932074
13.253355
13.487223
13.612999
13.610000
13.465280
13.196824
12.830349
12.391575
11.906219
11.400000
10.898567
10.427297
10.011497
9.676476
9.447541
9.350000
9.398554
9.565471
9.812412
10.101040
10.393016
10.650000
10.840598
10.961192
11.015104
11.005660
10.936184
10.810000
10.629331
10.391985
10.094672
9.734099
9.306972
8.810000
8.249117
7.667163
7.116207
6.648316
6.315557
6.170000
6.243185
6.484548
6.823001
7.187454
7.506817
7.710000
7.748237
7.662052
7.514289
7.367796
7.285417
7.330000
7.542478
7.876134
8.262343
8.632475
8.917903
9.050000
8.982038
8.754892
8.431339
8.074155
7.746117
7.510000
7.411409
7.427261
7.517300
7.641273
7.758925
7.830000
7.823531
7.745695
7.611959
7.437788
7.238646
7.030000
6.824376
6.622551
6.422362
6.221649
6.018249
5.810000
5.592668
5.353731
5.078591
4.752653
4.361321
3.890000
3.339070
2.768822
2.254524
1.871443
1.694845
1.800000
2.236745
2.953202
3.872063
4.916021
6.007769
7.070000
8.042099
8.930223
9.757225
10.545954
11.319262
12.100000
12.897824
13.669609
14.359038
14.909792
15.265552
15.370000
15.187394
14.764303
14.167873
13.465248
12.723575
12.010000
11.377600
10.823178
10.329472
9.879216
9.455147
9.040000
8.626328
8.245947
7.940490
7.751592
7.720884
7.890000
8.281118
8.838591
9.487317
10.152195
10.758124
11.230000
11.513600
11.638210
11.653991
11.611108
11.559723
11.550000
11.618834
11.750053
11.914218
12.081890
12.223631
12.310000
12.320463
12.270098
12.182887
12.082812
11.993856
11.940000
11.938204
11.977334
12.039235
12.105751
12.158724
12.180000
12.156259
12.093528
12.002672
11.894556
11.780044
11.670000
11.574956
11.504109
11.466325
11.470469
11.525405
11.640000
11.819243
12.052629
12.325778
12.624309
12.933843
13.240000
13.531313
13.807967
14.073064
14.329702
14.580981
14.830000
15.077173
15.312169
15.521967
15.693551
15.813901
15.870000
15.854346
15.781507
15.671567
15.544613
15.420729
15.320000
15.260953
15.255879
15.315513
15.450589
15.671840
15.990000
16.407585
16.894237
17.411380
17.920439
18.382837
18.760000
19.023940
19.189026
19.280217
19.322471
19.340746
19.360000
19.400175
19.461141
19.537753
19.624864
19.717329
19.810000
19.895917
19.960854
19.988771
19.963628
19.869385
19.690000
19.417455
19.075813
18.697162
18.313585
17.957169
17.660000
17.445653
17.303670
17.215082
17.160920
17.122215
17.080000
17.017663
16.928024
16.806261
16.647550
16.447071
16.200000
15.909389
15.609790
15.343626
15.153323
15.081306
15.170000
15.443715
15.854299
16.335486
16.821010
17.244603
17.540000
17.659965
17.633385
17.508180
17.332268
17.153568
17.020000
16.964298
16.958458
16.959296
16.923623
16.808253
16.570000
16.180114
15.667596
15.075887
14.448425
13.828650
13.260000
12.774275
12.356711
11.980905
11.620454
11.248953
10.840000
10.379176
9.900003
9.447991
9.068648
8.807481
8.710000
8.802773
9.036609
9.343380
9.654955
9.903205
10.020000
9.958113
9.753930
9.464739
9.147828
8.860486
8.660000
8.587506
8.619522
8.716414
8.838547
8.946287
9.000000
8.971726
8.880206
8.755856
8.629095
8.530337
8.490000
8.524342
8.592990
8.641411
8.615074
8.459448
8.120000
7.567665
6.875243
6.141000
5.463201
4.940112
4.670000
4.717219
5.010481
5.444589
5.914344
6.314547
6.540000
6.515774
6.288016
5.933143
5.527572
5.147719
4.870000
4.750796
4.766343
4.872838
5.026480
5.183468
5.300000
5.342614
5.319205
5.248006
5.147249
5.035170
4.930000
4.848422
4.800911
4.796390
4.843782
4.952011
5.130000
5.375225
5.639374
5.862685
5.985400
5.947758
5.690000
5.180863
4.503077
3.767869
3.086469
2.570103
2.330000
2.446093
2.873135
3.534587
4.353909
5.254560
6.160000
7.012545
7.829939
8.648781
9.505672
10.437211
11.480000
12.647292
13.858962
15.011539
16.001552
16.725529
17.080000
16.999721
16.572360
15.923812
15.179973
14.466737
13.910000
13.601230
13.494189
13.508211
13.562631
13.576782
13.470000
13.185635
12.763105
12.265843
11.757283
11.300857
10.960000
10.782246
10.751538
10.835916
11.003424
11.222104
11.460000
11.690332
11.907041
12.109243
12.296059
12.466605
12.620000
12.752766
12.851040
12.898360
12.878267
12.774301
12.570000
12.258741
11.873244
11.456065
11.049760
10.696887
10.440000
10.306575
10.263762
10.263630
10.258246
10.199680
10.040000
9.752273
9.393558
9.041916
8.775403
8.672078
8.810000
9.244102
9.936819
10.827458
11.855329
12.959740
14.080000
15.157197
16.139537
16.977003
17.619579
18.017250
18.120000
17.896830
17.392811
16.672030
15.798576
14.836537
13.850000
12.893446
11.982924
11.124876
10.325745
9.591972
8.930000
8.339758
7.795125
7.263466
6.712149
6.108538
5.420000
4.635948
3.833985
3.113759
2.574920
2.317117
2.440000
3.004458
3.916343
5.042747
6.250763
7.407483
8.380000
9.063443
9.465089
9.620254
9.564250
9.332394
8.960000
8.481863
7.930708
7.338739
6.738161
6.161180
5.640000
5.196326
4.809856
4.449790
4.085327
3.685664
3.220000
2.675381
2.110238
1.600850
1.223495
1.054452
1.170000
1.615624
2.313637
3.155561
4.032916
4.837222
5.460000
5.820503
5.948916
5.903156
5.741138
5.520781
5.300000
5.126575
5.007734
4.940566
4.922161
4.949609
5.020000
5.125048
5.234963
5.314581
5.328737
5.242265
5.020000
4.645456
4.176857
3.691108
3.265114
2.975776
2.900000
3.087713
3.480942
3.994735
4.544142
5.044214
5.410000
5.583135
5.611598
5.569953
5.532762
5.574590
5.770000
6.170486
6.735257
7.400455
8.102218
8.776686
9.360000
9.803579
10.119965
10.336978
10.482441
10.584175
10.670000
10.762837
10.865995
10.977882
11.096907
11.221477
11.350000
11.476972
11.581242
11.637743
11.621413
11.507187
11.270000
10.893904
10.399410
9.816145
9.173737
8.501813
7.830000
7.184959
6.581490
6.031426
5.546601
5.138848
4.820000
4.596166
4.450555
4.360649
4.303932
4.257888
4.200000
4.116348
4.027402
3.962227
3.949891
4.019460
4.200000
4.507099
4.902431
5.334192
5.750576
6.099781
6.330000
6.407062
6.367319
6.264756
6.153359
6.087112
6.120000
6.290627
6.576073
6.938035
7.338211
7.738300
8.100000
8.393902
8.626169
8.811856
8.966020
9.103716
9.240000
9.382237
9.507030
9.583291
9.579932
9.465864
9.210000
8.798908
8.289784
7.757479
7.276845
6.922735
6.770000
6.865603
7.144947
7.515545
7.884911
8.160558
8.250000
8.087986
7.718208
7.211593
6.639069
6.071562
5.580000
5.219443
4.981480
4.841833
4.776223
4.760371
4.770000
4.787575
4.822538
4.891075
5.009374
5.193620
5.460000
5.815119
6.227258
6.655115
7.057392
7.392787
7.620000
7.712088
7.699543
7.627213
7.539946
7.482592
7.500000
7.627083
7.859014
8.181033
8.578378
9.036288
9.540000
10.076895
10.642918
11.236154
11.854689
12.496609
13.160000
13.838299
14.506350
15.134350
15.692494
16.150979
16.480000
16.663335
16.739089
16.758946
16.774593
16.837716
17.000000
17.289147
17.636925
17.951116
18.139504
18.109871
17.770000
17.063084
16.073951
14.922839
13.729985
12.615626
11.700000
11.070692
10.684677
10.466277
10.339816
10.229616
10.060000
9.777251
9.415491
9.030803
8.679270
8.416975
8.300000
8.361834
8.545583
8.771762
8.960882
9.033457
8.910000
8.539258
7.982917
7.330900
6.673127
6.099520
5.700000
