13.089418
13.081447
12.964803
12.778203
12.560363
12.350000
12.177900
12.043128
11.936818
11.850103
11.774120
11.700000
11.619629
11.527893
11.420426
11.292865
11.140844
10.960000
10.750990
10.534560
10.336478
10.182512
10.098430
10.110000
10.230809
10.425718
10.647411
10.848568
10.981870
11.000000
10.871007
10.624418
10.305127
9.958031
9.628023
9.360000
9.186043
9.086980
9.030829
8.985605
8.919323
8.800000
8.606767
8.363216
8.104056
7.863994
7.677740
7.580000
7.592770
7.687193
7.821698
7.954715
8.044672
8.050000
7.941921
7.742826
7.487902
7.212333
6.951304
6.740000
6.604316
6.532983
6.505444
6.501139
6.499511
6.480000
6.427622
6.349685
6.259073
6.168666
6.091348
6.040000
6.023530
6.034942
6.063265
6.097530
6.126765
6.140000
6.129694
6.102029
6.066616
6.033066
6.010990
6.010000
6.034081
6.064719
6.077770
6.049095
5.954552
5.770000
5.484443
5.139466
4.789802
4.490182
4.295338
4.260000
4.419537
4.731861
5.135521
5.569065
5.971042
6.280000
6.448057
6.481608
6.400614
6.225040
5.974847
5.670000
5.329252
4.966522
4.594522
4.225961
3.873550
3.550000
3.265028
3.016378
2.798799
2.607043
2.435860
2.280000
2.140312
2.042042
2.016532
2.095126
2.309167
2.690000
3.253075
3.950271
4.717575
5.490973
6.206453
6.800000
7.226834
7.519098
7.728170
7.905427
8.102245
8.370000
8.743388
9.190374
9.662244
10.110282
10.485772
10.740000
10.838644
10.804961
10.676603
10.491223
10.286471
10.100000
9.961250
9.866819
9.805092
9.764456
9.733297
9.700000
9.653855
9.587762
9.495527
9.370952
9.207841
9.000000
8.743515
8.443613
8.107801
7.743589
7.358485
6.960000
6.557454
6.167417
5.808271
5.498398
5.256180
5.100000
5.042919
5.076721
5.187867
5.362820
5.588044
5.850000
6.134110
6.421626
6.692762
6.927728
7.106737
7.210000
7.227911
7.191589
7.142336
7.121453
7.170241
7.330000
7.623969
8.003127
8.400393
8.748682
8.980912
9.030000
8.851724
8.493309
8.024842
7.516411
7.038101
6.660000
6.433812
6.337711
6.331487
6.374934
6.427841
6.450000
6.412473
6.331404
6.234208
6.148299
6.101091
6.120000
6.225833
6.412969
6.669181
6.982241
7.339924
7.730000
8.141419
8.567833
9.004069
9.444957
9.885325
10.320000
10.744881
11.160145
11.567042
11.966818
12.360721
12.750000
13.131697
13.486030
13.789014
14.016661
14.144985
14.150000
14.018657
13.781661
13.480654
13.157280
12.853181
12.610000
12.459694
12.395476
12.400871
12.459406
12.554607
12.670000
12.786316
12.873102
12.897111
12.825095
12.623808
12.260000
11.716108
11.037302
10.284435
9.518360
8.799931
8.190000
7.729298
7.378060
7.076400
6.764428
6.382257
5.870000
5.192533
4.413789
3.622467
2.907263
2.356875
2.060000
2.074413
2.334189
2.742483
3.202448
3.617236
3.890000
3.950234
3.832787
3.598850
3.309613
3.026267
2.810000
2.713311
2.753922
2.940866
3.283173
3.789874
4.470000
5.315737
6.251894
7.186435
8.027324
8.682524
9.060000
9.096379
8.842944
8.379643
7.786420
7.143224
6.530000
6.011987
5.595587
5.272495
5.034403
4.873007
4.780000
4.755673
4.834707
5.060379
5.475967
6.124748
7.050000
8.268746
9.692991
11.208488
12.700987
14.056241
15.160000
15.920594
16.336661
16.429419
16.220083
15.729871
14.980000
14.004065
12.885180
11.718838
10.600532
9.625755
8.890000
8.457128
8.264472
8.217731
8.222605
8.184795
8.010000
7.634921
7.120265
6.557738
6.039047
5.655899
5.500000
5.638232
6.038171
6.642567
7.394170
8.235731
9.110000
9.963308
10.756311
11.453245
12.018347
12.415853
12.610000
12.581730
12.378808
12.065704
11.706888
11.366830
11.110000
10.981993
10.952900
10.973938
10.996323
10.971272
10.850000
10.595715
10.219592
9.744793
9.194486
8.591833
7.960000
7.320747
6.690215
6.083138
5.514253
4.998295
4.550000
4.181481
3.894364
3.687654
3.560353
3.511467
3.540000
3.643838
3.816403
4.049997
4.336926
4.669492
5.040000
5.439138
5.851136
6.258607
6.644165
6.990425
7.280000
7.502989
7.679424
7.836825
8.002710
8.204595
8.470000
8.816084
9.218574
9.642841
10.054255
10.418184
10.700000
10.864945
10.877760
10.703059
10.305456
9.649565
8.700000
7.457839
6.070014
4.719922
3.590958
2.866519
2.730000
3.299995
4.435886
5.932253
7.583674
9.184730
10.530000
11.466162
12.048293
12.383567
12.579159
12.742245
12.980000
13.367347
13.850202
14.342230
14.757096
15.008464
15.010000
14.701164
14.124605
13.348765
12.442088
11.473018
10.510000
9.613551
8.812491
8.127712
7.580108
7.190573
6.980000
6.960325
7.107654
7.389137
7.771923
8.223161
8.710000
9.197788
9.644670
10.006988
10.241087
10.303310
10.150000
9.756023
9.170334
8.460410
7.693728
6.937766
6.260000
5.712657
5.286958
4.958872
4.704371
4.499424
4.320000
4.149321
3.999613
3.890351
3.841010
3.871068
4.000000
4.237372
4.553109
4.907225
5.259736
5.570656
5.800000
5.917626
5.932766
5.864498
5.731896
5.554038
5.350000
5.137912
4.932122
4.746034
4.593049
4.486570
4.440000
4.465032
4.566522
4.747616
5.011463
5.361209
5.800000
6.324183
6.902902
7.498500
8.073320
8.589706
9.010000
9.308096
9.504092
9.629632
9.716366
9.795940
9.900000
10.051301
10.237028
10.435470
10.624919
10.783665
10.890000
10.929105
10.913723
10.863488
10.798034
10.736993
10.700000
10.700843
10.729931
10.771827
10.811095
10.832298
10.820000
10.764327
10.677663
10.577952
10.483141
10.411175
10.380000
10.403838
10.482010
10.610115
10.783750
10.998512
11.250000
11.530415
11.818371
12.089089
12.317787
12.479684
12.550000
12.512930
12.388579
12.206029
11.994362
11.782658
11.600000
11.468189
11.379904
11.320543
11.275507
11.230193
11.170000
11.085379
10.986991
10.890547
10.811759
10.766339
10.770000
10.833905
10.951021
11.109769
11.298569
11.505839
11.720000
11.936873
12.181887
12.487875
12.887669
13.414100
14.100000
14.962679
15.957356
17.023730
18.101496
19.130354
20.050000
20.811486
21.411281
21.857207
22.157087
22.318744
22.350000
22.263368
22.090113
21.866194
21.627564
21.410181
21.250000
21.174858
21.180117
21.253019
21.380805
21.550718
21.750000
21.968032
22.202751
22.454232
22.722550
23.007781
23.310000
23.620050
23.891842
24.070055
24.099366
23.924455
23.490000
22.763527
21.803954
20.693049
19.512577
18.344305
17.270000
16.353018
15.583081
14.931499
14.369584
13.868647
13.400000
12.945650
12.530388
12.189704
11.959086
11.874022
11.970000
12.266235
12.716848
13.259684
13.832590
14.373413
14.820000
15.126724
15.314073
15.419060
15.478701
15.530009
15.610000
15.738673
15.867971
15.932824
15.868161
15.608910
15.090000
14.276825
13.256634
12.147142
11.066063
10.131111
9.460000
9.137268
9.114751
9.311107
9.644994
10.035072
10.400000
10.668870
10.812509
10.812181
10.649145
10.304664
9.760000
9.014567
8.140396
7.227671
6.366574
5.647289
5.160000
4.976518
5.095164
5.495887
6.158635
7.063356
8.190000
9.505656
10.925983
12.353781
13.691850
14.842989
15.710000
16.222200
16.414977
16.350239
16.089893
15.695844
15.230000
14.746610
14.269293
13.814012
13.396728
13.033404
12.740000
12.527749
12.388960
12.311212
12.282083
12.289153
12.320000
12.360172
12.387089
12.376141
12.302717
12.142207
11.870000
11.478324
11.026760
10.591726
10.249642
10.076927
10.150000
10.518755
11.126984
11.891955
12.730937
13.561196
14.300000
14.881612
15.308269
15.599204
15.773649
15.850837
15.850000
15.789660
15.685498
15.552481
15.405580
15.259763
15.130000
15.025534
14.932704
14.832123
14.704403
14.530158
14.290000
13.973157
13.603315
13.212777
12.833844
12.498818
12.240000
12.080126
12.003664
11.985518
12.000590
12.023783
12.030000
12.000091
11.938696
11.856402
11.763796
11.671467
11.590000
11.528631
11.491182
11.480124
11.497928
11.547063
11.630000
11.745664
11.878798
12.010600
12.122269
12.195003
12.210000
12.155242
12.045849
11.903724
11.750772
11.608896
11.500000
11.439803
11.419288
11.423253
11.436494
11.443811
11.430000
11.382304
11.297739
11.175765
11.015844
10.817435
10.580000
10.308991
10.033831
9.789936
9.612722
9.537605
9.600000
9.818770
10.146568
10.519491
10.873638
11.145108
11.270000
11.206483
11.001010
10.722102
10.438282
10.218074
10.130000
10.225713
10.489394
10.888352
11.389899
11.961345
12.570000
13.183765
13.772896
14.308239
14.760640
15.100945
15.300000
15.342051
15.264948
15.119942
14.958281
14.831217
14.790000
14.867845
15.025829
15.206994
15.354383
15.411038
15.320000
15.042078
14.609143
14.070831
13.476779
12.876623
12.320000
11.845000
11.443525
11.095932
10.782576
10.483813
10.180000
9.854034
9.498979
9.110442
8.684029
8.215346
7.700000
7.141968
6.578708
6.056052
5.619828
5.315868
5.190000
5.271151
5.520632
5.882851
6.302213
6.723127
7.090000
7.356946
7.516910
7.572546
7.526504
7.381438
7.140000
6.811620
6.432837
6.046967
5.697327
5.427232
5.280000
5.288379
5.442852
5.723336
6.109744
6.581994
7.120000
7.707224
8.341309
9.023441
9.754808
10.536599
11.370000
12.249113
13.139691
14.000402
14.789912
15.466889
15.990000
16.328779
16.496224
16.516203
16.412581
16.209225
15.930000
15.598458
15.236894
14.867286
14.511615
14.191860
13.930000
13.741879
13.618793
13.545902
13.508367
13.491346
13.480000
13.462452
13.438674
13.411604
13.384178
13.359331
13.340000
13.327805
13.319102
13.308930
13.292329
13.264339
13.220000
13.156051
13.076030
12.985176
12.888727
12.791923
12.700000
12.617622
12.547150
12.490367
12.449058
12.425008
12.420000
12.435358
12.470556
12.524606
12.596522
12.685316
12.790000
12.909141
13.039517
13.177459
13.319299
13.461369
13.600000
13.733912
13.871377
14.023058
14.199614
14.411708
14.670000
14.977805
15.309048
15.630310
15.908169
16.109206
16.200000
16.160287
16.022431
15.831953
15.634375
15.475217
15.400000
15.431881
15.504562
15.529377
15.417664
15.080760
14.430000
13.417373
12.157471
10.805538
9.516819
8.446559
7.750000
7.539924
7.759260
8.308470
9.088021
9.998376
10.940000
11.826078
12.620676
13.300580
13.842578
14.223456
14.420000
14.417755
14.237296
13.907958
13.459073
12.919976
12.320000
11.684338
11.021620
10.336338
9.632980
8.916038
8.190000
7.463551
6.762148
6.115441
5.553080
5.104716
4.800000
4.660023
4.671640
4.813150
5.062848
5.399033
5.800000
6.246543
6.729439
7.241960
7.777379
8.328968
8.890000
9.449684
9.980974
10.452760
10.833933
11.093383
11.200000
11.137730
10.950740
10.698250
10.439482
10.233658
10.140000
10.196016
10.352364
10.537991
10.681842
10.712863
10.560000
10.178531
9.629063
8.998537
8.373891
7.842066
7.490000
7.375462
7.439530
7.594112
7.751112
7.822440
7.720000
7.384251
6.869853
6.260017
5.637955
5.086879
4.690000
4.504572
4.484022
4.555820
4.647436
4.686339
4.600000
4.339637
3.951466
3.505451
3.071559
2.719754
2.520000
2.520677
2.683819
2.949874
3.259291
3.552517
3.770000
3.865803
3.848443
3.740051
3.562759
3.338698
3.090000
2.837408
2.596114
2.379921
2.202636
2.078061
2.020000
2.035677
2.105992
2.205263
2.307809
2.387948
2.420000
2.389976
2.330659
2.286526
2.302054
2.421720
2.690000
3.135115
3.720262
4.392382
5.098418
5.785310
6.400000
6.900492
7.289036
7.578946
7.783534
7.916115
7.990000
8.017826
8.009521
7.974335
7.921519
7.860324
7.800000
7.755889
7.767695
7.881214
8.142241
8.596571
9.290000
10.246720
11.404513
12.679559
13.988036
15.246123
16.370000
17.291953
18.008695
18.533050
18.877838
19.055881
19.080000
18.963201
18.719223
18.361991
17.905427
17.363456
16.750000
16.079410
15.367744
14.631486
13.887120
13.151130
12.440000
11.771195
11.166096
10.647066
10.236465
9.956656
9.830000
9.867847
10.037501
10.295252
10.597391
10.900210
11.160000
11.344406
11.466493
11.550677
11.621378
11.703013
11.820000
11.987027
12.179862
12.364540
12.507098
12.573572
12.530000
12.356558
12.089986
11.781164
11.480973
11.240291
11.110000
11.122944
11.239823
11.403303
11.556049
11.640726
11.600000
11.398010
11.084796
10.731873
10.410757
10.192961
10.150000
10.328257
10.673585
11.106703
11.548332
11.919191
12.140000
12.154655
11.999752
11.735063
11.420360
11.115415
10.880000
10.755577
10.710370
10.694294
10.657264
10.549194
10.320000
9.937760
9.443213
8.895261
8.352806
7.874752
7.520000
7.326114
7.245296
7.208412
7.146326
6.989900
6.670000
6.144128
5.476343
4.757340
4.077818
3.528472
3.200000
3.151911
3.318963
3.604728
3.912775
4.146675
4.210000
4.037071
3.685212
3.242500
2.797010
2.436818
2.250000
2.298372
2.538708
2.901524
3.317335
3.716655
4.030000
4.206896
4.272918
4.272653
4.250687
4.251607
4.320000
4.485525
4.718137
4.972863
5.204731
5.368767
5.420000
5.323966
5.088237
4.730894
4.270020
3.723694
3.110000
2.455464
1.820398
1.273560
0.883709
0.719603
0.850000
1.318022
2.064246
3.003614
4.051068
5.121550
6.130000
7.017218
7.827433
8.630732
9.497202
10.496929
11.700000
13.142180
14.721947
16.303456
17.750864
18.928327
19.700000
19.969710
19.799964
19.292942
18.550822
17.675782
16.770000
15.920879
15.156714
14.491025
13.937330
13.509148
13.220000
13.071636
13.018735
13.004209
12.970971
12.861930
12.620000
12.212116
11.701309
11.174638
10.719158
10.421927
10.370000
10.614625
11.063806
11.589739
12.064619
12.360641
12.350000
11.946886
11.233468
10.333907
9.372367
8.473010
7.760000
7.323988
7.121583
7.075883
7.109988
7.146994
7.110000
6.942533
6.669831
6.337560
5.991387
5.676978
5.440000
5.317177
5.309465
5.408878
5.607429
5.897132
6.270000
6.713851
7.199715
7.694428
8.164823
8.577736
8.900000
9.103346
9.179081
9.123411
8.932538
8.602666
8.130000
7.523230
6.840997
6.154430
5.534656
5.052803
4.780000
4.763688
4.956559
5.287620
5.685876
6.080334
6.400000
6.591603
6.672767
6.678841
6.645172
6.607109
6.600000
6.650411
6.749781
6.880767
7.026028
7.168220
7.290000
7.379486
7.446628
7.506840
7.575532
7.668114
7.800000
7.982943
8.214076
8.486873
8.794809
9.131360
9.490000
9.861380
10.224846
10.556919
10.834122
11.032975
11.130000
11.109223
10.984689
10.777950
10.510555
10.204055
9.880000
9.553859
9.216768
8.853782
8.449956
7.990344
7.460000
6.859139
6.248610
5.704422
5.302585
5.119108
5.230000
5.678383
6.375830
7.201029
8.032665
8.749427
9.230000
9.389831
9.291404
9.033964
8.716753
8.439017
8.300000
8.371136
8.612628
8.956867
9.336247
9.683161
9.930000
10.027985
10.003640
9.902317
9.769369
9.650146
9.590000
9.622295
9.732442
9.893863
10.079982
10.264220
10.420000
10.528807
10.604369
10.668479
10.742927
10.849503
11.010000
11.236922
11.505636
11.782220
12.032756
12.223322
12.320000
12.301559
12.197532
12.050141
11.901607
11.794152
11.770000
11.857349
12.028310
12.240968
12.453411
12.623726
12.710000
12.685386
12.583304
12.452238
12.340675
12.297101
12.370000
12.588282
12.902550
13.243829
13.543146
13.731528
13.740000
13.521023
13.112794
12.574945
11.967109
11.348917
10.780000
10.307488
9.928497
9.627639
9.389528
9.198778
9.040000
8.904720
8.812109
8.788249
8.859222
9.051112
9.390000
9.887474
10.497142
11.158116
11.809509
12.390433
12.840000
13.112234
13.220803
13.194286
13.061260
12.850305
12.590000
12.306922
12.019645
11.744741
11.498784
11.298346
11.160000
11.091467
11.065063
11.044251
10.992494
10.873256
10.650000
10.298042
9.840103
9.310756
8.744575
8.176132
7.640000
7.165531
6.761191
6.430224
6.175874
6.001384
5.910000
5.899277
5.944020
6.013347
6.076375
6.102220
6.060000
5.930555
5.741616
5.532637
5.343072
5.212375
5.180000
5.272206
5.462477
5.711103
5.978373
6.224575
6.410000
6.505111
6.521066
6.479200
6.400845
6.307334
6.220000
6.153369
6.094738
6.024597
5.923433
5.771738
5.550000
5.249005
4.900721
4.547414
4.231348
3.994788
3.880000
3.917001
4.086823
4.358249
4.700064
5.081053
5.470000
5.838361
6.168285
6.444590
6.652098
6.775628
6.800000
6.718396
6.557446
6.352140
6.137469
5.948426
5.820000
5.776619
5.800451
5.863101
5.936172
5.991271
6.000000
5.943323
5.839640
5.716708
5.602285
5.524130
5.510000
5.581847
5.738396
5.972567
6.277279
6.645450
7.070000
7.538733
8.018997
8.473023
8.863044
9.151292
9.300000
9.290719
9.182282
9.052840
8.980544
9.043547
9.320000
9.855241
10.563356
11.325617
12.023296
12.537667
12.750000
12.582761
12.123183
11.499692
10.840714
10.274675
9.930000
9.891308
10.067985
10.325613
10.529772
10.546041
10.240000
9.522935
8.488949
7.277854
6.029457
4.883569
3.980000
3.424593
3.187328
3.204222
3.411288
3.744543
4.140000
4.536889
4.887293
5.146509
5.269834
5.212565
4.930000
4.401509
3.702759
2.933492
2.193449
1.582371
1.200000
1.122909
1.335004
1.797023
2.469703
3.313783
4.290000
5.354679
6.446484
7.499668
8.448481
9.227174
9.770000
10.030228
10.037208
9.839307
9.484893
9.022335
8.500000
7.958158
7.404684
6.839355
6.261947
5.672236
5.070000
4.461584
3.879611
3.363274
2.951764
2.684276
2.600000
2.725090
3.033539
3.486301
4.044329
4.668578
5.320000
5.962547
6.572159
7.127773
7.608326
7.992756
8.260000
8.397593
8.427456
8.380109
8.286071
8.175862
8.080000
8.030324
8.063945
8.219292
8.534798
9.048890
9.800000
10.802501
11.974544
13.210221
14.403627
15.448856
16.240000
16.700828
16.873806
16.831072
16.644767
16.387030
16.130000
15.931685
15.793566
15.702989
15.647304
15.613858
15.590000
15.563125
15.520820
15.450721
15.340461
15.177676
14.950000
14.652018
14.306116
13.941628
13.587889
13.274235
13.030000
12.877552
12.811383
12.819019
12.887984
13.005803
13.160000
13.336617
13.515758
13.676046
13.796101
13.854545
13.830000
13.712972
13.541510
13.365548
13.235019
13.199859
13.310000
13.594366
13.997832
14.444264
14.857526
15.161483
15.280000
15.162343
14.859384
14.447396
14.002654
13.601431
13.320000
13.209967
13.224262
13.291150
13.338894
13.295756
13.090000
12.667513
12.044678
11.255502
10.333992
9.314156
8.230000
7.124241
6.074433
5.166841
4.487729
4.123361
4.160000
4.649412
5.505366
6.607132
7.833980
9.065179
10.180000
11.079545
11.752250
12.208380
12.458204
12.511988
12.380000
12.082175
11.677116
11.233098
10.818390
10.501267
10.350000
10.409025
10.627433
10.930479
11.243419
11.491508
11.600000
11.514087
11.258707
10.878734
10.419043
9.924507
9.440000
9.003052
8.621812
8.297083
8.029669
7.820373
7.670000
7.578380
7.541452
7.554184
7.611542
7.708491
7.840000
8.001808
8.192749
8.412431
8.660461
8.936449
9.240000
9.565408
9.885701
10.168593
10.381798
10.493029
10.470000
10.285867
9.935559
9.419446
8.737902
7.891296
6.880000
5.720476
4.493546
3.296121
2.225114
1.377437
0.850000
0.711904
0.920998
1.407318
2.100900
2.931782
3.830000
4.729685
5.581352
6.339607
6.959062
7.394323
7.600000
7.548845
7.286188
6.875502
6.380260
5.863935
5.390000
5.008822
4.718339
4.503383
4.348787
4.239382
4.160000
4.099525
4.063048
4.059714
4.098665
4.189046
4.340000
4.551042
4.783172
4.987761
5.116182
5.119804
4.950000
4.581492
4.082412
3.544240
3.058460
2.716552
2.610000
2.813312
3.333106
4.159027
5.280720
6.687829
8.370000
10.294240
12.337015
14.352150
16.193474
17.714815
18.770000
19.255791
19.240687
18.836123
18.153531
17.304345
16.400000
15.529910
14.695421
13.875859
13.050550
12.198822
11.300000
10.348873
9.402073
8.531692
7.809825
7.308563
7.100000
7.223903
7.590732
8.078621
8.565706
8.930121
9.050000
8.841118
8.369816
7.740072
7.055868
6.421184
5.940000
5.687781
5.625932
5.687340
5.804895
5.911486
5.940000
5.839099
5.620531
5.311816
4.940476
4.534030
4.120000
3.723138
3.357130
3.032895
2.761349
2.553411
2.420000
2.370894
2.411318
2.545356
2.777092
3.110612
3.550000
4.093099
4.712783
5.375683
6.048432
6.697660
7.290000
7.799302
8.228291
8.586911
8.885107
9.132822
9.340000
9.513258
9.645905
9.727922
9.749289
9.699988
9.570000
9.347942
9.016977
8.558901
7.955515
7.188615
6.240000
5.121038
3.961373
2.920222
2.156800
1.830321
2.100000
3.066704
4.597900
6.502709
8.590249
10.669639
12.550000
14.073815
15.217026
15.988943
16.398872
16.456122
16.170000
15.564103
14.719180
13.730270
12.692411
11.700642
10.850000
10.208107
9.732920
9.354976
9.004816
8.612977
8.110000
7.446755
6.655437
5.788575
4.898697
4.038329
3.260000
2.606170
2.079035
1.670722
1.373360
1.179077
1.080000
1.065739
1.115829
1.207285
1.317121
1.422355
1.500000
1.537168
1.561352
1.610139
1.721117
1.931875
2.280000
2.793782
3.464319
4.273410
5.202855
6.234451
7.350000
8.520804
9.676185
10.734970
11.615983
12.238051
12.520000
12.405454
11.937235
11.182960
10.210250
9.086724
7.880000
6.656313
5.476356
4.399438
3.484867
2.791952
2.380000
2.284571
2.446229
2.781786
3.208058
3.641858
4.000000
4.221930
4.337618
4.399666
4.460678
4.573255
4.790000
5.147618
5.619226
6.162048
6.733303
7.290213
7.790000
8.201952
8.543624
8.844642
9.134628
9.443206
9.800000
10.219483
10.655535
11.046883
11.332257
11.450387
11.340000
10.965763
10.396088
9.725325
9.047823
8.457932
8.050000
7.886354
7.901224
7.996816
8.075339
8.038998
7.790000
7.264146
6.531610
5.696159
4.861562
4.131586
3.610000
3.371091
3.371227
3.537297
3.796191
4.074795
4.300000
4.419593
4.464964
4.488401
4.542194
4.678630
4.950000
5.385397
5.921139
6.470347
6.946145
7.261655
7.330000
7.095901
6.630481
6.036459
5.416558
4.873498
4.510000
4.402201
4.519902
4.806316
5.204661
5.658150
6.110000
6.514228
6.868060
7.179525
7.456651
7.707467
7.940000
8.161442
8.375635
8.585583
8.794290
9.004761
9.220000
9.441299
9.663103
9.878143
10.079151
10.258859
10.410000
10.524426
10.590472
10.595597
10.527255
10.372904
10.120000
9.762433
9.319822
8.818221
8.283682
7.742257
7.220000
6.739778
6.311719
5.942769
5.639869
5.409965
5.260000
5.192206
5.189966
5.231954
5.296841
5.363299
5.410000
5.427279
5.452119
5.533165
5.719064
6.058460
6.600000
7.368447
8.293040
9.279135
10.232089
11.057259
11.660000
11.962636
11.955350
11.645294
11.039616
10.145468
8.970000
7.548001
6.024818
4.573440
3.366853
2.578044
2.380000
2.876426
3.893895
5.189697
6.521121
7.645459
8.320000
8.370693
7.898120
7.071523
6.060144
5.033222
4.160000
3.577423
3.293254
3.282960
3.522008
3.985865
4.650000
5.475310
6.364421
7.205388
7.886270
8.295122
8.320000
7.890503
7.102397
6.092987
4.999579
3.959482
3.110000
2.567861
2.367473
2.522665
3.047264
3.955100
5.260000
6.946385
8.881043
10.901353
12.844697
14.548452
15.850000
16.633034
16.966503
16.965671
16.745801
16.422156
16.110000
15.891155
15.713685
15.492211
15.141357
14.575746
13.710000
12.497716
11.048388
9.510484
8.032473
6.762822
5.850000
5.401638
5.362023
5.634602
6.122825
6.730142
7.360000
7.934249
8.448336
8.916108
9.351411
9.768093
10.180000
10.590809
10.963521
11.250966
11.405973
11.381375
11.130000
10.630800
9.967209
9.248779
8.585066
8.085621
7.860000
7.982193
8.383940
8.961417
9.610801
10.228270
10.710000
10.973900
11.024811
10.889303
10.593951
10.165326
9.630000
9.016373
8.360151
7.698870
7.070061
6.511260
6.060000
5.745932
5.567176
5.513968
5.576545
5.745144
6.010000
6.366796
6.832996
7.431508
8.185240
9.117101
10.250000
11.577438
12.975284
14.290001
15.368051
16.055897
16.200000
15.705675
14.713647
13.423489
12.034778
10.747090
9.760000
9.227083
9.117908
9.356044
9.865059
10.568521
11.390000
12.256873
13.111759
13.901087
14.571284
15.068779
15.340000
15.351443
15.149870
14.802109
14.374992
13.935345
13.550000
13.271754
13.097281
13.009226
12.990231
13.022941
13.090000
13.173070
13.249895
13.297238
13.291861
13.210528
13.030000
12.739067
12.374619
11.985572
11.620843
11.329347
11.160000
11.148023
11.273851
11.504223
11.805879
12.145559
12.490000
12.805276
13.054792
13.201284
13.207491
13.036151
12.650000
12.031520
11.242167
10.363140
9.475637
8.660857
8.000000
7.552392
7.289872
7.162407
7.119962
7.112504
7.090000
7.019050
6.932788
6.880983
6.913405
7.079821
7.430000
8.004326
8.805644
9.827411
11.063086
12.506130
14.150000
15.958182
17.774268
19.411874
20.684620
21.406123
21.390000
20.521927
18.975804
16.997592
14.833248
12.728731
10.930000
9.633973
8.841404
8.504008
8.573499
9.001592
9.740000
10.731119
11.880062
13.082627
14.234608
15.231801
15.970000
16.373776
16.482791
16.365484
16.090291
15.725651
15.340000
14.981048
14.613588
14.181688
13.629412
12.900828
11.940000
10.726756
9.383967
8.070265
6.944282
6.164649
5.890000
6.218039
7.002765
8.037252
9.114572
10.027797
10.570000
10.595903
10.206823
9.565726
8.835579
8.179348
7.760000
7.697933
7.943276
8.403593
8.986444
9.599393
10.150000
10.568338
10.874516
11.111152
11.320866
11.546276
11.830000
12.198576
12.614216
13.023048
13.371203
13.604811
13.670000
13.533884
13.247510
12.882905
12.512099
12.207121
12.040000
12.063386
12.252412
12.562833
12.950402
13.370873
13.780000
14.141275
14.449137
14.705763
14.913331
15.074018
15.190000
15.260774
15.275114
15.219113
15.078865
14.840463
14.490000
14.019657
13.445962
12.791533
12.078986
11.330936
10.570000
9.813701
9.059184
8.298504
7.523711
6.726859
5.900000
5.042392
4.182115
3.354452
2.594689
1.938110
1.420000
1.067286
0.873467
0.823687
0.903087
1.096811
1.390000
1.767955
2.216608
2.722050
3.270369
3.847656
4.440000
5.034782
5.624543
6.203114
6.764327
7.302012
7.810000
8.281064
8.703737
9.065493
9.353806
9.556150
9.660000
9.657444
9.559028
9.379915
9.135265
8.840239
8.510000
8.157958
7.790521
7.412348
7.028098
6.642430
6.260000
5.888458
5.547407
5.259442
5.047156
4.933144
4.940000
5.077009
5.300222
5.552385
5.776239
5.914530
5.910000
5.721054
5.368741
4.889769
4.320849
3.698689
3.060000
2.444469
1.903704
1.492288
1.264809
1.275851
1.580000
2.210374
3.114222
4.217327
5.445470
6.724434
7.980000
9.147414
10.199777
11.119653
11.889606
12.492200
12.910000
13.134970
13.196670
13.134062
12.986108
12.791766
12.590000
12.407939
12.225395
12.010348
11.730779
11.354670
10.850000
10.203042
9.473232
8.738296
8.075961
7.563954
7.280000
7.271882
7.467602
7.765217
8.062783
8.258359
8.250000
7.966049
7.455989
6.799587
6.076609
5.366825
4.750000
4.286096
3.955849
3.720186
3.540038
3.376333
3.190000
2.956835
2.712098
2.505918
2.388424
2.409741
2.620000
3.045038
3.613537
4.229890
4.798490
5.223729
5.410000
5.295282
4.951902
4.485771
4.002802
3.608908
3.410000
3.479851
3.763670
4.174526
4.625487
5.029622
5.300000
5.368507
5.242305
4.947374
4.509693
3.955242
3.310000
2.606305
1.901923
1.260978
0.747593
0.425893
0.360000
0.589698
1.057410
1.681214
2.379194
3.069428
3.670000
4.117910
4.425846
4.625415
4.748225
4.825884
4.890000
4.966531
5.058836
5.164626
5.281610
5.407498
5.540000
5.676059
5.809550
5.933581
6.041261
6.125698
6.180000
6.195298
6.154815
6.039798
5.831492
5.511144
5.060000
4.473073
3.800448
3.105976
2.453510
1.906900
1.530000
1.366345
1.378208
1.507548
1.696321
1.886486
2.020000
2.053399
2.001534
1.893832
1.759724
1.628637
1.530000
1.486031
1.490101
1.528373
1.587005
1.652161
1.710000
1.750811
1.781394
1.812677
1.855588
1.921053
2.020000
2.158595
2.323950
2.498418
2.664348
2.804092
2.900000
2.941152
2.943545
2.929901
2.922946
2.945404
3.020000
3.160870
3.347797
3.551978
3.744608
3.896884
3.980000
3.976341
3.913045
3.828437
3.760843
3.748589
3.830000
4.030756
4.325948
4.678024
5.049427
5.402604
5.700000
5.913552
6.053161
6.138219
6.188116
6.222246
6.260000
6.317860
6.400666
6.510352
6.648849
6.818087
7.020000
7.254362
7.512321
7.782872
8.055007
8.317719
8.560000
8.772472
8.952270
9.098158
9.208900
9.283260
9.320000
9.322232
9.310449
9.309494
9.344206
9.439428
9.620000
9.902722
10.272229
10.705116
11.177977
11.667407
12.150000
12.602807
13.004709
13.335042
13.573143
13.698350
13.690000
13.536605
13.263381
12.904718
12.495006
12.068637
11.660000
11.297068
10.982138
10.711088
10.479796
10.284141
10.120000
9.982807
9.866214
9.763430
9.667661
9.572115
9.470000
9.358324
9.249301
9.158943
9.103265
9.098279
9.160000
9.295284
9.474359
9.658298
9.808169
9.885047
9.850000
9.677113
9.392520
9.035367
8.644798
8.259961
7.920000
7.652836
7.441485
7.257736
7.073379
6.860203
6.590000
6.242422
5.828578
5.367441
4.877984
4.379179
3.890000
3.427662
3.002352
2.622501
2.296539
2.032895
1.840000
1.724708
1.687568
1.727554
1.843639
2.034797
2.300000
2.632905
3.005894
3.386032
3.740386
4.036020
4.240000
4.330896
4.333302
4.283317
4.217038
4.170567
4.180000
4.272076
4.436083
4.651952
4.899608
5.158982
5.410000
5.634227
5.819772
5.956377
6.033788
6.041747
5.970000
5.815413
5.603348
5.366289
5.136722
4.947130
4.830000
4.806852
4.855356
4.942217
5.034140
5.097833
5.100000
5.015095
4.848562
4.613594
4.323383
3.991121
3.630000
3.253601
2.877061
2.515905
2.185660
1.901849
1.680000
1.529991
1.439119
1.389034
1.361385
1.337824
1.300000
1.239999
1.191648
1.199210
1.306948
1.559124
2.000000
2.657698
3.495770
4.461625
5.502675
6.566330
7.600000
8.559672
9.435644
10.226789
10.931980
11.550093
12.080000
12.520140
12.867210
13.117471
13.267182
13.312605
13.250000
13.079627
12.817737
12.484579
12.100404
11.685461
11.260000
10.840056
10.424806
10.009213
9.588239
9.156847
8.710000
8.244501
7.764521
7.276069
6.785158
6.297798
5.820000
5.359948
4.934518
4.562759
4.263721
4.056451
3.960000
3.982466
4.088148
4.230394
4.362552
4.437971
4.410000
4.247456
3.981039
3.656916
3.321257
3.020228
2.800000
2.693495
2.680659
2.728191
2.802792
2.871161
2.900000
2.863794
2.768178
2.626570
2.452391
2.259061
2.060000
1.873319
1.735890
1.689280
1.775052
2.034770
2.510000
3.221682
4.108261
5.087561
6.077402
6.995608
7.760000
8.308519
8.659583
8.851727
8.923487
8.913400
8.860000
8.797435
8.742295
8.706780
8.703092
8.743432
8.840000
9.000167
9.211978
9.458652
9.723402
9.989446
10.240000
10.462177
10.658680
10.836113
11.001076
11.160171
11.320000
11.484229
11.644781
11.790646
11.910812
11.994267
12.030000
12.012853
11.961083
11.898802
11.850120
11.839149
11.890000
12.018989
12.211256
12.444145
12.695003
12.941172
13.160000
13.333969
13.466115
13.564616
13.637647
13.693383
13.740000
13.783146
13.818356
13.838639
13.837002
13.806453
13.740000
13.632476
13.486015
13.304577
13.092122
12.852610
12.590000
12.307923
12.008695
11.694303
11.366732
11.027968
10.680000
10.328145
9.991055
9.690712
9.449100
9.288202
9.230000
9.284634
9.414862
9.571598
9.705757
9.768253
9.710000
9.503042
9.203942
8.890395
8.640093
8.530730
8.640000
9.014588
9.577147
10.219323
10.832760
11.309104
11.540000
11.453560
11.123764
10.661063
10.175902
9.778732
9.580000
9.654136
9.931498
10.306426
10.673259
10.926337
10.960000
10.704155
10.230983
9.648233
9.063653
8.584992
8.320000
8.338503
8.558644
8.860644
9.124722
9.231101
9.060000
8.533452
7.740736
6.812943
5.881162
5.076484
4.530000
4.330512
4.397669
4.608835
4.841370
4.972638
4.880000
4.479270
3.840069
3.070469
2.278542
1.572362
1.060000
0.822825
0.835389
1.045541
1.401128
1.849998
2.340000
2.826976
3.298744
3.751117
4.179909
4.580933
4.950000
5.283346
5.578894
5.834989
6.049975
6.222197
6.350000
6.433806
6.482345
6.506426
6.516857
6.524446
6.540000
6.570829
6.610243
6.648056
6.674078
6.678122
6.650000
6.588018
6.524459
6.500101
6.555720
6.732094
7.070000
7.593442
8.259328
9.007792
9.778969
10.512993
11.150000
11.648724
12.042305
12.382482
12.720997
13.109590
13.600000
14.223421
14.928861
15.644778
16.299634
16.821888
17.140000
17.203285
17.044474
16.717154
16.274911
15.771331
15.260000
14.783579
14.341021
13.920356
13.509612
13.096817
12.670000
12.220317
11.751441
11.270170
10.783307
10.297650
9.820000
9.355338
8.901364
8.453962
8.009013
7.562398
7.110000
6.650508
6.193843
5.752732
5.339902
4.968082
4.650000
4.399944
4.238449
4.187611
4.269527
4.506291
4.920000
5.510549
6.189027
6.844323
7.365325
7.640921
7.560000
7.057583
6.253221
5.312597
4.401397
3.685303
3.330000
3.452314
3.973646
4.766538
5.703532
6.657172
7.500000
8.130243
8.548861
8.782501
8.857808
8.801426
8.640000
8.397270
8.085352
7.713456
7.290792
6.826570
6.330000
5.814195
5.307877
4.843673
4.454208
4.172109
4.030000
4.048544
4.200547
4.446851
4.748300
5.065735
5.360000
5.604130
5.819937
6.041423
6.302593
6.637450
7.080000
7.647157
8.287485
8.932459
9.513552
9.962241
10.210000
10.213306
10.028641
9.737493
9.421347
9.161687
9.040000
9.114528
9.350542
9.690068
10.075135
10.447770
10.750000
10.937054
11.016969
11.010983
10.940334
10.826261
10.690000
10.552486
10.433432
10.352248
10.328342
10.381123
10.530000
10.781150
11.087820
11.390025
11.627780
11.741100
11.670000
11.376340
10.909362
10.340152
9.739797
9.179384
8.730000
8.442842
8.289548
8.221869
8.191551
8.150345
8.050000
7.852246
7.558741
7.181124
6.731035
6.220114
5.660000
5.066971
4.475859
3.926135
3.457270
3.108735
2.920000
2.914871
3.054491
3.284336
3.549885
3.796614
3.970000
4.030906
4.001733
3.920270
3.824302
3.751616
3.740000
3.816968
3.968946
4.172085
4.402538
4.636459
4.850000
5.024277
5.160262
5.263891
5.341100
5.397824
5.440000
5.473424
5.503339
5.534851
5.573061
5.623076
5.690000
5.772860
5.846380
5.879207
5.839988
5.697370
5.420000
4.994117
4.476326
3.940822
3.461803
3.113463
2.970000
3.082338
3.408317
3.882504
4.439468
5.013778
5.540000
5.962966
6.268555
6.452911
6.512175
6.442491
6.240000
5.908576
5.483018
5.005852
4.519608
4.066815
3.690000
3.418793
3.231226
3.092431
2.967540
2.821686
2.620000
2.340648
2.013929
1.683173
1.391712
1.182877
1.100000
1.177271
1.412318
1.793628
2.309687
2.948982
3.700000
4.545869
5.448279
6.363565
7.248059
8.058093
8.750000
9.292171
9.701231
10.005861
10.234745
10.416563
10.580000
10.745353
10.899389
11.020490
11.087037
11.077413
10.970000
10.753776
10.460101
10.130930
9.808219
9.533924
9.350000
9.282321
9.292430
9.325791
9.327865
9.244114
9.020000
8.618284
8.070919
7.427156
6.736248
6.047445
5.410000
4.864034
4.413153
4.051833
3.774551
3.575781
3.450000
3.389190
3.375357
3.388010
3.406661
3.410821
3.380000
3.301103
3.190605
3.072377
2.970287
2.908205
2.910000
2.991630
3.137408
3.323733
3.527007
3.723629
3.890000
4.007468
4.077170
4.105191
4.097613
4.060521
4.000000
3.922432
3.835392
3.746754
3.664394
3.596184
3.550000
3.530815
3.532004
3.544042
3.557404
3.562565
3.550000
3.512689
3.453630
3.378328
3.292286
3.201009
3.110000
3.023569
2.941254
2.861396
2.782339
2.702426
2.620000
2.535812
2.460244
2.406088
2.386135
2.413175
2.500000
2.651796
2.843327
3.041753
3.214234
3.327930
3.350000
3.260479
3.090895
2.885651
2.689153
2.545801
2.500000
2.581429
2.760873
2.994391
3.238045
3.447894
3.580000
3.605703
3.557466
3.483033
3.430149
3.446556
3.580000
3.861177
4.252598
4.699726
5.148027
5.542963
5.830000
5.970377
5.988440
5.924312
5.818115
5.709970
5.640000
5.639491
5.704381
5.821775
5.978774
6.162481
6.360000
6.558049
6.741812
6.896088
7.005678
7.055382
7.030000
6.921509
6.750595
6.545123
6.332957
6.141961
6.000000
5.928000
5.919143
5.959671
6.035827
6.133856
6.240000
6.341490
6.429500
6.496194
6.533734
6.534282
6.490000
6.397569
6.271745
6.131801
5.997013
5.886655
5.820000
5.810271
5.846484
5.911600
5.988583
6.060395
6.110000
6.123845
6.102320
6.049299
5.968656
5.864264
5.740000
5.598051
5.433865
5.241205
5.013832
4.745510
4.430000
4.068117
3.688886
3.328382
3.022683
2.807863
2.720000
2.778183
2.933553
3.120265
3.272474
3.324334
3.210000
2.888086
2.415049
1.871806
1.339272
0.898365
0.630000
0.590259
0.735879
0.998762
1.310808
1.603921
1.810000
1.883146
1.866249
1.824398
1.822680
1.926185
2.200000
2.688592
3.353939
4.137397
4.980323
5.824072
6.610000
7.293412
7.885402
8.411013
8.895287
9.363269
9.840000
10.340400
10.838899
11.299802
11.687416
11.966047
12.100000
12.064385
11.877520
11.568528
11.166529
10.700646
10.200000
9.694190
9.214724
8.793587
8.462764
8.254240
8.200000
8.319873
8.585065
8.954625
9.387601
9.843043
10.280000
10.663863
10.985385
11.241664
11.429796
11.546876
11.590000
11.559862
11.471542
11.343718
11.195068
11.044269
10.910000
10.804144
10.711411
10.609715
10.476971
10.291094
10.030000
9.676987
9.236889
8.719924
8.136309
7.496262
6.810000
6.094944
5.397328
4.770589
4.268163
3.943488
3.850000
4.018884
4.392316
4.890220
5.432519
5.939138
6.330000
6.547992
6.627852
6.627282
6.603982
6.615655
6.720000
6.958870
7.310720
7.738153
8.203774
8.670188
9.100000
9.461573
9.746306
9.951357
10.073884
10.111046
10.060000
9.919237
9.692577
9.385171
9.002171
8.548730
8.030000
7.460924
6.895610
6.397961
6.031875
5.861255
5.950000
6.334430
6.940538
7.666736
8.411438
9.073055
9.550000
9.768302
9.764461
9.602594
9.346816
9.061246
8.810000
8.642871
8.552359
8.516639
8.513889
8.522284
8.520000
8.487806
8.416844
8.300849
8.133553
7.908692
7.620000
7.268681
6.885819
6.509967
6.179677
5.933504
5.810000
5.832608
5.964324
6.153035
6.346628
6.492987
6.540000
6.454083
6.275773
6.064142
5.878256
5.777186
5.820000
6.044812
6.405916
6.836648
7.270348
7.640353
7.880000
7.944307
7.875008
7.735515
7.589241
7.499598
7.530000
7.720319
8.016274
8.340041
8.613799
8.759726
8.700000
8.383535
7.866192
7.230570
6.559265
5.934876
5.440000
5.136003
4.999327
4.985179
5.048769
5.145306
5.230000
5.266942
5.255761
5.204965
5.123066
5.018574
4.900000
4.777014
4.663928
4.576212
4.529338
4.538777
4.620000
4.782733
5.013714
5.293938
5.604398
5.926088
6.240000
6.532611
6.812327
7.093035
7.388625
7.712984
8.080000
8.497934
8.952535
9.423921
9.892214
10.337534
10.740000
11.083846
11.369757
11.602530
11.786963
11.927854
12.030000
12.098348
12.138438
12.155959
12.156600
12.146051
12.130000
12.109105
12.063900
11.969884
11.802562
11.537433
11.150000
10.622916
9.967446
9.202003
8.345004
7.414865
6.430000
5.421497
4.471133
3.673353
3.122606
2.913339
3.140000
3.855538
4.946913
6.259585
7.639016
8.930668
9.980000
10.668201
11.019364
11.093306
10.949847
10.648806
10.250000
9.804481
9.328225
8.828440
8.312336
7.787120
7.260000
6.738829
6.234033
5.756683
5.317847
4.928596
4.600000
4.338629
4.133049
3.967330
3.825537
3.691738
3.550000
3.388740
3.213769
3.035249
2.863340
2.708204
2.580000
2.485810
2.420392
2.375424
2.342584
2.313550
2.280000
2.233992
2.169107
2.079305
1.958546
1.800791
1.600000
1.357665
1.105402
0.882357
0.727678
0.680510
0.780000
1.051272
1.463358
1.971266
2.530003
3.094578
3.620000
4.075625
4.488202
4.898830
5.348607
5.878631
6.530000
7.324192
8.204204
9.093414
9.915198
10.592935
11.050000
11.236774
11.211648
11.060014
10.867266
10.718797
10.700000
10.867368
11.161796
11.495279
11.779811
11.927386
11.850000
11.488753
10.901166
10.173870
9.393491
8.646658
8.020000
7.576603
7.285390
7.091742
6.941040
6.778666
6.550000
6.213817
5.782459
5.281662
4.737163
4.174697
3.620000
3.097529
2.626627
2.225358
1.911788
1.703980
1.620000
1.667596
1.813257
2.013155
2.223463
2.400354
2.500000
2.493661
2.412939
2.304523
2.215102
2.191364
2.280000
2.514659
2.876841
3.335005
3.857612
4.413124
4.970000
5.503166
6.013403
6.507958
6.994079
7.479010
7.970000
8.466243
8.934733
9.334412
9.624221
9.763103
9.710000
9.443528
9.020997
8.519394
8.015703
7.586910
7.310000
7.240063
7.344611
7.569262
7.859632
8.161339
8.420000
8.593211
8.686484
8.717309
8.703177
8.661577
8.610000
8.561907
8.514637
8.461501
8.395810
8.310873
8.200000
8.058375
7.888671
7.695435
7.483214
7.256553
7.020000
6.780195
6.552160
6.353007
6.199853
6.109813
6.100000
6.180612
6.334172
6.536285
6.762558
6.988594
7.190000
7.347080
7.458931
7.529352
7.562139
7.561089
7.530000
7.475422
7.414919
7.368808
7.357406
7.401031
7.520000
7.724103
7.981023
8.247917
8.481940
8.640249
8.680000
8.573768
8.355802
8.075774
7.783351
7.528203
7.360000
7.312910
7.359100
7.455238
7.557989
7.624021
7.610000
7.483667
7.257056
6.953275
6.595434
6.206639
5.810000
5.426312
5.067121
4.741661
4.459165
4.228867
4.060000
3.958770
3.919274
3.932579
3.989757
4.081874
4.200000
4.334672
4.474303
4.606771
4.719956
4.801739
4.840000
4.826429
4.767960
4.675338
4.559307
4.430613
4.300000
4.177066
4.066821
3.973128
3.899852
3.850855
3.830000
3.836234
3.848831
3.842149
3.790545
3.668376
3.450000
3.123323
2.730448
2.327026
1.968710
1.711151
1.610000
1.703067
1.956785
2.319746
2.740541
3.167762
3.550000
3.849041
4.079450
4.268990
4.445421
4.636504
4.870000
5.164660
5.503193
5.859295
6.206665
6.519001
6.770000
6.937689
7.017409
7.008830
6.911622
6.725456
6.450000
6.093751
5.700505
5.322885
5.013512
4.825010
4.810000
5.000780
5.348349
5.783381
6.236550
6.638532
6.920000
7.030630
6.996101
6.861093
6.670287
6.468362
6.300000
6.200543
6.167989
6.190998
6.258229
6.358343
6.480000
6.613122
6.752683
6.894916
7.036057
7.172340
7.300000
7.417708
7.533872
7.659339
7.804952
7.981558
8.200000
8.462992
8.740717
8.995229
9.188578
9.282818
9.240000
9.035696
8.699554
8.274745
7.804437
7.331799
6.900000
6.543346
6.260694
6.042039
5.877376
5.756698
5.670000
5.604068
5.532853
5.427097
5.257542
4.994928
4.610000
4.090242
3.490114
2.880822
2.333569
1.919561
1.710000
1.752650
2.001504
2.387115
2.840033
3.290811
3.670000
3.924251
4.064610
4.118220
4.112225
4.073771
4.030000
4.004605
4.007465
4.045007
4.123659
4.249848
4.430000
4.665802
4.939975
5.230501
5.515360
5.772533
5.980000
6.122928
6.215226
6.277988
6.332308
6.399280
6.500000
6.646328
6.813195
6.966299
7.071336
7.094004
7.000000
6.766620
6.417548
5.988068
5.513461
5.029011
4.570000
4.167979
3.839574
3.597680
3.455190
3.424998
3.520000
3.746278
4.082673
4.501213
4.973928
5.472847
5.970000
6.441399
6.878994
7.278719
7.636506
7.948288
8.210000
8.418495
8.574313
8.678912
8.733753
8.740296
8.700000
8.614481
8.485977
8.316882
8.109592
7.866500
7.590000
7.282702
6.948077
6.589809
6.211583
5.817085
5.410000
4.998136
4.605790
4.261383
3.993335
3.830067
3.800000
3.916052
4.129135
4.374661
4.588040
4.704682
4.660000
4.413306
4.019522
3.557474
3.105988
2.743888
2.550000
2.579013
2.789073
3.114192
3.488379
3.845645
4.120000
4.262031
4.288629
4.233259
4.129386
4.010478
3.910000
3.854389
3.841966
3.864024
3.911854
3.976748
4.050000
4.125227
4.205358
4.295647
4.401347
4.527713
4.680000
4.857849
5.038453
5.193390
5.294241
5.312584
5.220000
5.002681
4.705275
4.387043
4.107246
3.925144
3.900000
4.070037
4.389336
4.790938
5.207887
5.573227
5.820000
5.900040
5.840345
5.686705
5.484908
5.280743
5.120000
5.034432
4.999653
4.977241
4.928776
4.815836
4.600000
4.256214
3.812895
3.311829
2.794801
2.303596
1.880000
1.557935
1.339878
1.220442
1.194241
1.255889
1.400000
1.617416
1.883890
2.171404
2.451940
2.697478
2.880000
2.979993
3.011968
2.998941
2.963926
2.929941
2.920000
2.948860
2.998236
3.041583
3.052356
3.004010
2.870000
2.635075
2.329161
1.993477
1.669242
1.397677
1.220000
1.165098
1.212527
1.329510
1.483267
1.641023
1.770000
1.847124
1.888137
1.918485
1.963614
2.048971
2.200000
2.431175
2.713073
3.005300
3.267461
3.459159
3.540000
3.485723
3.336607
3.149064
2.979506
2.884347
2.920000
3.125006
3.466425
3.893445
4.355255
4.801044
5.180000
5.450317
5.606212
5.650906
5.587621
5.419578
5.150000
4.790623
4.387246
3.994182
3.665744
3.456246
3.420000
3.591356
3.924803
4.354866
4.816070
5.242940
5.570000
5.749231
5.802431
5.768854
5.687754
5.598385
5.540000
5.543064
5.602881
5.705968
5.838840
5.988012
6.140000
6.281801
6.402340
6.491024
6.537257
6.530447
6.460000
6.320472
6.127016
5.899938
5.659539
5.426126
5.220000
5.055942
4.926632
4.819226
4.720881
4.618754
4.500000
4.356919
4.202383
4.054408
3.931009
3.850201
3.830000
3.879577
3.972724
4.074392
4.149528
4.163081
4.080000
3.881533
3.614127
3.340525
3.123473
3.025716
3.110000
3.412808
3.865584
4.373509
4.841765
5.175535
5.280000
5.090706
4.664649
4.089189
3.451688
2.839505
2.340000
2.019647
1.861377
1.827233
1.879260
1.979501
2.090000
2.178668
2.236879
2.261877
2.250902
2.201195
2.110000
1.980774
1.841846
1.727759
1.673060
1.712292
1.880000
2.195643
2.618330
3.092086
3.560934
3.968898
4.260000
4.395867
4.408536
4.347645
4.262833
4.203738
4.220000
4.346675
4.560488
4.823583
5.098105
5.346196
5.530000
5.622342
5.638772
5.605521
5.548821
5.494904
5.470000
5.493217
5.555166
5.639332
5.729203
5.808263
5.860000
5.871085
5.840935
5.772150
5.667331
5.529081
5.360000
5.167256
4.976279
4.817068
4.719620
4.713931
4.830000
5.084429
5.440244
5.847077
6.254560
6.612324
6.870000
6.992991
7.009781
6.964623
6.901771
6.865478
6.900000
7.034023
7.233966
7.450682
7.635025
7.737846
7.710000
7.518418
7.194356
6.785149
6.338130
5.900636
5.520000
5.228229
4.996016
4.778723
4.531714
4.210352
3.770000
3.185793
2.511950
1.822460
1.191312
0.692495
0.400000
0.365125
0.548405
0.887688
1.320817
1.785639
2.220000
2.577134
2.871836
3.134290
3.394679
3.683188
4.030000
4.454626
4.933881
5.433904
5.920838
6.360823
6.720000
6.972278
7.122642
7.183843
7.168635
7.089770
6.960000
6.793205
6.607774
6.423222
6.259065
6.134819
6.070000
6.073049
6.108114
6.128269
6.086585
5.936138
5.630000
5.144968
4.552732
3.948704
3.428297
3.086925
3.020000
3.287819
3.810218
4.471916
5.157633
5.752087
6.140000
6.238616
6.095285
5.789882
5.402283
5.012364
4.700000
4.525958
4.474569
4.511056
4.600641
4.708549
4.800000
4.846396
4.843848
4.794645
4.701077
4.565432
4.390000
4.180310
3.954854
3.735363
3.543570
3.401205
3.330000
3.345418
3.437846
3.591401
3.790200
4.018360
4.260000
4.499683
4.723761
4.919033
5.072297
5.170354
5.200000
5.154785
5.055258
4.928718
4.802462
4.703790
4.660000
4.688213
4.764835
4.856096
4.928224
4.947450
4.880000
4.705698
4.458735
4.186899
3.937973
3.759745
3.700000
3.793071
4.019483
4.346310
4.740623
5.169495
5.600000
6.004472
6.376294
6.714113
7.016573
7.282320
7.510000
7.699273
7.853858
7.978489
8.077900
8.156826
8.220000
8.272974
8.324571
8.384431
8.462196
8.567505
8.710000
8.893924
9.101934
9.311287
9.499243
9.643061
9.720000
9.713135
9.628806
9.479172
9.276388
9.032611
8.760000
8.472749
8.193212
7.945777
7.754836
7.644780
7.640000
7.752164
7.942051
8.157721
8.347230
8.458637
8.440000
8.258689
7.959325
7.605840
7.262169
6.992245
6.860000
6.911414
7.120650
7.443918
7.837426
8.257383
8.660000
9.008988
9.298075
9.528489
9.701462
9.818222
9.880000
9.891197
9.868903
9.833375
9.804876
9.803664
9.850000
9.955064
10.093722
10.231759
10.334960
10.369112
10.300000
10.106369
9.818801
9.480839
9.136023
8.827896
8.600000
8.483534
8.460332
8.499886
8.571687
8.645228
8.690000
8.682504
8.627278
8.535868
8.419821
8.290683
8.160000
8.037236
7.923519
7.817892
7.719400
7.627088
7.540000
7.453598
7.349018
7.203814
6.995541
6.701751
6.300000
5.782585
5.200780
4.620601
4.108067
3.729194
3.550000
3.613932
3.874160
4.261281
4.705896
5.138603
5.490000
5.708908
5.817025
5.854273
5.860571
5.875840
5.940000
6.082474
6.290702
6.541626
6.812188
7.079332
7.320000
7.514158
7.653870
7.734223
7.750304
7.697201
7.570000
7.365059
7.083817
6.728982
6.303261
5.809365
5.250000
4.637271
4.020861
3.459850
3.013317
2.740340
2.700000
2.927756
3.364591
3.927869
4.534954
5.103210
5.550000
5.812354
5.905961
5.866174
5.728349
5.527840
5.300000
5.078662
4.891567
4.764934
4.724983
4.797932
5.010000
5.376378
5.868142
6.445339
7.068016
7.696221
8.290000
8.820131
9.300309
9.754959
10.208508
10.685380
11.210000
11.795506
12.409882
13.009824
13.552027
13.993187
14.290000
14.409279
14.358310
14.154495
13.815236
13.357937
12.800000
12.158534
11.449470
10.688447
9.891102
9.073074
8.250000
7.440522
6.675292
5.987969
5.412208
4.981666
4.730000
4.677667
4.792323
5.028428
5.340437
5.682808
6.010000
6.286497
6.516895
6.715821
6.897897
7.077748
7.270000
7.481902
7.691206
7.868290
7.983532
8.007309
7.910000
7.671776
7.311985
6.859770
6.344272
5.794635
5.240000
4.704976
4.196040
3.715131
3.264194
2.845170
2.460000
2.115680
1.839413
1.663455
1.620063
1.741492
2.060000
2.591564
3.287051
4.081050
4.908148
5.702935
6.400000
6.951351
7.378679
7.721097
8.017715
8.307645
8.630000
9.008634
9.406380
9.770814
10.049511
10.190048
10.140000
9.867909
9.426171
8.888149
8.327205
7.816702
7.430000
7.220102
7.158566
7.196590
7.285372
7.376109
7.420000
7.383489
7.294009
7.194241
7.126863
7.134556
7.260000
7.527470
7.887619
8.272698
8.614954
8.846639
8.900000
8.731864
8.397366
7.976219
7.548134
7.192824
6.990000
6.993500
7.153656
7.394926
7.641769
7.818641
7.850000
7.686267
7.381714
7.016576
6.671087
6.425484
6.360000
6.529627
6.888378
7.365021
7.888327
8.387063
8.790000
9.044670
9.173665
9.218340
9.220050
9.220152
9.260000
9.368220
9.522519
9.687870
9.829250
9.911635
9.900000
9.771059
9.548483
9.267680
8.964059
8.673030
8.430000
8.261339
8.157253
8.098910
8.067475
8.044116
8.010000
7.951780
7.878060
7.802932
7.740485
7.704810
7.710000
7.760892
7.825320
7.861864
7.829105
7.685623
7.390000
6.920067
6.330659
5.695862
5.089762
4.586446
4.260000
4.162128
4.255009
4.478439
4.772217
5.076138
5.330000
5.487764
5.560048
5.571632
5.547297
5.511827
5.490000
5.497649
5.514801
5.512534
5.461927
5.334056
5.100000
4.744604
4.307786
3.843231
3.404625
3.045653
2.820000
2.762777
2.834796
2.978291
3.135499
3.248657
3.260000
3.133546
2.920439
2.693605
2.525970
2.490460
2.660000
3.081743
3.699744
4.432288
5.197657
5.914133
6.500000
6.897910
7.147991
7.314743
7.462662
7.656249
7.960000
8.418146
8.993846
9.629991
10.269471
10.855177
11.330000
11.651172
11.833290
11.905293
11.896120
11.834709
11.750000
11.660500
11.542995
11.363838
11.089384
10.685987
10.120000
9.375530
8.507693
7.589354
6.693381
5.892641
5.260000
4.845943
4.611419
4.494996
4.435240
4.370719
4.240000
4.001949
3.696632
3.384413
3.125659
2.980732
3.010000
3.253437
3.669461
4.196101
4.771385
5.333342
5.820000
6.188887
6.475524
6.734933
7.022135
7.392150
7.900000
8.577591
9.364369
10.176667
10.930817
11.543150
11.930000
12.034732
11.908852
11.630899
11.279413
10.932934
10.670000
10.547230
10.533556
10.575986
10.621530
10.617198
10.510000
10.260699
9.885073
9.412658
8.872985
8.295588
7.710000
7.143540
6.614669
6.139633
5.734679
5.416052
5.200000
5.096947
5.094028
5.172560
5.313856
5.499231
5.710000
5.926544
6.125514
6.282627
6.373601
6.374153
6.260000
6.017386
5.674657
5.270682
4.844334
4.434483
4.080000
3.809513
3.610675
3.460895
3.337583
3.218148
3.080000
2.906970
2.708571
2.500739
2.299410
2.120519
1.980000
1.895201
1.889115
1.986148
2.210703
2.587185
3.140000
3.881068
4.772375
5.763420
6.803705
7.842732
8.830000
9.725202
10.528794
11.251423
11.903735
12.496379
13.040000
13.544281
14.015043
14.457140
14.875428
15.274763
15.660000
16.028831
16.350295
16.586268
16.698626
16.649245
16.400000
15.931367
15.298222
14.574038
13.832290
13.146452
12.590000
12.217875
12.010892
11.931331
11.941475
12.003604
12.080000
12.140048
12.181544
12.209387
12.228478
12.243716
12.260000
12.281610
12.310341
12.347370
12.393872
12.451024
12.520000
12.603329
12.708944
12.846133
13.024181
13.252375
13.540000
13.888455
14.267585
14.639348
14.965699
15.208598
15.330000
15.304472
15.157011
14.925227
14.646725
14.359114
14.100000
13.897039
13.738073
13.600996
13.463697
13.304068
13.100000
12.837282
12.533288
12.213291
11.902562
11.626375
11.410000
11.270456
11.191739
11.149592
11.119758
11.077980
11.000000
10.868119
10.690869
10.483341
10.260627
10.037816
9.830000
9.646052
9.469972
9.279544
9.052550
8.766775
8.400000
7.941795
7.428874
6.909734
6.432876
6.046798
5.800000
5.724082
5.783052
5.924019
6.094093
6.240384
6.310000
6.263960
6.118919
5.905440
5.654084
5.395417
5.160000
4.971650
4.827197
4.716723
4.630310
4.558042
4.490000
4.420179
4.358218
4.317669
4.312082
4.355009
4.460000
4.631754
4.839559
5.043851
5.205065
5.283636
5.240000
5.050073
4.751693
4.398177
4.042844
3.739013
3.540000
3.485824
3.563300
3.745941
4.007262
4.320777
4.660000
4.999964
5.321775
5.608058
5.841440
6.004546
6.080000
6.059970
5.974787
5.864325
5.768458
5.727058
5.780000
5.950528
6.195375
6.454642
6.668433
6.776851
6.720000
6.460788
6.053345
5.574608
5.101514
4.710999
4.480000
4.465720
4.646431
4.980675
5.426991
5.943919
6.490000
7.025084
7.514263
7.923941
8.220521
8.370406
8.340000
8.113344
7.745036
7.307311
6.872406
6.512557
6.300000
6.282929
6.413372
6.619314
6.828743
6.969643
6.970000
6.781468
6.450366
6.046681
5.640400
5.301511
5.100000
5.085784
5.228499
5.477712
5.782989
6.093896
6.360000
6.542110
6.646009
6.688721
6.687274
6.658692
6.620000
6.586424
6.565985
6.564902
6.589397
6.645690
6.740000
6.877102
7.055979
7.274170
7.529212
7.818643
8.140000
8.486559
8.834544
9.155918
9.422644
9.606684
9.680000
9.622080
9.442511
9.158406
8.786878
8.345038
7.850000
7.323918
6.809115
6.352956
6.002808
5.806034
5.810000
6.040397
6.436214
6.914768
7.393373
7.789345
8.020000
8.031069
7.881954
7.660472
7.454441
7.351677
7.440000
7.773335
8.270043
8.814594
9.291457
9.585103
9.580000
9.201748
8.540466
7.727402
6.893804
6.170921
5.690000
5.541801
5.655129
5.918297
6.219622
6.447418
6.490000
6.268130
5.832352
5.265659
4.651042
4.071491
3.610000
3.330634
3.221759
3.252817
3.393249
3.612496
3.880000
4.162252
4.413946
4.586824
4.632630
4.503108
4.150000
3.553598
2.808384
2.037387
1.363638
0.910165
0.800000
1.117615
1.793260
2.718628
3.785412
4.885305
5.910000
6.770710
7.456725
7.976852
8.339901
8.554681
8.630000
8.579498
8.436138
8.237714
8.022020
7.826851
7.690000
7.639400
7.663539
7.741043
7.850537
7.970647
8.080000
8.161002
8.211186
8.231865
8.224351
8.189958
8.130000
8.044785
7.930605
7.782749
7.596504
7.367158
7.090000
6.763840
6.401578
6.019640
5.634448
5.262427
4.920000
4.618329
4.347525
4.092441
3.837925
3.568828
3.270000
2.934235
2.586098
2.258097
1.982742
1.792540
1.720000
1.785473
1.960677
2.205171
2.478516
2.740273
2.950000
3.074799
3.111937
3.066219
2.942452
2.745443
2.480000
2.156440
1.807132
1.469954
1.182787
0.983509
0.910000
0.984902
1.169906
1.411464
1.656030
1.850058
1.940000
1.887794
1.717320
1.467940
1.179017
0.889916
0.640000
0.460541
0.350445
0.300528
0.301604
0.344490
0.420000
0.524024
0.672753
0.887450
1.189381
1.599809
2.140000
2.819751
3.602988
4.442172
5.289762
6.098218
6.820000
7.418547
7.901221
8.286362
8.592311
8.837410
9.040000
9.211338
9.334351
9.384881
9.338771
9.171863
8.860000
8.393090
7.817301
7.192864
6.580014
6.038981
5.630000
5.398014
5.326817
5.384912
5.540804
5.762999
6.020000
6.283464
6.537655
6.769989
6.967881
7.118746
7.210000
7.234379
7.205895
7.143882
7.067674
6.996602
6.950000
6.940827
6.956542
6.978231
6.986981
6.963875
6.890000
6.750092
6.543493
6.273192
5.942182
5.553454
5.110000
4.620841
4.119117
3.644000
3.234661
2.930271
2.770000
2.778304
2.920780
3.148306
3.411765
3.662036
3.850000
3.940062
3.950727
3.914024
3.861982
3.826631
3.840000
3.922836
4.050756
4.188097
4.299195
4.348384
4.300000
4.130863
3.867729
3.549836
3.216424
2.906733
2.660000
2.503618
2.417586
2.370057
2.329182
2.263112
2.140000
1.938090
1.675999
1.382435
1.086108
0.815727
0.600000
0.461197
0.395825
0.393952
0.445645
0.540972
0.670000
0.822308
0.985517
1.146758
1.293165
1.411868
1.490000
1.521887
1.530627
1.546516
1.599845
1.720909
1.940000
2.271859
2.669011
3.068430
3.407086
3.621952
3.650000
3.452992
3.091845
2.652266
2.219961
1.880637
1.720000
1.793719
2.037311
2.356256
2.656032
2.842121
2.820000
2.529771
2.050022
1.493961
0.974798
0.605741
0.500000
0.733307
1.231490
1.882899
2.575887
3.198803
3.640000
3.819825
3.786612
3.620692
3.402396
3.212055
3.130000
3.213690
3.429099
3.719332
4.027491
4.296679
4.470000
4.508564
4.445509
4.331980
4.219122
4.158080
4.200000
4.381360
4.679976
5.058998
5.481576
5.910860
6.310000
6.650534
6.937550
7.184528
7.404944
7.612275
7.820000
8.037293
8.256119
8.464140
8.649019
8.798419
8.900000
8.948489
8.966863
8.985161
9.033423
9.141690
9.340000
9.644445
10.015319
10.398967
10.741733
10.989962
11.090000
11.004656
10.762601
10.408972
9.988905
9.547535
9.130000
8.772856
8.478349
8.240144
8.051907
7.907303
7.800000
7.722714
7.664373
7.612952
7.556431
7.482788
7.380000
7.239480
7.066383
6.869297
6.656812
6.437517
6.220000
6.009688
5.799354
5.578609
5.337061
5.064322
4.750000
4.391165
4.014718
3.655018
3.346425
3.123299
3.020000
3.056625
3.196220
3.387571
3.579461
3.720676
3.760000
3.662059
3.454847
3.182200
2.887952
2.615941
2.410000
2.304630
2.296984
2.374880
2.526137
2.738571
3.000000
3.303635
3.664254
4.102028
4.637130
5.289730
6.080000
7.006711
7.983038
8.900756
9.651639
10.127462
10.220000
9.869937
9.213594
8.436199
7.722982
7.259173
7.230000
7.758632
8.719994
9.926948
11.192358
12.329088
13.150000
13.520210
13.513839
13.257260
12.876845
12.498968
12.250000
12.215620
12.318724
12.441513
12.466188
12.274950
11.750000
10.822032
9.615710
8.304189
7.060626
6.058178
5.470000
5.408613
5.743993
6.285482
6.842419
7.224145
7.240000
6.759719
5.894613
4.816384
3.696736
2.707374
2.020000
1.762972
1.891259
2.316483
2.950266
3.704231
4.490000
5.241587
5.982575
6.758936
7.616645
8.601675
9.760000
11.109290
12.553998
13.970274
15.234267
16.222126
16.810000
16.915743
16.624025
16.061218
15.353696
14.627832
14.010000
13.595283
13.353606
13.223605
13.143913
13.053167
12.890000
12.610485
12.240438
11.823113
11.401763
11.019641
10.720000
10.530740
10.418344
10.333942
10.228665
10.053641
9.760000
9.317806
8.772852
8.189867
7.633578
7.168713
6.860000
6.753964
6.824322
7.026589
7.316282
7.648913
7.980000
8.276247
8.549120
8.821275
9.115370
9.454059
9.860000
10.343966
10.869199
11.387059
11.848906
12.206100
12.410000
12.430483
12.311492
12.115488
11.904931
11.742282
11.690000
11.791695
12.015573
12.310988
12.627294
12.913847
13.120000
13.208338
13.194364
13.106811
12.974410
12.825896
12.690000
12.588795
12.517711
12.465519
12.420990
12.372893
12.310000
12.223890
12.117384
11.996112
11.865704
11.731790
11.600000
11.476107
11.366455
11.277531
11.215823
11.187817
11.200000
11.253303
11.326426
11.392513
11.424709
11.396156
11.280000
11.060451
10.765990
10.436166
10.110528
9.828623
9.630000
9.538921
9.518502
9.516571
9.480958
9.359491
9.100000
8.671133
8.124817
7.533799
6.970825
6.508644
6.220000
6.152288
6.251490
6.438234
6.633148
6.756860
6.730000
6.499343
6.116259
5.658265
5.202879
4.827618
4.610000
4.603811
4.767918
5.037455
5.347558
5.633361
5.830000
5.891291
5.845772
5.740664
5.623186
5.540558
5.540000
5.653619
5.853068
6.094890
6.335625
6.531815
6.640000
6.631410
6.536028
6.398525
6.263572
6.175840
6.180000
6.303055
6.501337
6.713509
6.878234
6.934177
6.820000
6.495258
6.003069
5.407440
4.772380
4.161898
3.640000
3.256190
3.001943
2.854231
2.790022
2.786289
2.820000
2.873641
2.951751
3.064388
3.221605
3.433457
3.710000
4.054850
4.445866
4.854469
5.252078
5.610115
5.900000
6.100247
6.217748
6.266488
6.260453
6.213629
6.140000
6.051615
5.952772
5.845829
5.733147
5.617084
5.500000
5.383476
5.265979
5.145195
5.018812
4.884518
4.740000
4.584433
4.422942
4.262140
4.108641
3.969056
3.850000
3.758515
3.703364
3.693743
3.738846
3.847867
4.030000
4.289055
4.607304
4.961636
5.328937
5.686096
6.010000
6.282024
6.501492
6.672213
6.797998
6.882657
6.930000
6.946320
6.947839
6.953262
6.981293
7.050638
7.180000
7.383159
7.654189
7.982239
8.356459
8.765996
9.200000
9.646045
10.085405
10.497780
10.862871
11.160378
11.370000
11.479885
11.511970
11.496640
11.464278
11.445270
11.470000
11.555341
11.664122
11.745660
11.749274
11.624282
11.320000
10.803844
10.115617
9.313219
8.454550
7.597510
6.800000
6.109329
5.530447
5.057713
4.685488
4.408130
4.220000
4.114026
4.077411
4.095928
4.155350
4.241450
4.340000
4.440865
4.550281
4.678575
4.836074
5.033107
5.280000
5.581495
5.919984
6.272273
6.615168
6.925475
7.180000
7.361674
7.477932
7.542334
7.568439
7.569808
7.560000
7.548799
7.530881
7.497143
7.438484
7.345804
7.210000
7.024518
6.792990
6.521596
6.216513
5.883922
5.530000
5.163360
4.802343
4.467725
4.180278
3.960779
3.830000
3.800144
3.849118
3.946256
4.060892
4.162362
4.220000
4.213334
4.162668
4.098503
4.051337
4.051670
4.130000
4.305457
4.551692
4.830983
5.105612
5.337857
5.490000
5.540022
5.528713
5.512565
5.548069
5.691717
6.000000
6.505797
7.147530
7.840008
8.498039
9.036434
9.370000
9.439105
9.286353
8.979904
8.587922
8.178566
7.820000
7.562134
7.381874
7.237875
7.088793
6.893283
6.610000
6.213101
5.738746
5.238596
4.764315
4.367562
4.100000
4.000324
4.055366
4.238989
4.525060
4.887442
5.300000
5.740694
6.203865
6.687946
7.191372
7.712579
8.250000
8.799259
9.344730
9.867977
10.350562
10.774049
11.120000
11.374770
11.543880
11.637645
11.666378
11.640392
11.570000
11.456569
11.265674
10.953942
10.478000
9.794477
8.860000
7.658862
6.286017
4.864088
3.515695
2.363459
1.530000
1.100716
1.012109
1.163456
1.454035
1.783123
2.050000
2.182672
2.224066
2.245839
2.319648
2.517149
2.910000
3.545263
4.371628
5.313188
6.294040
7.238279
8.070000
8.731137
9.234980
9.612658
9.895301
10.114039
10.300000
10.476440
10.635121
10.759930
10.834754
10.843482
10.770000
10.606204
10.376018
10.111373
9.844200
9.606432
9.430000
9.335966
9.301920
9.294580
9.280667
9.226900
9.100000
8.876551
8.572600
8.214057
7.826836
7.436846
7.070000
6.747367
6.470645
6.236691
6.042361
5.884512
5.760000
5.666991
5.608895
5.590429
5.616312
5.691263
5.820000
6.002214
6.217480
6.440344
6.645355
6.807058
6.900000
6.906005
6.836001
6.708194
6.540788
6.351988
6.160000
5.980479
5.818885
5.678130
5.561123
5.470776
5.410000
5.379764
5.373272
5.381787
5.396571
5.408888
5.410000
5.395512
5.378398
5.375973
5.405555
5.484458
5.630000
5.848235
6.100175
6.335570
6.504172
6.555732
6.440000
6.127151
5.669052
5.137996
4.606274
4.146178
3.830000
3.706959
3.733987
3.844945
3.973693
4.054091
4.020000
3.826681
3.515000
3.147224
2.785620
2.492457
2.330000
2.346179
2.531570
2.862410
3.314936
3.865387
4.490000
5.164066
5.859092
6.545638
7.194264
7.775532
8.260000
8.626353
8.885767
9.057539
9.160970
9.215357
9.240000
9.251355
9.254508
9.251705
9.245190
9.237207
9.230000
9.227348
9.239163
9.276890
9.351975
9.475863
9.660000
9.908327
10.194765
10.485734
10.747651
10.946934
11.050000
11.034994
10.926961
10.762673
10.578902
10.412421
10.300000
10.266329
10.287763
10.328574
10.353036
10.325420
10.210000
9.983951
9.676063
9.328030
8.981546
8.678305
8.460000
8.355785
8.344653
8.393055
8.467446
8.534277
8.560000
8.519298
8.419771
8.277248
8.107559
7.926533
7.750000
7.593180
7.468856
7.389202
7.366392
7.412600
7.540000
7.752427
8.020362
8.305946
8.571319
8.778623
8.890000
8.879147
8.765992
8.582016
8.358703
8.127537
7.920000
7.760798
7.647523
7.570990
7.522016
7.491414
7.470000
7.445625
7.394288
7.289023
7.102863
6.808844
6.380000
5.806562
5.147547
4.479169
3.877643
3.419182
3.180000
3.206785
3.428117
3.743051
4.050640
4.249938
4.240000
3.955882
3.476651
2.917378
2.393132
2.018982
1.910000
2.138345
2.604537
3.166187
3.680908
4.006308
4.000000
3.572499
2.845943
1.995372
1.195830
0.622359
0.450000
0.793001
1.522434
2.448574
3.381697
4.132080
4.510000
4.385588
3.868396
3.127833
2.333307
1.654227
1.260000
1.269324
1.598057
2.111344
2.674333
3.152169
3.410000
3.351374
3.033451
2.551791
2.001955
1.479504
1.080000
0.877493
0.859992
0.993994
1.245997
1.582500
1.970000
2.381755
2.818064
3.285985
3.792576
4.344895
4.950000
5.610207
6.308862
7.024566
7.735922
8.421533
9.060000
9.632183
10.127969
10.539500
10.858921
11.078373
11.190000
11.193096
11.115558
10.992432
10.858766
10.749606
10.700000
10.729830
10.798318
10.849521
10.827498
10.676305
10.340000
9.788048
9.091542
8.346983
7.650873
7.099711
6.790000
6.790479
7.058848
7.525045
8.119011
8.770683
9.410000
9.980638
10.481215
10.924085
11.321603
11.686123
12.030000
12.357525
12.640737
12.843614
12.930133
12.864269
12.610000
12.151207
11.551391
10.893957
10.262311
9.739856
9.410000
9.329729
9.450364
9.696806
9.993958
10.266722
10.440000
10.456912
10.333449
10.103818
9.802227
9.462885
9.120000
8.800817
8.504731
8.224174
7.951578
7.679376
7.400000
7.112274
6.840592
6.615738
6.468498
6.429657
6.530000
6.789531
7.185125
7.682876
8.248876
8.849220
9.450000
10.023074
10.563353
11.071510
11.548221
11.994159
12.410000
12.790441
13.106280
13.322334
13.403426
13.314374
13.020000
12.503355
11.820418
11.045403
10.252520
9.515982
8.910000
8.492251
8.254270
8.171055
8.217605
8.368921
8.600000
8.888382
9.221762
9.590378
9.984466
10.394261
10.810000
11.218899
11.596089
11.913683
12.143792
12.258527
12.230000
12.036996
11.684992
11.186140
10.552590
9.796493
8.930000
7.973025
6.976535
5.999258
5.099923
4.337261
3.770000
3.436366
3.292573
3.274329
3.317346
3.357333
3.330000
3.189381
2.962804
2.695925
2.434395
2.223869
2.110000
2.123056
2.231765
2.389471
2.549517
2.665246
2.690000
2.596590
2.435689
2.277439
2.191981
2.249454
2.520000
3.042715
3.732514
4.473271
5.148856
5.643142
5.840000
5.666024
5.218697
4.638226
4.064816
3.638672
3.500000
3.744069
4.286400
4.997575
5.748177
6.408791
6.850000
6.982190
6.874963
6.637726
6.379882
6.210838
6.240000
6.544022
7.068561
7.726523
8.430812
9.094336
9.630000
9.972183
10.141161
10.178683
10.126498
10.026354
9.920000
9.842105
9.799015
9.789994
9.814308
9.871222
9.960000
10.076618
10.203890
10.321340
10.408492
10.444871
10.410000
10.292673
10.118759
9.923396
9.741723
9.608878
9.560000
9.615006
9.732928
9.857577
9.932765
9.902302
9.710000
9.320637
8.782863
8.166296
7.540551
6.975247
6.540000
6.289112
6.215618
6.297240
6.511698
6.836711
7.250000
7.727731
8.239848
8.754743
9.240806
9.666428
10.000000
10.220151
10.346471
10.408788
10.436929
10.460724
10.510000
10.606618
10.740564
10.893857
11.048515
11.186556
11.290000
11.346526
11.366459
11.365786
11.360494
11.366570
11.400000
11.468113
11.543601
11.590499
11.572842
11.454664
11.200000
10.785931
10.241731
9.609718
8.932212
8.251533
7.610000
7.041449
6.545772
6.114381
5.738682
5.410085
5.120000
4.857811
4.604809
4.340260
4.043431
3.693589
3.270000
2.768418
2.250547
1.794579
1.478704
1.381114
1.580000
2.125970
2.959298
3.992675
5.138790
6.310335
7.420000
8.397192
9.238186
9.955972
10.563542
11.073888
11.500000
11.854892
12.151663
12.403437
12.623337
12.824483
13.020000
13.217871
13.405532
13.565278
13.679407
13.730216
13.700000
13.578947
13.388801
13.159199
12.919775
12.700163
12.530000
12.432591
12.405929
12.441675
12.531494
12.667048
12.840000
13.038605
13.237483
13.407849
13.520915
13.547894
13.460000
13.239194
12.910435
12.509428
12.071883
11.633504
11.230000
10.892073
10.630408
10.450688
10.358592
10.359802
10.460000
10.653996
10.893117
11.117821
11.268565
11.285806
11.110000
10.704953
10.127864
9.459277
8.779740
8.169799
7.710000
7.458089
7.380613
7.421320
7.523955
7.632266
7.690000
7.653339
7.528202
7.332945
7.085922
6.805489
6.510000
6.218140
5.949913
5.725652
5.565690
5.490362
5.520000
5.659471
5.851776
6.024448
6.105020
6.021026
5.700000
5.101937
4.316686
3.466556
2.673859
2.060903
1.750000
1.823983
2.207776
2.786826
3.446582
4.072491
4.550000
4.799030
4.877397
4.877388
4.891294
5.011401
5.330000
5.910128
6.697822
7.609870
8.563058
9.474172
10.260000
10.862865
11.327239
11.723131
12.120549
12.589503
13.200000
13.997671
14.930628
15.922606
16.897338
17.778558
18.490000
18.974692
19.252840
19.363945
19.347506
19.243024
19.090000
18.916199
18.702455
18.417864
18.031526
17.512538
16.830000
15.969723
14.984378
13.943349
12.916020
11.971775
11.180000
10.586112
10.139663
9.766241
9.391432
8.940823
8.340000
7.543052
6.618080
5.661686
4.770473
4.041043
3.570000
3.425799
3.564312
3.913264
4.400379
4.953383
5.500000
5.984584
6.418004
6.827758
7.241344
7.686258
8.190000
8.769800
9.401819
10.051954
10.686099
11.270149
11.770000
12.159459
12.443979
12.636927
12.751669
12.801572
12.800000
12.758014
12.677451
12.557838
12.398705
12.199583
11.960000
11.679178
11.355108
10.985472
10.567954
10.100235
9.580000
9.007264
8.391377
7.744023
7.076887
6.401651
5.730000
5.081165
4.504569
4.057184
3.795980
3.777928
4.060000
4.672196
5.536641
6.548490
7.602896
8.595015
9.420000
10.002040
10.381457
10.627606
10.809843
10.997522
11.260000
11.645337
12.116419
12.614835
13.082177
13.460035
13.690000
13.730592
13.608053
13.365553
13.046263
12.693355
12.350000
12.050257
11.791741
11.562955
11.352400
11.148581
10.940000
10.716990
10.477205
10.220129
9.945247
9.652042
9.340000
9.004515
8.624625
8.175279
7.631427
6.968018
6.160000
5.204674
4.188741
3.221255
2.411267
1.867832
1.700000
1.981929
2.648188
3.598451
4.732392
5.949684
7.150000
8.249278
9.228507
10.084940
10.815831
11.418433
11.890000
12.231053
12.455193
12.579289
12.620209
12.594823
12.520000
12.413222
12.294424
12.184154
12.102962
12.071394
12.110000
12.230087
12.406000
12.602844
12.785722
12.919739
12.970000
12.913050
12.771205
12.578221
12.367854
12.173862
12.030000
11.959934
11.946957
11.964273
11.985084
11.982592
11.930000
11.808280
11.629485
11.413437
11.179959
10.948872
10.740000
10.569399
10.438065
10.343227
10.282117
10.251965
10.250000
10.271346
10.302701
10.328653
10.333794
10.302713
10.220000
10.078642
9.905207
9.734661
9.601967
9.542092
9.590000
9.765707
10.029434
10.326455
10.602041
10.801465
10.870000
10.772697
10.553722
10.277020
10.006536
9.806214
9.740000
9.849663
10.088271
10.386716
10.675891
10.886688
10.950000
10.818883
10.535047
10.162367
9.764717
9.405970
9.150000
9.040083
9.037095
9.081315
9.113020
9.072489
8.900000
8.558518
8.101758
7.606123
7.148017
6.803841
6.650000
6.737282
7.014022
7.402943
7.826765
8.208210
8.470000
8.557493
8.506597
8.375855
8.223813
8.109013
8.090000
8.207838
8.433664
8.721136
9.023911
9.295647
9.490000
9.575277
9.578378
9.540852
9.504248
9.510114
9.600000
9.801610
10.087269
10.415457
10.744655
11.033342
11.240000
11.336802
11.350695
11.322320
11.292319
11.301332
11.390000
11.584748
11.855137
12.156511
12.444217
12.673598
12.800000
12.792494
12.675055
12.485384
12.261184
12.040156
11.860000
11.747499
11.685756
11.646951
11.603269
11.526891
11.390000
11.170102
10.865997
10.481811
10.021666
9.489688
8.890000
8.231353
7.540996
6.850807
6.192660
5.598432
5.100000
4.724673
4.481500
4.374963
4.409546
4.589731
4.920000
5.396205
5.979671
6.623090
7.279156
7.900562
8.440000
8.861941
9.177964
9.411426
9.585681
9.724087
9.850000
9.980336
10.106250
10.212458
10.283675
10.304617
10.260000
10.144587
9.993333
9.851244
9.763323
9.774573
9.930000
10.252568
10.677084
11.116317
11.483035
11.690006
11.650000
11.306022
10.722036
9.992239
9.210835
8.472021
7.870000
7.470009
7.221441
7.044725
6.860293
6.588575
6.150000
5.492228
4.671831
3.772609
2.878363
2.072893
1.440000
1.041310
0.849754
0.816089
0.891070
1.025455
1.170000
1.292438
1.428410
1.630535
1.951430
2.443712
3.160000
4.123289
5.238085
6.379271
7.421730
8.240345
8.710000
8.742600
8.398138
7.773631
6.966095
6.072546
5.190000
4.406127
3.771214
3.326204
3.112037
3.169655
3.540000
4.234837
5.149227
6.149054
7.100203
7.868556
8.320000
8.367441
8.111877
7.701329
7.283820
7.007370
7.020000
7.416696
8.080303
8.840628
9.527481
9.970668
10.000000
9.504894
8.613207
7.512407
6.389961
5.433337
4.830000
4.717802
5.036127
5.674742
6.523414
7.471911
8.410000
9.243990
9.946358
10.506124
10.912307
11.153926
11.220000
11.111100
10.873996
10.567012
10.248470
9.976692
9.810000
9.789019
9.883582
10.045826
10.227887
10.381899
10.460000
10.425464
10.286119
10.060932
9.768872
9.428906
9.060000
8.681164
8.311573
7.970444
7.676994
7.450441
7.310000
7.265297
7.287590
7.338541
7.379817
7.373082
7.280000
7.087137
6.880661
6.771641
6.871145
7.290241
8.140000
9.476710
11.137544
12.904896
14.561160
15.888730
16.670000
16.755515
16.268424
15.400026
14.341623
13.284514
12.420000
11.890444
11.642466
11.573749
11.581977
11.564833
11.420000
11.072385
10.555787
9.931227
9.259728
8.602312
8.020000
7.558812
7.204757
6.928842
6.702073
6.495457
6.280000
6.040098
5.813702
5.652154
5.606793
5.728962
6.070000
6.659454
7.439694
8.331293
9.254827
10.130871
10.880000
11.442549
11.837894
12.105175
12.283527
12.412090
12.530000
12.671740
12.853174
13.085509
13.379953
13.747714
14.200000
14.737295
15.317187
15.886540
16.392217
16.781083
17.000000
17.013523
16.856965
16.583331
16.245623
15.896844
15.590000
15.359585
15.166062
14.951387
14.657515
14.226401
13.600000
12.740175
11.688417
10.506122
9.254690
7.995516
6.790000
5.702677
4.810641
4.194124
3.933356
4.108571
4.800000
6.040180
7.670869
9.486132
11.280033
12.846634
13.980000
14.527668
14.551066
14.165096
13.484661
12.624662
11.700000
10.812575
10.012274
9.335982
8.820583
8.502960
8.420000
8.590041
8.957244
9.447225
9.985601
10.497987
10.910000
11.164715
11.275046
11.271367
11.184051
11.043470
10.880000
10.720636
10.578867
10.464807
10.388567
10.360261
10.390000
10.480427
10.604299
10.726905
10.813532
10.829468
10.740000
10.523769
10.212826
9.852573
9.488416
9.165757
8.930000
8.818248
8.834399
8.974052
9.232804
9.606254
10.090000
10.672407
11.312912
11.963719
12.577034
13.105059
13.500000
13.731384
13.838027
13.876071
13.901654
13.970917
14.140000
14.444466
14.837572
15.251998
15.620425
15.875532
15.950000
15.798299
15.462055
15.004687
14.489610
13.980242
13.540000
13.208126
12.927169
12.615504
12.191504
11.573545
10.680000
9.470909
8.072971
6.654548
5.384003
4.429699
3.960000
4.087634
4.702798
5.640054
6.733965
7.819093
8.730000
9.339757
9.675466
9.802735
9.787175
9.694393
9.590000
9.527735
9.513857
9.542755
9.608819
9.706437
9.830000
9.980368
10.184293
10.474995
10.885699
11.449627
12.200000
13.144773
14.190825
15.219764
16.113199
16.752742
17.020000
16.830076
16.232039
15.308451
14.141874
12.814869
11.410000
10.001822
8.632873
7.337684
6.150788
5.106716
4.240000
3.578052
3.119802
2.857062
2.781641
2.885350
3.160000
3.592313
4.148658
4.790318
5.478574
6.174707
6.840000
7.443670
7.986677
8.477917
8.926287
9.340682
9.730000
10.099953
10.443525
10.750515
11.010724
11.213952
11.350000
11.416193
11.439965
11.456273
11.500076
11.606332
11.810000
12.133791
12.551430
13.024393
13.514158
13.982201
14.390000
14.711372
14.969499
15.199904
15.438107
15.719632
16.080000
16.540673
17.066868
17.609742
18.120451
18.550152
18.850000
18.985797
18.981916
18.877378
18.711200
18.522401
18.350000
18.222483
18.126208
18.036997
17.930676
17.783069
17.570000
17.275705
16.918068
16.523384
16.117947
15.728054
15.380000
15.091918
14.849299
14.629469
14.409757
14.167491
13.880000
13.532085
13.138442
12.721242
12.302655
11.904851
11.550000
11.252567
10.996194
10.756814
10.510366
10.232782
9.900000
9.498341
9.055673
8.610250
8.200328
7.864159
7.640000
7.549625
7.548893
7.577184
7.573879
7.478358
7.230000
6.792975
6.230608
5.631013
5.082304
4.672595
4.490000
4.595420
4.940898
5.451265
6.051350
6.665985
7.220000
7.652986
7.963579
8.165179
8.271184
8.294991
8.250000
8.148240
7.996267
7.799269
7.562433
7.290948
6.990000
6.662342
6.300982
5.896495
5.439453
4.920430
4.330000
3.680865
3.074249
2.633502
2.481977
2.743025
3.540000
4.939104
6.777949
8.836998
10.896714
12.737560
14.140000
14.942394
15.214695
15.084755
14.680426
14.129557
13.560000
13.076043
12.687714
12.381480
12.143806
11.961157
11.820000
11.707649
11.614819
11.533075
11.453980
11.369101
11.270000
11.148408
10.996713
10.807471
10.573235
10.286560
9.940000
9.530386
9.071660
8.582040
8.079745
7.582992
7.110000
6.676806
6.290719
5.956867
5.680378
5.466380
5.320000
5.251927
5.295093
5.487991
5.869113
6.476952
7.350000
8.500254
9.833722
11.229919
12.568355
13.728545
14.590000
15.066641
15.210017
15.106085
14.840800
14.500120
14.170000
13.919154
13.747320
13.636993
13.570667
13.530838
13.500000
13.462438
13.409592
13.334695
13.230976
13.091668
12.910000
12.685494
12.442830
12.212979
12.026910
11.915594
11.910000
12.030725
12.256864
12.557140
12.900273
13.254986
13.590000
13.873598
14.072306
14.152213
14.079405
13.819972
13.340000
12.627338
11.756875
10.825260
9.929143
9.165173
8.630000
8.391495
8.402416
8.586746
8.868466
9.171557
9.420000
9.554462
9.582349
9.527754
9.414770
9.267488
9.110000
8.964131
8.842632
8.755986
8.714677
8.729187
8.810000
8.961283
9.161938
9.384552
9.601709
9.785997
9.910000
9.955366
9.939985
9.890807
9.834783
9.798864
9.810000
9.885539
10.004418
10.135970
10.249529
10.314428
10.300000
10.189606
10.022712
9.852812
9.733398
9.717963
9.860000
10.190573
10.651028
11.160282
11.637251
12.000851
12.170000
12.087314
11.790211
11.339810
10.797229
10.223586
9.680000
9.209337
8.781459
8.347977
7.860499
7.270637
6.530000
5.616448
4.612840
3.628283
2.771886
2.152755
1.880000
2.029638
2.545328
3.337640
4.317143
5.394407
6.480000
7.493472
8.390291
9.134905
9.691763
10.025312
10.100000
9.906011
9.536471
9.110239
8.746176
8.563143
8.680000
9.169798
9.922345
10.781640
11.591682
12.196469
12.440000
12.211881
11.584149
10.674450
9.600428
8.479730
7.430000
6.551198
5.872541
5.405561
5.161789
5.152758
5.390000
5.868745
6.519022
7.254558
7.989081
8.636320
9.110000
9.349378
9.395816
9.316207
9.177440
9.046408
8.990000
9.059948
9.247343
9.528114
9.878194
10.273512
10.690000
11.106803
11.515925
11.912586
12.292006
12.649404
12.980000
13.278583
13.538218
13.751542
13.911190
14.009797
14.040000
13.998821
13.900833
13.764996
13.610271
13.455619
13.320000
13.215347
13.125489
13.027224
12.897354
12.712679
12.450000
12.086040
11.597213
10.959858
10.150312
9.144914
7.920000
6.487670
5.003067
3.657094
2.640656
2.144657
2.360000
3.394113
5.020519
6.929265
8.810396
10.353959
11.250000
11.294256
10.705226
9.807097
8.924057
8.380296
8.500000
9.501176
11.177095
13.214848
15.301523
17.124211
18.370000
18.811828
18.566024
17.834763
16.820221
15.724575
14.750000
14.047160
13.560662
13.183602
12.809075
12.330176
11.640000
10.676385
9.556143
8.440829
7.491997
6.871203
6.740000
7.195957
8.080690
9.171831
10.247010
11.083856
11.460000
11.217797
10.458503
9.348096
8.052557
6.737865
5.570000
4.680863
4.066040
3.687035
3.505357
3.482509
3.580000
3.759675
3.984746
4.218762
4.425276
4.567838
4.610000
4.524232
4.318681
4.010415
3.616502
3.154007
2.640000
2.097797
1.575716
1.128327
0.810199
0.675900
0.780000
1.158008
1.769196
2.553776
3.451962
4.403966
5.350000
6.239015
7.054909
7.790319
8.437879
8.990228
9.440000
9.776859
9.978576
10.019950
9.875779
9.520863
8.930000
8.100633
7.120788
6.101132
5.152336
4.385069
3.910000
3.808525
4.044941
4.554272
5.271543
6.131778
7.070000
8.028463
8.978339
9.898029
10.765935
11.560458
12.260000
12.845818
13.310594
13.649863
13.859162
13.934029
13.870000
13.669005
13.358546
12.972520
12.544823
12.109351
11.700000
11.345292
11.052259
10.822556
10.657840
10.559769
10.530000
10.565196
10.642049
10.732258
10.807520
10.839535
10.800000
10.669108
10.461026
10.198414
9.903932
9.600241
9.310000
9.047166
8.790882
8.511585
8.179714
7.765706
7.240000
6.589309
5.865445
5.136496
4.470547
3.935686
3.600000
3.514717
3.663633
4.013683
4.531803
5.184930
5.940000
6.760525
7.596319
8.393774
9.099279
9.659224
10.020000
10.148368
10.092571
9.921222
9.702935
9.506323
9.400000
9.431651
9.565250
9.743839
9.910465
10.008170
9.980000
9.787943
9.469763
9.082170
8.681873
8.325580
8.070000
7.956901
7.968289
8.071229
8.232784
8.420019
8.600000
8.745053
8.848560
8.909165
8.925510
8.896241
8.820000
8.701079
8.566358
8.448363
8.379620
8.392657
8.520000
8.774981
9.094156
9.394884
9.594527
9.610446
9.360000
8.792838
7.987760
7.055850
6.108196
5.255884
4.610000
4.251026
4.137027
4.195464
4.353798
4.539490
4.680000
4.720465
4.676725
4.582293
4.470685
4.375416
4.330000
4.359660
4.456445
4.604114
4.786424
4.987134
5.190000
5.379462
5.542681
5.667501
5.741765
5.753317
5.690000
5.543929
5.324313
5.044632
4.718366
4.358995
3.980000
3.598895
3.249325
2.968971
2.795513
2.766629
2.920000
3.287205
3.875424
4.685734
5.719214
6.976943
8.460000
10.141543
11.883055
13.518094
14.880224
15.803006
16.120000
15.725926
14.760136
13.423139
11.915444
10.437561
9.190000
8.322622
7.782698
7.466850
7.271703
7.093879
6.830000
6.409466
5.892777
5.373210
4.944040
4.698545
4.730000
5.096598
5.716194
6.471560
7.245469
7.920692
8.380000
8.539467
8.448373
8.189298
7.844824
7.497531
7.230000
7.098866
7.056980
7.031246
6.948568
6.735851
6.320000
5.660346
4.845929
3.998218
3.238681
2.688786
2.470000
2.669520
3.237452
4.089631
5.141892
6.310070
7.510000
8.668150
9.753523
10.745758
11.624490
12.369359
12.960000
13.387974
13.692530
13.924839
14.136072
14.377402
14.700000
15.133149
15.618581
16.076138
16.425665
16.587004
16.480000
16.054199
15.377963
14.549359
13.666453
12.827311
12.130000
11.649593
11.369197
11.248925
11.248892
11.329213
11.450000
11.580901
11.729694
11.913690
12.150199
12.456532
12.850000
13.335830
13.870915
14.400064
14.868089
15.219797
15.400000
15.370872
15.164054
14.828552
14.413372
13.967519
13.540000
13.169847
12.856201
12.588227
12.355091
12.145960
11.950000
11.757654
11.564475
11.367291
11.162931
10.948224
10.720000
10.475554
10.214047
9.935110
9.638370
9.323458
8.990000
8.642492
8.304891
8.006019
7.774698
7.639751
7.630000
7.759709
7.984906
8.247064
8.487651
8.648140
8.670000
8.515849
8.232891
7.889476
7.553956
7.294680
7.180000
7.256757
7.485753
7.806282
8.157637
8.479112
8.710000
8.807263
8.798542
8.729146
8.644384
8.589565
8.610000
8.737385
8.948967
9.208384
9.479272
9.725265
9.910000
10.008337
10.040033
10.036066
10.027419
10.045070
10.120000
10.272507
10.480161
10.709850
10.928461
11.102881
11.200000
11.201264
11.146360
11.089535
11.085035
11.187108
11.450000
11.902946
12.475140
13.070761
13.593990
13.949010
14.040000
13.803617
13.306415
12.647423
11.925670
11.240186
10.690000
10.346892
10.173647
10.105799
10.078885
10.028440
9.890000
9.615389
9.221592
8.741881
8.209530
7.657812
7.120000
6.622893
6.167393
5.747927
5.358921
4.994803
4.650000
4.322991
4.028464
3.785161
3.611822
3.527188
3.550000
3.686487
3.892825
4.112681
4.289718
4.367603
4.290000
4.022822
3.620976
3.161617
2.721898
2.378974
2.210000
2.275696
2.571047
3.074603
3.764913
4.620529
5.620000
6.741892
7.964835
9.267472
10.628449
12.026410
13.440000
14.841226
16.175540
17.381759
18.398699
19.165174
19.620000
19.716446
19.465597
18.892990
18.024163
16.884654
15.500000
13.914979
12.251330
10.650029
9.252056
8.198387
7.630000
7.638266
8.116120
8.906892
9.853911
10.800504
11.590000
12.104134
12.378263
12.486151
12.501561
12.498256
12.550000
12.710152
12.950456
13.222253
13.476882
13.665684
13.740000
13.663129
13.446209
13.112339
12.684615
12.186136
11.640000
11.063490
10.450633
9.789643
9.068732
8.276113
7.400000
6.452773
5.543480
4.805340
4.371569
4.375383
4.950000
6.170327
7.878038
9.856497
11.889067
13.759114
15.250000
16.201844
16.681774
16.813672
16.721421
16.528903
16.360000
16.310446
16.363386
16.473815
16.596729
16.687126
16.700000
16.605260
16.432461
16.226070
16.030551
15.890372
15.850000
15.937123
16.112324
16.319407
16.502178
16.604440
16.570000
16.362728
16.026761
15.626301
15.225553
14.888718
14.680000
14.643215
14.740634
14.914138
15.105612
15.256938
15.310000
15.221078
15.004038
14.687146
14.298667
13.866863
13.420000
12.980530
12.547658
12.114776
11.675278
11.222555
10.750000
10.251015
9.719033
9.147499
8.529853
7.859539
7.130000
6.342123
5.526579
4.721479
3.964940
3.295076
2.750000
2.362019
2.140208
2.087834
2.208163
2.504463
2.980000
3.625309
4.379997
5.170936
5.925000
6.569064
7.030000
7.254984
7.272398
7.130924
6.879244
6.566042
6.240000
5.944984
5.705596
5.541619
5.472838
5.519037
5.700000
6.030958
6.508922
7.126350
7.875701
8.749432
9.740000
10.828129
11.947605
13.020479
13.968802
14.714625
15.180000
15.317497
15.201767
14.937982
14.631312
14.386928
14.310000
14.472577
14.814214
15.241342
15.660395
15.977803
16.100000
15.963075
15.621748
15.160398
14.663405
14.215146
13.900000
13.780541
13.832128
14.008314
14.262652
14.548696
14.820000
15.040084
15.212332
15.350096
15.466728
15.575579
15.690000
15.823985
15.994100
16.217551
16.511546
16.893293
17.380000
17.974299
18.620529
19.248451
19.787828
20.168423
20.320000
20.196733
19.850452
19.357397
18.793809
18.235929
17.760000
17.420341
17.183590
16.994463
16.797678
16.537951
16.160000
15.627412
14.979264
14.273501
13.568072
12.920922
12.390000
12.016676
11.776022
11.626532
11.526702
11.435026
11.310000
11.123289
10.899240
10.675370
10.489195
10.378233
10.380000
10.516093
10.744425
11.006989
11.245778
11.402784
11.420000
11.256227
10.937503
10.506673
10.006582
9.480076
8.970000
